video_name,frame_idx,track_A,track_B,distance,dir_A,dir_B,traj_dir_A,traj_dir_B,dx_A,dy_A,dx_B,dy_B,pair,dframes,approach_speed,ttc,relative_angle,trajectory_angle_diff,v_rel
lpJL9-mBNmk_00,0,2,1,255.0044117265425,0.0,0.0,0.0,0.0,,,,,1_2,,0.0,9999.0,0.0,0.0,0.0
lpJL9-mBNmk_00,1,2,1,255.0044117265425,0.0,0.0,0.0,0.0,0.0,0.0,0.0,0.0,1_2,1.0,-0.0,9999.0,0.0,0.0,0.0
lpJL9-mBNmk_00,2,2,1,255.0044117265425,0.0,0.0,0.0,0.0,0.0,0.0,0.0,0.0,1_2,1.0,-0.0,9999.0,0.0,0.0,0.0
lpJL9-mBNmk_00,3,2,1,255.0044117265425,0.0,0.0,0.0,0.0,0.0,0.0,0.0,0.0,1_2,1.0,-0.0,9999.0,0.0,0.0,0.0
lpJL9-mBNmk_00,4,2,1,255.0044117265425,0.0,0.0,0.0,0.0,0.0,0.0,0.0,0.0,1_2,1.0,-0.0,9999.0,0.0,0.0,0.0
lpJL9-mBNmk_00,5,2,1,255.0044117265425,0.0,0.0,0.0,0.0,0.0,0.0,0.0,0.0,1_2,1.0,-0.0,9999.0,0.0,0.0,0.0
lpJL9-mBNmk_00,6,2,1,255.0044117265425,0.0,0.0,0.0,0.0,0.0,0.0,0.0,0.0,1_2,1.0,-0.0,9999.0,0.0,0.0,0.0
lpJL9-mBNmk_00,7,2,1,255.0044117265425,0.0,0.0,0.0,0.0,0.0,0.0,0.0,0.0,1_2,1.0,-0.0,9999.0,0.0,0.0,0.0
lpJL9-mBNmk_00,8,2,1,255.0044117265425,0.0,0.0,0.0,0.0,0.0,0.0,0.0,0.0,1_2,1.0,-0.0,9999.0,0.0,0.0,0.0
lpJL9-mBNmk_00,9,2,1,255.0044117265425,0.0,0.0,0.0,0.0,0.0,0.0,0.0,0.0,1_2,1.0,-0.0,9999.0,0.0,0.0,0.0
lpJL9-mBNmk_00,10,2,1,255.0044117265425,0.0,0.0,0.0,0.0,0.0,0.0,0.0,0.0,1_2,1.0,-0.0,9999.0,0.0,0.0,0.0
lpJL9-mBNmk_00,11,2,1,255.2544074056313,3.141592653589793,0.0,3.141592653589793,0.0,-0.25,0.0,0.0,0.0,1_2,1.0,-0.24999567908881204,9999.0,180.0,180.0,0.25
lpJL9-mBNmk_00,12,2,1,255.0044117265425,0.0,0.0,0.0,0.0,0.25,0.0,0.0,0.0,1_2,1.0,0.24999567908881204,1020.0352768335291,0.0,0.0,0.25
lpJL9-mBNmk_00,13,2,1,255.50440309317568,3.141592653589793,0.0,3.141592653589793,0.0,-0.5,0.0,0.0,0.0,1_2,1.0,-0.4999913666331963,9999.0,180.0,180.0,0.5
lpJL9-mBNmk_00,32,2,1,255.25783533517634,0.0,0.0,3.141592653589793,1.5707963267948966,0.25,0.0,0.0,0.0,1_2,19.0,0.012977250421018102,19669.63933452019,0.0,90.0,0.013157894736842105
lpJL9-mBNmk_00,33,2,1,254.50785842484314,0.0,0.0,0.0,1.5707963267948966,0.75,0.0,0.0,0.0,1_2,1.0,0.7499769103332028,339.3542586688027,0.0,90.0,0.75
lpJL9-mBNmk_00,34,2,1,255.0044117265425,3.141592653589793,-1.5707963267948966,0.0,0.0,-0.5,0.0,0.0,-0.5,1_2,1.0,-0.4965533016993504,9999.0,90.00000000000001,0.0,0.7071067811865476
lpJL9-mBNmk_00,35,2,1,255.00784301664135,0.0,1.5707963267948966,0.0,1.5707963267948966,0.0,0.0,0.0,0.5,1_2,1.0,-0.003431290098859563,9999.0,90.0,90.0,0.5
lpJL9-mBNmk_00,36,2,1,255.00784301664135,0.0,0.0,0.0,1.5707963267948966,0.0,0.0,0.0,0.0,1_2,1.0,-0.0,9999.0,0.0,90.0,0.0
lpJL9-mBNmk_00,37,2,1,255.0019607767752,0.0,-1.5707963267948966,0.0,-1.5707963267948966,0.0,0.0,0.0,-1.0,1_2,1.0,0.005882239866139116,43351.16666096601,90.0,90.0,1.0
lpJL9-mBNmk_00,38,2,1,255.2544074056313,3.141592653589793,1.5707963267948966,3.141592653589793,0.0,-0.25,0.0,0.0,0.5,1_2,1.0,-0.2524466288560916,9999.0,90.0,180.0,0.5590169943749475
lpJL9-mBNmk_00,39,2,1,255.0044117265425,0.0,0.0,0.0,0.0,0.25,0.0,0.0,0.0,1_2,1.0,0.24999567908881204,1020.0352768335291,0.0,0.0,0.25
lpJL9-mBNmk_00,40,2,1,255.50195693966808,3.141592653589793,-1.5707963267948966,3.141592653589793,-1.5707963267948966,-0.5,0.0,0.0,-0.5,1_2,1.0,-0.49754521312559064,9999.0,90.00000000000001,90.00000000000001,0.7071067811865476
lpJL9-mBNmk_00,41,2,1,255.50195693966808,0.0,0.0,3.141592653589793,-1.5707963267948966,0.0,0.0,0.0,0.0,1_2,1.0,-0.0,9999.0,0.0,90.00000000000001,0.0
lpJL9-mBNmk_00,42,2,1,255.50440309317568,0.0,1.5707963267948966,3.141592653589793,0.0,0.0,0.0,0.0,0.5,1_2,1.0,-0.002446153507605686,9999.0,90.0,180.0,0.5
lpJL9-mBNmk_00,43,2,1,255.0019607767752,0.0,-1.5707963267948966,0.0,-1.5707963267948966,0.5,0.0,0.0,-0.5,1_2,1.0,0.5024423164004759,507.5248490286868,90.0,90.0,0.7071067811865476
lpJL9-mBNmk_00,44,2,1,255.0019607767752,0.0,0.0,0.0,-1.5707963267948966,0.0,0.0,0.0,0.0,1_2,1.0,-0.0,9999.0,0.0,90.0,0.0
lpJL9-mBNmk_00,45,2,1,255.50195693966808,3.141592653589793,0.0,3.141592653589793,-1.5707963267948966,-0.5,0.0,0.0,0.0,1_2,1.0,-0.4999961628928702,9999.0,180.0,90.00000000000001,0.5
lpJL9-mBNmk_00,46,2,1,255.0019607767752,0.0,0.0,0.0,-1.5707963267948966,0.5,0.0,0.0,0.0,1_2,1.0,0.4999961628928702,510.00783546295384,0.0,90.0,0.5
lpJL9-mBNmk_00,47,2,1,255.0019607767752,0.0,0.0,0.0,-1.5707963267948966,0.0,0.0,0.0,0.0,1_2,1.0,-0.0,9999.0,0.0,90.0,0.0
lpJL9-mBNmk_00,48,2,1,255.30195847270738,3.141592653589793,0.0,3.141592653589793,-1.5707963267948966,-0.30000000000001137,0.0,0.0,0.0,1_2,1.0,-0.29999769593217707,9999.0,180.0,90.00000000000001,0.30000000000001137
lpJL9-mBNmk_00,49,2,1,255.30195847270738,0.0,0.0,3.141592653589793,-1.5707963267948966,0.0,0.0,0.0,0.0,1_2,1.0,-0.0,9999.0,0.0,90.00000000000001,0.0
lpJL9-mBNmk_00,50,2,1,255.30195847270738,0.0,0.0,3.141592653589793,-1.5707963267948966,0.0,0.0,0.0,0.0,1_2,1.0,-0.0,9999.0,0.0,90.00000000000001,0.0
lpJL9-mBNmk_00,51,2,1,255.0019607767752,0.0,0.0,0.0,-1.5707963267948966,0.30000000000001137,0.0,0.0,0.0,1_2,1.0,0.29999769593217707,850.0130642150851,0.0,90.0,0.30000000000001137
lpJL9-mBNmk_00,52,2,1,255.0019607767752,0.0,0.0,0.0,-1.5707963267948966,0.0,0.0,0.0,0.0,1_2,1.0,-0.0,9999.0,0.0,90.0,0.0
lpJL9-mBNmk_00,53,2,1,255.0019607767752,0.0,0.0,3.141592653589793,-1.5707963267948966,0.0,0.0,0.0,0.0,1_2,1.0,-0.0,9999.0,0.0,90.00000000000001,0.0
lpJL9-mBNmk_00,54,2,1,255.0019607767752,0.0,0.0,0.0,-1.5707963267948966,0.0,0.0,0.0,0.0,1_2,1.0,-0.0,9999.0,0.0,90.0,0.0
lpJL9-mBNmk_00,55,2,1,255.0019607767752,0.0,0.0,0.0,-1.5707963267948966,0.0,0.0,0.0,0.0,1_2,1.0,-0.0,9999.0,0.0,90.0,0.0
lpJL9-mBNmk_00,56,2,1,255.0019607767752,0.0,0.0,0.0,-1.5707963267948966,0.0,0.0,0.0,0.0,1_2,1.0,-0.0,9999.0,0.0,90.0,0.0
lpJL9-mBNmk_00,57,2,1,255.0019607767752,0.0,0.0,0.0,0.0,0.0,0.0,0.0,0.0,1_2,1.0,-0.0,9999.0,0.0,0.0,0.0
lpJL9-mBNmk_00,58,2,1,255.0044117265425,0.0,1.5707963267948966,0.0,0.0,0.0,0.0,0.0,0.5,1_2,1.0,-0.0024509497672795533,9999.0,90.0,0.0,0.5
lpJL9-mBNmk_00,59,2,1,255.0019607767752,0.0,-1.5707963267948966,0.0,-1.5707963267948966,0.0,0.0,0.0,-0.5,1_2,1.0,0.0024509497672795533,104042.09999775565,90.0,90.0,0.5
lpJL9-mBNmk_00,60,2,1,254.80196231583463,0.0,0.0,0.0,0.0,0.19999999999998863,0.0,0.0,0.0,1_2,1.0,0.19999846094057716,1274.019615538644,0.0,0.0,0.19999999999998863
lpJL9-mBNmk_00,61,2,1,255.0019607767752,3.141592653589793,0.0,0.0,0.0,-0.19999999999998863,0.0,0.0,0.0,1_2,1.0,-0.19999846094057716,9999.0,180.0,0.0,0.19999999999998863
lpJL9-mBNmk_00,62,2,1,255.0019607767752,0.0,0.0,0.0,-1.5707963267948966,0.0,0.0,0.0,0.0,1_2,1.0,-0.0,9999.0,0.0,90.0,0.0
lpJL9-mBNmk_00,63,2,1,254.80196231583463,0.0,0.0,0.0,0.0,0.19999999999998863,0.0,0.0,0.0,1_2,1.0,0.19999846094057716,1274.019615538644,0.0,0.0,0.19999999999998863
lpJL9-mBNmk_00,64,2,1,254.80196231583463,0.0,0.0,0.0,0.0,0.0,0.0,0.0,0.0,1_2,1.0,-0.0,9999.0,0.0,0.0,0.0
lpJL9-mBNmk_00,65,2,1,254.80196231583463,0.0,0.0,0.0,0.0,0.0,0.0,0.0,0.0,1_2,1.0,-0.0,9999.0,0.0,0.0,0.0
lpJL9-mBNmk_00,66,2,1,254.80196231583463,0.0,0.0,0.0,0.0,0.0,0.0,0.0,0.0,1_2,1.0,-0.0,9999.0,0.0,0.0,0.0
lpJL9-mBNmk_00,67,2,1,255.0019607767752,3.141592653589793,0.0,0.0,0.0,-0.19999999999998863,0.0,0.0,0.0,1_2,1.0,-0.19999846094057716,9999.0,180.0,0.0,0.19999999999998863
lpJL9-mBNmk_00,68,2,1,255.0019607767752,0.0,0.0,0.0,0.0,0.0,0.0,0.0,0.0,1_2,1.0,-0.0,9999.0,0.0,0.0,0.0
lpJL9-mBNmk_00,69,2,1,255.0019607767752,0.0,0.0,0.0,0.0,0.0,0.0,0.0,0.0,1_2,1.0,-0.0,9999.0,0.0,0.0,0.0
lpJL9-mBNmk_00,70,2,1,255.0019607767752,0.0,0.0,0.0,0.0,0.0,0.0,0.0,0.0,1_2,1.0,-0.0,9999.0,0.0,0.0,0.0
lpJL9-mBNmk_00,71,2,1,255.0019607767752,0.0,0.0,0.0,0.0,0.0,0.0,0.0,0.0,1_2,1.0,-0.0,9999.0,0.0,0.0,0.0
lpJL9-mBNmk_00,72,2,1,255.0019607767752,0.0,0.0,0.0,0.0,0.0,0.0,0.0,0.0,1_2,1.0,-0.0,9999.0,0.0,0.0,0.0
lpJL9-mBNmk_00,73,2,1,255.0019607767752,0.0,0.0,0.0,0.0,0.0,0.0,0.0,0.0,1_2,1.0,-0.0,9999.0,0.0,0.0,0.0
lpJL9-mBNmk_00,74,2,1,255.0019607767752,0.0,0.0,0.0,0.0,0.0,0.0,0.0,0.0,1_2,1.0,-0.0,9999.0,0.0,0.0,0.0
lpJL9-mBNmk_00,75,2,1,255.0019607767752,0.0,0.0,0.0,0.0,0.0,0.0,0.0,0.0,1_2,1.0,-0.0,9999.0,0.0,0.0,0.0
lpJL9-mBNmk_00,76,2,1,255.0019607767752,0.0,0.0,0.0,0.0,0.0,0.0,0.0,0.0,1_2,1.0,-0.0,9999.0,0.0,0.0,0.0
lpJL9-mBNmk_00,77,2,1,255.0019607767752,0.0,0.0,0.0,0.0,0.0,0.0,0.0,0.0,1_2,1.0,-0.0,9999.0,0.0,0.0,0.0
lpJL9-mBNmk_00,78,2,1,255.0019607767752,0.0,0.0,0.0,-1.5707963267948966,0.0,0.0,0.0,0.0,1_2,1.0,-0.0,9999.0,0.0,90.0,0.0
lpJL9-mBNmk_00,79,2,1,255.0019607767752,0.0,0.0,0.0,0.0,0.0,0.0,0.0,0.0,1_2,1.0,-0.0,9999.0,0.0,0.0,0.0
lpJL9-mBNmk_00,80,2,1,255.0019607767752,0.0,0.0,3.141592653589793,0.0,0.0,0.0,0.0,0.0,1_2,1.0,-0.0,9999.0,0.0,180.0,0.0
lpJL9-mBNmk_00,81,2,1,255.0019607767752,0.0,0.0,0.0,0.0,0.0,0.0,0.0,0.0,1_2,1.0,-0.0,9999.0,0.0,0.0,0.0
lpJL9-mBNmk_00,82,2,1,255.0019607767752,0.0,0.0,0.0,0.0,0.0,0.0,0.0,0.0,1_2,1.0,-0.0,9999.0,0.0,0.0,0.0
lpJL9-mBNmk_00,83,2,1,255.0019607767752,0.0,0.0,3.141592653589793,0.0,0.0,0.0,0.0,0.0,1_2,1.0,-0.0,9999.0,0.0,180.0,0.0
lpJL9-mBNmk_00,84,2,1,255.0019607767752,0.0,0.0,3.141592653589793,0.0,0.0,0.0,0.0,0.0,1_2,1.0,-0.0,9999.0,0.0,180.0,0.0
lpJL9-mBNmk_00,85,2,1,255.0019607767752,0.0,0.0,3.141592653589793,0.0,0.0,0.0,0.0,0.0,1_2,1.0,-0.0,9999.0,0.0,180.0,0.0
lpJL9-mBNmk_00,86,2,1,255.0019607767752,0.0,0.0,3.141592653589793,0.0,0.0,0.0,0.0,0.0,1_2,1.0,-0.0,9999.0,0.0,180.0,0.0
lpJL9-mBNmk_00,87,2,1,255.0019607767752,0.0,0.0,0.0,0.0,0.0,0.0,0.0,0.0,1_2,1.0,-0.0,9999.0,0.0,0.0,0.0
lpJL9-mBNmk_00,88,2,1,255.0019607767752,0.0,0.0,0.0,0.0,0.0,0.0,0.0,0.0,1_2,1.0,-0.0,9999.0,0.0,0.0,0.0
lpJL9-mBNmk_00,89,2,1,255.0019607767752,0.0,0.0,0.0,0.0,0.0,0.0,0.0,0.0,1_2,1.0,-0.0,9999.0,0.0,0.0,0.0
lpJL9-mBNmk_00,90,2,1,255.25195885634258,3.141592653589793,0.0,3.141592653589793,0.0,-0.25,0.0,0.0,0.0,1_2,1.0,-0.2499980795673764,9999.0,180.0,180.0,0.25
lpJL9-mBNmk_00,91,2,1,255.25195885634258,0.0,0.0,3.141592653589793,0.0,0.0,0.0,0.0,0.0,1_2,1.0,-0.0,9999.0,0.0,180.0,0.0
lpJL9-mBNmk_00,92,2,1,255.25195885634258,0.0,0.0,3.141592653589793,0.0,0.0,0.0,0.0,0.0,1_2,1.0,-0.0,9999.0,0.0,180.0,0.0
lpJL9-mBNmk_00,93,2,1,255.25195885634258,0.0,0.0,3.141592653589793,0.0,0.0,0.0,0.0,0.0,1_2,1.0,-0.0,9999.0,0.0,180.0,0.0
lpJL9-mBNmk_00,94,2,1,255.25195885634258,0.0,0.0,3.141592653589793,0.0,0.0,0.0,0.0,0.0,1_2,1.0,-0.0,9999.0,0.0,180.0,0.0
lpJL9-mBNmk_00,95,2,1,255.25048971549495,1.5707963267948966,0.0,2.0344439357957027,0.0,0.0,0.5,0.0,0.0,1_2,1.0,0.0014691408476323886,173741.33332882746,90.0,116.56505117707799,0.5
lpJL9-mBNmk_00,96,2,1,255.25048971549495,0.0,0.0,2.0344439357957027,0.0,0.0,0.0,0.0,0.0,1_2,1.0,-0.0,9999.0,0.0,116.56505117707799,0.0
lpJL9-mBNmk_00,97,2,1,255.25048971549495,0.0,0.0,2.0344439357957027,0.0,0.0,0.0,0.0,0.0,1_2,1.0,-0.0,9999.0,0.0,116.56505117707799,0.0
lpJL9-mBNmk_00,98,2,1,255.5004892363222,3.141592653589793,0.0,2.356194490192345,0.0,-0.25,0.0,0.0,0.0,1_2,1.0,-0.2499995208272594,9999.0,180.0,135.0,0.25
lpJL9-mBNmk_00,99,2,1,255.25048971549495,0.0,0.0,2.0344439357957027,0.0,0.25,0.0,0.0,0.0,1_2,1.0,0.2499995208272594,1021.0039158109578,0.0,116.56505117707799,0.25
lpJL9-mBNmk_00,100,2,1,255.25048971549495,0.0,0.0,2.0344439357957027,0.0,0.0,0.0,0.0,0.0,1_2,1.0,-0.0,9999.0,0.0,116.56505117707799,0.0
lpJL9-mBNmk_00,101,2,1,255.25048971549495,0.0,0.0,2.0344439357957027,0.0,0.0,0.0,0.0,0.0,1_2,1.0,-0.0,9999.0,0.0,116.56505117707799,0.0
lpJL9-mBNmk_00,102,2,1,255.25048971549495,0.0,0.0,2.0344439357957027,0.0,0.0,0.0,0.0,0.0,1_2,1.0,-0.0,9999.0,0.0,116.56505117707799,0.0
lpJL9-mBNmk_00,103,2,1,255.25048971549495,0.0,0.0,2.0344439357957027,0.0,0.0,0.0,0.0,0.0,1_2,1.0,-0.0,9999.0,0.0,116.56505117707799,0.0
lpJL9-mBNmk_00,104,2,1,255.25048971549495,0.0,0.0,2.0344439357957027,0.0,0.0,0.0,0.0,0.0,1_2,1.0,-0.0,9999.0,0.0,116.56505117707799,0.0
lpJL9-mBNmk_00,105,2,1,254.75049067666188,0.0,3.141592653589793,2.0344439357957027,3.141592653589793,0.0,0.0,-0.5,0.0,1_2,1.0,0.4999990388330673,509.50196078619746,180.0,63.43494882292201,0.5
lpJL9-mBNmk_00,106,2,1,255.25195885634258,-1.5707963267948966,0.0,3.141592653589793,0.0,0.0,-0.5,0.5,0.0,1_2,1.0,-0.5014681796806997,9999.0,90.0,180.0,0.7071067811865476
lpJL9-mBNmk_00,107,2,1,254.75196270097703,0.0,3.141592653589793,3.141592653589793,3.141592653589793,0.0,0.0,-0.5,0.0,1_2,1.0,0.499996155365551,509.5078431447657,180.0,0.0,0.5
lpJL9-mBNmk_00,108,2,1,255.25195885634258,0.0,0.0,3.141592653589793,0.0,0.0,0.0,0.5,0.0,1_2,1.0,-0.499996155365551,9999.0,0.0,180.0,0.5
lpJL9-mBNmk_00,109,2,1,255.25195885634258,0.0,0.0,3.141592653589793,0.0,0.0,0.0,0.0,0.0,1_2,1.0,-0.0,9999.0,0.0,180.0,0.0
lpJL9-mBNmk_00,110,2,1,255.50195693966808,3.141592653589793,0.0,3.141592653589793,0.0,-0.25,0.0,0.0,0.0,1_2,1.0,-0.24999808332549378,9999.0,180.0,180.0,0.25
lpJL9-mBNmk_00,111,2,1,255.0019607767752,0.0,3.141592653589793,3.141592653589793,3.141592653589793,0.0,0.0,-0.5,0.0,1_2,1.0,0.4999961628928702,510.00783546295384,180.0,0.0,0.5
lpJL9-mBNmk_00,112,2,1,255.30195847270738,0.0,0.0,3.141592653589793,0.0,0.19999999999998863,0.0,0.5,0.0,1_2,1.0,-0.29999769593217707,9999.0,0.0,180.0,0.30000000000001137
lpJL9-mBNmk_00,113,2,1,255.30195847270738,0.0,0.0,3.141592653589793,0.0,0.0,0.0,0.0,0.0,1_2,1.0,-0.0,9999.0,0.0,180.0,0.0
lpJL9-mBNmk_00,114,2,1,255.30195847270738,0.0,0.0,3.141592653589793,0.0,0.0,0.0,0.0,0.0,1_2,1.0,-0.0,9999.0,0.0,180.0,0.0
lpJL9-mBNmk_00,115,2,1,255.30195847270738,0.0,0.0,-1.670464979286081,0.0,0.0,0.0,0.0,0.0,1_2,1.0,-0.0,9999.0,0.0,95.71059313750094,0.0
lpJL9-mBNmk_00,116,2,1,254.80196231583463,0.0,3.141592653589793,-1.670464979286081,3.141592653589793,0.0,0.0,-0.5,0.0,1_2,1.0,0.4999961568727542,509.60784160723074,180.0,84.2894068624991,0.5
lpJL9-mBNmk_00,117,2,1,254.80196231583463,0.0,0.0,-1.670464979286081,3.141592653589793,0.0,0.0,0.0,0.0,1_2,1.0,-0.0,9999.0,0.0,84.2894068624991,0.0
lpJL9-mBNmk_00,118,2,1,255.0019607767752,3.141592653589793,0.0,-1.5707963267948966,3.141592653589793,-0.19999999999998863,0.0,0.0,0.0,1_2,1.0,-0.19999846094057716,9999.0,180.0,90.00000000000001,0.19999999999998863
lpJL9-mBNmk_00,119,2,1,255.30195847270738,0.0,0.0,-1.670464979286081,0.0,0.19999999999998863,0.0,0.5,0.0,1_2,1.0,-0.29999769593217707,9999.0,0.0,95.71059313750094,0.30000000000001137
lpJL9-mBNmk_00,120,2,1,255.0019607767752,3.141592653589793,3.141592653589793,-2.0344439357957027,3.141592653589793,-0.19999999999998863,0.0,-0.5,0.0,1_2,1.0,0.29999769593217707,850.0130642150851,0.0,63.43494882292201,0.30000000000001137
lpJL9-mBNmk_00,121,2,1,255.50195693966808,0.0,0.0,-2.0344439357957027,0.0,0.0,0.0,0.5,0.0,1_2,1.0,-0.4999961628928702,9999.0,0.0,116.56505117707799,0.5
lpJL9-mBNmk_00,122,2,1,255.50195693966808,0.0,0.0,-2.0344439357957027,0.0,0.0,0.0,0.0,0.0,1_2,1.0,-0.0,9999.0,0.0,116.56505117707799,0.0
lpJL9-mBNmk_00,123,2,1,255.50195693966808,0.0,0.0,-2.0344439357957027,0.0,0.0,0.0,0.0,0.0,1_2,1.0,-0.0,9999.0,0.0,116.56505117707799,0.0
lpJL9-mBNmk_00,124,2,1,255.50195693966808,0.0,0.0,-2.0344439357957027,0.0,0.0,0.0,0.0,0.0,1_2,1.0,-0.0,9999.0,0.0,116.56505117707799,0.0
lpJL9-mBNmk_00,125,2,1,255.50195693966808,0.0,0.0,-2.0344439357957027,0.0,0.0,0.0,0.0,0.0,1_2,1.0,-0.0,9999.0,0.0,116.56505117707799,0.0
lpJL9-mBNmk_00,126,2,1,255.0019607767752,0.0,3.141592653589793,3.141592653589793,3.141592653589793,0.0,0.0,-0.5,0.0,1_2,1.0,0.4999961628928702,510.00783546295384,180.0,0.0,0.5
lpJL9-mBNmk_00,127,2,1,255.50195693966808,0.0,0.0,3.141592653589793,0.0,0.0,0.0,0.5,0.0,1_2,1.0,-0.4999961628928702,9999.0,0.0,180.0,0.5
lpJL9-mBNmk_00,128,2,1,255.00784301664135,0.0,1.5707963267948966,0.0,1.5707963267948966,0.5,0.0,0.0,1.0,1_2,1.0,0.49411392302673107,516.0911909839984,90.0,90.0,1.118033988749895
lpJL9-mBNmk_00,129,2,1,255.0044117265425,0.0,-1.5707963267948966,0.0,1.5707963267948966,0.0,0.0,0.0,-0.5,1_2,1.0,0.003431290098859563,74317.35713960668,90.0,90.0,0.5
lpJL9-mBNmk_00,130,2,1,255.30440654246453,3.141592653589793,0.0,0.0,1.5707963267948966,-0.30000000000001137,0.0,0.0,0.0,1_2,1.0,-0.299994815922048,9999.0,180.0,90.0,0.30000000000001137
lpJL9-mBNmk_00,131,2,1,255.0044117265425,0.0,0.0,0.0,0.7853981633974483,0.30000000000001137,0.0,0.0,0.0,1_2,1.0,0.299994815922048,850.0293944839499,0.0,45.0,0.30000000000001137
lpJL9-mBNmk_00,132,2,1,255.0044117265425,0.0,0.0,0.0,1.5707963267948966,0.0,0.0,0.0,0.0,1_2,1.0,-0.0,9999.0,0.0,90.0,0.0
lpJL9-mBNmk_00,133,2,1,255.0044117265425,0.0,0.0,0.0,1.5707963267948966,0.0,0.0,0.0,0.0,1_2,1.0,-0.0,9999.0,0.0,90.0,0.0
lpJL9-mBNmk_00,134,2,1,255.0044117265425,0.0,0.0,0.0,1.5707963267948966,0.0,0.0,0.0,0.0,1_2,1.0,-0.0,9999.0,0.0,90.0,0.0
lpJL9-mBNmk_00,135,2,1,255.0044117265425,0.0,0.0,0.0,1.5707963267948966,0.0,0.0,0.0,0.0,1_2,1.0,-0.0,9999.0,0.0,90.0,0.0
lpJL9-mBNmk_00,136,2,1,255.30440654246453,3.141592653589793,0.0,0.0,0.7853981633974483,-0.30000000000001137,0.0,0.0,0.0,1_2,1.0,-0.299994815922048,9999.0,180.0,45.0,0.30000000000001137
lpJL9-mBNmk_00,137,2,1,255.30440654246453,0.0,0.0,0.0,0.7853981633974483,0.0,0.0,0.0,0.0,1_2,1.0,-0.0,9999.0,0.0,45.0,0.0
lpJL9-mBNmk_00,138,2,1,255.0044117265425,0.0,0.0,0.0,0.7853981633974483,0.30000000000001137,0.0,0.0,0.0,1_2,1.0,0.299994815922048,850.0293944839499,0.0,45.0,0.30000000000001137
lpJL9-mBNmk_00,139,2,1,255.0044117265425,0.0,0.0,0.0,1.5707963267948966,0.0,0.0,0.0,0.0,1_2,1.0,-0.0,9999.0,0.0,90.0,0.0
lpJL9-mBNmk_00,140,2,1,255.0044117265425,0.0,0.0,0.0,0.7853981633974483,0.0,0.0,0.0,0.0,1_2,1.0,-0.0,9999.0,0.0,45.0,0.0
lpJL9-mBNmk_00,141,2,1,255.0044117265425,0.0,0.0,0.0,1.5707963267948966,0.0,0.0,0.0,0.0,1_2,1.0,-0.0,9999.0,0.0,90.0,0.0
lpJL9-mBNmk_00,142,2,1,255.0044117265425,0.0,0.0,0.0,1.5707963267948966,0.0,0.0,0.0,0.0,1_2,1.0,-0.0,9999.0,0.0,90.0,0.0
lpJL9-mBNmk_00,143,2,1,255.0044117265425,0.0,0.0,0.0,1.5707963267948966,0.0,0.0,0.0,0.0,1_2,1.0,-0.0,9999.0,0.0,90.0,0.0
lpJL9-mBNmk_00,144,2,1,255.0044117265425,0.0,0.0,0.0,1.5707963267948966,0.0,0.0,0.0,0.0,1_2,1.0,-0.0,9999.0,0.0,90.0,0.0
lpJL9-mBNmk_00,145,2,1,255.0044117265425,0.0,0.0,0.0,1.5707963267948966,0.0,0.0,0.0,0.0,1_2,1.0,-0.0,9999.0,0.0,90.0,0.0
lpJL9-mBNmk_00,146,2,1,255.0044117265425,0.0,0.0,0.0,0.7853981633974483,0.0,0.0,0.0,0.0,1_2,1.0,-0.0,9999.0,0.0,45.0,0.0
lpJL9-mBNmk_00,147,2,1,255.0044117265425,0.0,0.0,0.0,1.5707963267948966,0.0,0.0,0.0,0.0,1_2,1.0,-0.0,9999.0,0.0,90.0,0.0
lpJL9-mBNmk_00,148,2,1,255.0044117265425,0.0,0.0,0.0,-1.5707963267948966,0.0,0.0,0.0,0.0,1_2,1.0,-0.0,9999.0,0.0,90.0,0.0
lpJL9-mBNmk_00,149,2,1,255.0044117265425,0.0,0.0,0.0,0.0,0.0,0.0,0.0,0.0,1_2,1.0,-0.0,9999.0,0.0,0.0,0.0
lpJL9-mBNmk_00,150,2,1,255.0044117265425,0.0,0.0,0.0,0.0,0.0,0.0,0.0,0.0,1_2,1.0,-0.0,9999.0,0.0,0.0,0.0
lpJL9-mBNmk_00,151,2,1,255.0044117265425,0.0,0.0,0.0,0.0,0.0,0.0,0.0,0.0,1_2,1.0,-0.0,9999.0,0.0,0.0,0.0
lpJL9-mBNmk_00,152,2,1,255.0044117265425,0.0,0.0,0.0,0.0,0.0,0.0,0.0,0.0,1_2,1.0,-0.0,9999.0,0.0,0.0,0.0
lpJL9-mBNmk_00,153,2,1,255.0044117265425,0.0,0.0,0.0,0.0,0.0,0.0,0.0,0.0,1_2,1.0,-0.0,9999.0,0.0,0.0,0.0
lpJL9-mBNmk_00,154,2,1,255.30440654246453,3.141592653589793,0.0,3.141592653589793,0.0,-0.30000000000001137,0.0,0.0,0.0,1_2,1.0,-0.299994815922048,9999.0,180.0,180.0,0.30000000000001137
lpJL9-mBNmk_00,155,2,1,255.00784301664135,0.0,1.5707963267948966,0.0,1.5707963267948966,0.30000000000001137,0.0,0.0,0.5,1_2,1.0,0.29656352582318846,859.8759483614898,90.0,90.0,0.5830951894845359
lpJL9-mBNmk_00,156,2,1,255.00784301664135,0.0,0.0,0.0,1.5707963267948966,0.0,0.0,0.0,0.0,1_2,1.0,-0.0,9999.0,0.0,90.0,0.0
lpJL9-mBNmk_00,157,2,1,255.30783380068854,3.141592653589793,0.0,0.0,1.5707963267948966,-0.30000000000001137,0.0,0.0,0.0,1_2,1.0,-0.29999078404719626,9999.0,180.0,90.0,0.30000000000001137
lpJL9-mBNmk_00,158,2,1,255.0044117265425,0.0,-1.5707963267948966,0.0,0.0,0.30000000000001137,0.0,0.0,-0.5,1_2,1.0,0.3034220741460558,840.4280158067639,90.0,0.0,0.5830951894845359
lpJL9-mBNmk_00,159,2,1,255.30440654246453,3.141592653589793,0.0,3.141592653589793,0.0,-0.30000000000001137,0.0,0.0,0.0,1_2,1.0,-0.299994815922048,9999.0,180.0,180.0,0.30000000000001137
lpJL9-mBNmk_00,160,2,1,255.30783380068854,0.0,1.5707963267948966,3.141592653589793,1.5707963267948966,0.0,0.0,0.0,0.5,1_2,1.0,-0.003427258224007801,9999.0,90.0,90.0,0.5
lpJL9-mBNmk_00,161,2,1,255.30783380068854,0.0,0.0,3.141592653589793,1.5707963267948966,0.0,0.0,0.0,0.0,1_2,1.0,-0.0,9999.0,0.0,90.0,0.0
lpJL9-mBNmk_00,162,2,1,255.30783380068854,0.0,0.0,3.141592653589793,1.5707963267948966,0.0,0.0,0.0,0.0,1_2,1.0,-0.0,9999.0,0.0,90.0,0.0
lpJL9-mBNmk_00,163,2,1,255.30783380068854,0.0,0.0,3.141592653589793,1.5707963267948966,0.0,0.0,0.0,0.0,1_2,1.0,-0.0,9999.0,0.0,90.0,0.0
lpJL9-mBNmk_00,164,2,1,255.30783380068854,0.0,0.0,3.141592653589793,1.5707963267948966,0.0,0.0,0.0,0.0,1_2,1.0,-0.0,9999.0,0.0,90.0,0.0
lpJL9-mBNmk_00,165,2,1,255.00784301664135,0.0,0.0,0.0,1.5707963267948966,0.30000000000001137,0.0,0.0,0.0,1_2,1.0,0.29999078404719626,850.0522568604043,0.0,90.0,0.30000000000001137
lpJL9-mBNmk_00,166,2,1,255.30783380068854,3.141592653589793,0.0,3.141592653589793,1.5707963267948966,-0.30000000000001137,0.0,0.0,0.0,1_2,1.0,-0.29999078404719626,9999.0,180.0,90.0,0.30000000000001137
lpJL9-mBNmk_00,167,2,1,255.25783533517634,0.0,0.0,3.141592653589793,1.5707963267948966,0.05000000000001137,0.0,0.0,0.0,1_2,1.0,0.04999846551220344,5105.3133875253425,0.0,90.0,0.05000000000001137
lpJL9-mBNmk_00,168,2,1,255.50782766874286,3.141592653589793,0.0,3.141592653589793,1.5707963267948966,-0.25,0.0,0.0,0.0,1_2,1.0,-0.2499923335665244,9999.0,180.0,90.0,0.25
lpJL9-mBNmk_00,169,2,1,255.50782766874286,0.0,0.0,3.141592653589793,1.5707963267948966,0.0,0.0,0.0,0.0,1_2,1.0,-0.0,9999.0,0.0,90.0,0.0
lpJL9-mBNmk_00,170,2,1,255.50782766874286,0.0,0.0,3.141592653589793,1.5707963267948966,0.0,0.0,0.0,0.0,1_2,1.0,-0.0,9999.0,0.0,90.0,0.0
lpJL9-mBNmk_00,171,2,1,255.50782766874286,0.0,0.0,3.141592653589793,1.5707963267948966,0.0,0.0,0.0,0.0,1_2,1.0,-0.0,9999.0,0.0,90.0,0.0
lpJL9-mBNmk_00,172,2,1,255.50782766874286,0.0,0.0,3.141592653589793,1.5707963267948966,0.0,0.0,0.0,0.0,1_2,1.0,-0.0,9999.0,0.0,90.0,0.0
lpJL9-mBNmk_00,173,2,1,255.50782766874286,0.0,0.0,3.141592653589793,1.5707963267948966,0.0,0.0,0.0,0.0,1_2,1.0,-0.0,9999.0,0.0,90.0,0.0
lpJL9-mBNmk_00,174,2,1,255.50782766874286,0.0,0.0,3.141592653589793,1.5707963267948966,0.0,0.0,0.0,0.0,1_2,1.0,-0.0,9999.0,0.0,90.0,0.0
lpJL9-mBNmk_00,175,2,1,255.50782766874286,0.0,0.0,3.141592653589793,0.0,0.0,0.0,0.0,0.0,1_2,1.0,-0.0,9999.0,0.0,180.0,0.0
lpJL9-mBNmk_00,176,2,1,254.25786615166894,0.0,3.141592653589793,3.141592653589793,3.141592653589793,0.25,0.0,-1.0,0.0,1_2,1.0,1.2499615170739276,203.41255524959584,180.0,0.0,1.25
lpJL9-mBNmk_00,177,2,1,254.00787389370433,0.0,0.0,0.0,3.141592653589793,0.25,0.0,0.0,0.0,1_2,1.0,0.24999225796460678,1016.0629611564453,0.0,180.0,0.25
lpJL9-mBNmk_00,178,2,1,254.00787389370433,0.0,0.0,0.0,2.677945044588987,0.0,0.0,0.0,0.0,1_2,1.0,-0.0,9999.0,0.0,153.434948822922,0.0
lpJL9-mBNmk_00,179,2,1,254.25786615166894,3.141592653589793,0.0,0.0,2.677945044588987,-0.25,0.0,0.0,0.0,1_2,1.0,-0.24999225796460678,9999.0,180.0,153.434948822922,0.25
lpJL9-mBNmk_00,180,2,1,254.75785071318214,0.0,0.0,0.0,3.141592653589793,0.0,0.0,0.5,0.0,1_2,1.0,-0.4999845615132017,9999.0,0.0,180.0,0.5
lpJL9-mBNmk_00,181,2,1,254.50785842484314,0.0,0.0,0.0,3.141592653589793,0.25,0.0,0.0,0.0,1_2,1.0,0.24999228833900133,1018.0628375212858,0.0,180.0,0.25
lpJL9-mBNmk_00,182,2,1,254.50785842484314,0.0,0.0,0.0,3.141592653589793,0.0,0.0,0.0,0.0,1_2,1.0,-0.0,9999.0,0.0,180.0,0.0
lpJL9-mBNmk_00,183,2,1,255.50782766874286,3.141592653589793,0.0,3.141592653589793,0.0,-0.5,0.0,0.5,0.0,1_2,1.0,-0.9999692438997272,9999.0,180.0,180.0,1.0
lpJL9-mBNmk_00,184,2,1,255.50782766874286,0.0,0.0,3.141592653589793,0.0,0.0,0.0,0.0,0.0,1_2,1.0,-0.0,9999.0,0.0,180.0,0.0
lpJL9-mBNmk_00,185,2,1,255.50782766874286,0.0,0.0,3.141592653589793,0.0,0.0,0.0,0.0,0.0,1_2,1.0,-0.0,9999.0,0.0,180.0,0.0
lpJL9-mBNmk_00,186,2,1,255.25783533517634,0.0,0.0,0.0,0.0,0.25,0.0,0.0,0.0,1_2,1.0,0.2499923335665244,1021.0626529763192,0.0,0.0,0.25
lpJL9-mBNmk_00,187,2,1,255.25783533517634,0.0,0.0,0.0,0.0,0.0,0.0,0.0,0.0,1_2,1.0,-0.0,9999.0,0.0,0.0,0.0
lpJL9-mBNmk_00,188,2,1,255.50782766874286,3.141592653589793,0.0,0.0,0.0,-0.25,0.0,0.0,0.0,1_2,1.0,-0.2499923335665244,9999.0,180.0,0.0,0.25
lpJL9-mBNmk_00,189,2,1,255.00784301664135,0.0,3.141592653589793,0.0,3.141592653589793,0.0,0.0,-0.5,0.0,1_2,1.0,0.4999846521015172,510.03134185179823,180.0,180.0,0.5
lpJL9-mBNmk_00,190,2,1,255.50782766874286,0.0,0.0,0.0,0.0,0.0,0.0,0.5,0.0,1_2,1.0,-0.4999846521015172,9999.0,0.0,0.0,0.5
lpJL9-mBNmk_00,191,2,1,254.75785071318214,0.0,3.141592653589793,0.0,3.141592653589793,0.25,0.0,-0.5,0.0,1_2,1.0,0.7499769555607259,339.6875714970609,180.0,180.0,0.75
lpJL9-mBNmk_00,192,2,1,254.75785071318214,0.0,0.0,0.0,3.141592653589793,0.0,0.0,0.0,0.0,1_2,1.0,-0.0,9999.0,0.0,180.0,0.0
lpJL9-mBNmk_00,193,2,1,254.75785071318214,0.0,0.0,0.0,3.141592653589793,0.0,0.0,0.0,0.0,1_2,1.0,-0.0,9999.0,0.0,180.0,0.0
lpJL9-mBNmk_00,194,2,1,255.25783533517634,0.0,0.0,0.0,0.0,0.0,0.0,0.5,0.0,1_2,1.0,-0.49998462199420146,9999.0,0.0,0.0,0.5
lpJL9-mBNmk_00,195,2,1,255.25783533517634,0.0,0.0,0.0,0.0,0.0,0.0,0.0,0.0,1_2,1.0,-0.0,9999.0,0.0,0.0,0.0
lpJL9-mBNmk_00,196,2,1,255.25783533517634,0.0,0.0,0.0,0.0,0.0,0.0,0.0,0.0,1_2,1.0,-0.0,9999.0,0.0,0.0,0.0
lpJL9-mBNmk_00,197,2,1,255.25783533517634,0.0,0.0,3.141592653589793,0.0,0.0,0.0,0.0,0.0,1_2,1.0,-0.0,9999.0,0.0,180.0,0.0
lpJL9-mBNmk_00,198,2,1,255.50782766874286,3.141592653589793,0.0,3.141592653589793,0.0,-0.25,0.0,0.0,0.0,1_2,1.0,-0.2499923335665244,9999.0,180.0,180.0,0.25
lpJL9-mBNmk_00,199,2,1,255.50782766874286,0.0,0.0,3.141592653589793,0.0,0.0,0.0,0.0,0.0,1_2,1.0,-0.0,9999.0,0.0,180.0,0.0
lpJL9-mBNmk_00,200,2,1,255.50782766874286,0.0,0.0,3.141592653589793,0.0,0.0,0.0,0.0,0.0,1_2,1.0,-0.0,9999.0,0.0,180.0,0.0
lpJL9-mBNmk_00,201,2,1,255.50782766874286,0.0,0.0,3.141592653589793,0.0,0.0,0.0,0.0,0.0,1_2,1.0,-0.0,9999.0,0.0,180.0,0.0
lpJL9-mBNmk_00,202,2,1,255.50782766874286,0.0,0.0,3.141592653589793,0.0,0.0,0.0,0.0,0.0,1_2,1.0,-0.0,9999.0,0.0,180.0,0.0
lpJL9-mBNmk_00,203,2,1,255.50782766874286,0.0,0.0,0.0,0.0,0.0,0.0,0.0,0.0,1_2,1.0,-0.0,9999.0,0.0,0.0,0.0
lpJL9-mBNmk_00,204,2,1,255.50782766874286,0.0,0.0,0.0,0.0,0.0,0.0,0.0,0.0,1_2,1.0,-0.0,9999.0,0.0,0.0,0.0
lpJL9-mBNmk_00,205,2,1,255.50782766874286,0.0,0.0,0.0,0.0,0.0,0.0,0.0,0.0,1_2,1.0,-0.0,9999.0,0.0,0.0,0.0
lpJL9-mBNmk_00,206,2,1,255.50782766874286,0.0,0.0,3.141592653589793,0.0,0.0,0.0,0.0,0.0,1_2,1.0,-0.0,9999.0,0.0,180.0,0.0
lpJL9-mBNmk_00,207,2,1,255.50782766874286,0.0,0.0,3.141592653589793,0.0,0.0,0.0,0.0,0.0,1_2,1.0,-0.0,9999.0,0.0,180.0,0.0
lpJL9-mBNmk_00,208,2,1,255.50782766874286,0.0,0.0,0.0,0.0,0.0,0.0,0.0,0.0,1_2,1.0,-0.0,9999.0,0.0,0.0,0.0
lpJL9-mBNmk_00,209,2,1,255.50782766874286,0.0,0.0,0.0,0.0,0.0,0.0,0.0,0.0,1_2,1.0,-0.0,9999.0,0.0,0.0,0.0
lpJL9-mBNmk_00,210,2,1,255.50782766874286,0.0,0.0,0.0,0.0,0.0,0.0,0.0,0.0,1_2,1.0,-0.0,9999.0,0.0,0.0,0.0
lpJL9-mBNmk_00,211,2,1,255.25783533517634,0.0,0.0,0.0,0.0,0.25,0.0,0.0,0.0,1_2,1.0,0.2499923335665244,1021.0626529763192,0.0,0.0,0.25
lpJL9-mBNmk_00,212,2,1,255.25783533517634,0.0,0.0,0.0,0.0,0.0,0.0,0.0,0.0,1_2,1.0,-0.0,9999.0,0.0,0.0,0.0
lpJL9-mBNmk_00,213,2,1,255.50782766874286,3.141592653589793,0.0,3.141592653589793,0.0,-0.25,0.0,0.0,0.0,1_2,1.0,-0.2499923335665244,9999.0,180.0,180.0,0.25
lpJL9-mBNmk_00,214,2,1,255.50782766874286,0.0,0.0,3.141592653589793,0.0,0.0,0.0,0.0,0.0,1_2,1.0,-0.0,9999.0,0.0,180.0,0.0
lpJL9-mBNmk_00,215,2,1,255.50782766874286,0.0,0.0,3.141592653589793,0.0,0.0,0.0,0.0,0.0,1_2,1.0,-0.0,9999.0,0.0,180.0,0.0
lpJL9-mBNmk_00,216,2,1,255.50782766874286,0.0,0.0,3.141592653589793,0.0,0.0,0.0,0.0,0.0,1_2,1.0,-0.0,9999.0,0.0,180.0,0.0
lpJL9-mBNmk_00,217,2,1,255.50782766874286,0.0,0.0,3.141592653589793,0.0,0.0,0.0,0.0,0.0,1_2,1.0,-0.0,9999.0,0.0,180.0,0.0
lpJL9-mBNmk_00,218,2,1,255.50782766874286,0.0,0.0,0.0,0.0,0.0,0.0,0.0,0.0,1_2,1.0,-0.0,9999.0,0.0,0.0,0.0
lpJL9-mBNmk_00,219,2,1,255.50782766874286,0.0,0.0,0.0,0.0,0.0,0.0,0.0,0.0,1_2,1.0,-0.0,9999.0,0.0,0.0,0.0
lpJL9-mBNmk_00,220,2,1,255.50782766874286,0.0,0.0,0.0,0.0,0.0,0.0,0.0,0.0,1_2,1.0,-0.0,9999.0,0.0,0.0,0.0
lpJL9-mBNmk_00,221,2,1,255.50782766874286,0.0,0.0,0.0,0.0,0.0,0.0,0.0,0.0,1_2,1.0,-0.0,9999.0,0.0,0.0,0.0
lpJL9-mBNmk_00,222,2,1,255.50440309317568,0.0,-1.5707963267948966,0.0,-1.5707963267948966,0.0,0.0,0.0,-0.5,1_2,1.0,0.0034245755671804545,74609.07142532099,90.0,90.0,0.5
lpJL9-mBNmk_00,223,2,1,255.50440309317568,0.0,0.0,0.0,-1.5707963267948966,0.0,0.0,0.0,0.0,1_2,1.0,-0.0,9999.0,0.0,90.0,0.0
lpJL9-mBNmk_00,224,2,1,255.50440309317568,0.0,0.0,0.0,-1.5707963267948966,0.0,0.0,0.0,0.0,1_2,1.0,-0.0,9999.0,0.0,90.0,0.0
lpJL9-mBNmk_00,225,2,1,255.50440309317568,0.0,0.0,0.0,-1.5707963267948966,0.0,0.0,0.0,0.0,1_2,1.0,-0.0,9999.0,0.0,90.0,0.0
lpJL9-mBNmk_00,226,2,1,255.50195693966808,0.0,-1.5707963267948966,0.0,-1.5707963267948966,0.0,0.0,0.0,-0.5,1_2,1.0,0.002446153507605686,104450.49999734291,90.0,90.0,0.5
lpJL9-mBNmk_00,235,2,1,255.0044117265425,0.0,0.0,0.0,-1.5707963267948966,0.5,0.0,0.0,0.0,1_2,9.0,0.05528280145839896,4612.725929210312,0.0,90.0,0.05555555555555555
lpJL9-mBNmk_00,236,2,1,254.50785842484314,0.0,2.356194490192345,0.0,3.141592653589793,0.0,0.0,-0.5,0.5,1_2,1.0,0.4965533016993504,512.5489198316534,135.0,180.0,0.7071067811865476
lpJL9-mBNmk_00,237,2,1,255.00784301664135,3.141592653589793,0.0,0.0,3.141592653589793,-0.5,0.0,0.0,0.0,1_2,1.0,-0.49998459179821,9999.0,180.0,180.0,0.5
lpJL9-mBNmk_00,238,2,1,255.00784301664135,0.0,0.0,0.0,0.0,0.5,0.0,0.5,0.0,1_2,1.0,-0.0,9999.0,0.0,0.0,0.0
lpJL9-mBNmk_00,239,2,1,255.00784301664135,0.0,0.0,0.0,0.0,0.0,0.0,0.0,0.0,1_2,1.0,-0.0,9999.0,0.0,0.0,0.0
lpJL9-mBNmk_00,240,2,1,255.0044117265425,0.0,-1.5707963267948966,0.0,-1.5707963267948966,0.0,0.0,0.0,-0.5,1_2,1.0,0.003431290098859563,74317.35713960668,90.0,90.0,0.5
lpJL9-mBNmk_00,241,2,1,254.75441605593414,0.0,0.0,0.0,-1.5707963267948966,0.25,0.0,0.0,0.0,1_2,1.0,0.24999567060834238,1019.0353114356411,0.0,90.0,0.25
lpJL9-mBNmk_00,242,2,1,254.75441605593414,0.0,0.0,0.0,0.0,0.0,0.0,0.0,0.0,1_2,1.0,-0.0,9999.0,0.0,0.0,0.0
lpJL9-mBNmk_00,243,2,1,254.75441605593414,0.0,0.0,0.0,0.0,0.0,0.0,0.0,0.0,1_2,1.0,-0.0,9999.0,0.0,0.0,0.0
lpJL9-mBNmk_00,244,2,1,254.75441605593414,0.0,0.0,0.0,0.0,0.0,0.0,0.0,0.0,1_2,1.0,-0.0,9999.0,0.0,0.0,0.0
lpJL9-mBNmk_00,245,2,1,254.75441605593414,0.0,0.0,0.0,0.0,0.0,0.0,0.0,0.0,1_2,1.0,-0.0,9999.0,0.0,0.0,0.0
lpJL9-mBNmk_00,246,2,1,255.0044117265425,3.141592653589793,0.0,0.0,1.5707963267948966,-0.25,0.0,0.0,0.0,1_2,1.0,-0.24999567060834238,9999.0,180.0,90.0,0.25
lpJL9-mBNmk_00,247,2,1,254.75441605593414,0.0,0.0,0.0,0.0,0.25,0.0,0.0,0.0,1_2,1.0,0.24999567060834238,1019.0353114356411,0.0,0.0,0.25
lpJL9-mBNmk_00,248,2,1,255.0044117265425,3.141592653589793,0.0,0.0,-1.5707963267948966,-0.25,0.0,0.0,0.0,1_2,1.0,-0.24999567060834238,9999.0,180.0,90.0,0.25
lpJL9-mBNmk_00,249,2,1,254.75196270097703,0.0,-1.5707963267948966,0.0,-1.5707963267948966,0.25,0.0,0.0,-0.5,1_2,1.0,0.2524490255654541,1009.1223847284205,90.0,90.0,0.5590169943749475
lpJL9-mBNmk_00,250,2,1,253.50197237891464,0.0,3.141592653589793,0.0,-2.356194490192345,0.75,0.0,-0.5,0.0,1_2,1.0,1.2499903220623878,202.8031480761034,180.0,135.0,1.25
lpJL9-mBNmk_00,251,2,1,253.50443783097762,0.0,1.5707963267948966,0.0,-2.356194490192345,0.0,0.0,0.0,0.5,1_2,1.0,-0.002465452062978102,9999.0,90.0,135.0,0.5
lpJL9-mBNmk_00,252,2,1,253.50197237891464,0.0,-1.5707963267948966,0.0,-1.5707963267948966,0.0,0.0,0.0,-0.5,1_2,1.0,0.002465452062978102,102821.69999797163,90.0,90.0,0.5
lpJL9-mBNmk_00,253,2,1,253.50197237891464,0.0,0.0,0.0,-2.356194490192345,0.0,0.0,0.0,0.0,1_2,1.0,-0.0,9999.0,0.0,135.0,0.0
lpJL9-mBNmk_00,254,2,1,253.50197237891464,0.0,0.0,0.0,-2.356194490192345,0.0,0.0,0.0,0.0,1_2,1.0,-0.0,9999.0,0.0,135.0,0.0
lpJL9-mBNmk_00,255,2,1,253.50197237891464,0.0,0.0,0.0,-2.356194490192345,0.0,0.0,0.0,0.0,1_2,1.0,-0.0,9999.0,0.0,135.0,0.0
lpJL9-mBNmk_00,256,2,1,254.00442909524236,0.0,0.7853981633974483,0.0,-0.7853981633974483,0.0,0.0,0.5,0.5,1_2,1.0,-0.502456716327714,9999.0,45.0,45.0,0.7071067811865476
lpJL9-mBNmk_00,257,2,1,254.00442909524236,0.0,0.0,0.0,-0.7853981633974483,0.0,0.0,0.0,0.0,1_2,1.0,-0.0,9999.0,0.0,45.0,0.0
lpJL9-mBNmk_00,258,2,1,254.30442387028978,3.141592653589793,0.0,0.0,-1.5707963267948966,-0.30000000000001137,0.0,0.0,0.0,1_2,1.0,-0.29999477504742345,9999.0,180.0,90.0,0.30000000000001137
lpJL9-mBNmk_00,259,2,1,254.30442387028978,0.0,0.0,0.0,-1.5707963267948966,0.0,0.0,0.0,0.0,1_2,1.0,-0.0,9999.0,0.0,90.0,0.0
lpJL9-mBNmk_00,260,2,1,254.30786460508847,0.0,1.5707963267948966,0.0,1.5707963267948966,0.0,0.0,0.0,0.5,1_2,1.0,-0.0034407347986871173,9999.0,90.0,90.0,0.5
lpJL9-mBNmk_00,261,2,1,254.30442387028978,0.0,-1.5707963267948966,0.0,0.0,0.0,0.0,0.0,-0.5,1_2,1.0,0.0034407347986871173,73909.91713959612,90.0,0.0,0.5
lpJL9-mBNmk_00,262,2,1,254.30442387028978,0.0,0.0,0.0,0.0,0.0,0.0,0.0,0.0,1_2,1.0,-0.0,9999.0,0.0,0.0,0.0
lpJL9-mBNmk_00,263,2,1,254.30442387028978,0.0,0.0,0.0,0.0,0.0,0.0,0.0,0.0,1_2,1.0,-0.0,9999.0,0.0,0.0,0.0
lpJL9-mBNmk_00,264,2,1,254.30442387028978,0.0,0.0,0.0,0.0,0.0,0.0,0.0,0.0,1_2,1.0,-0.0,9999.0,0.0,0.0,0.0
lpJL9-mBNmk_00,265,2,1,254.30442387028978,0.0,0.0,0.0,0.0,0.0,0.0,0.0,0.0,1_2,1.0,-0.0,9999.0,0.0,0.0,0.0
lpJL9-mBNmk_00,266,2,1,254.30442387028978,0.0,0.0,0.0,0.0,0.0,0.0,0.0,0.0,1_2,1.0,-0.0,9999.0,0.0,0.0,0.0
lpJL9-mBNmk_00,267,2,1,255.0044117265425,3.141592653589793,0.0,3.141592653589793,0.0,-0.6999999999999886,0.0,0.0,0.0,1_2,1.0,-0.6999878562527044,9999.0,180.0,180.0,0.6999999999999886
lpJL9-mBNmk_00,268,2,1,254.50442039383128,0.0,0.0,0.0,0.0,0.5,0.0,0.0,0.0,1_2,1.0,0.499991332711204,509.0176643938617,0.0,0.0,0.5
lpJL9-mBNmk_00,269,2,1,254.50442039383128,0.0,0.0,0.0,1.5707963267948966,0.0,0.0,0.0,0.0,1_2,1.0,-0.0,9999.0,0.0,90.0,0.0
lpJL9-mBNmk_00,270,2,1,254.30442387028978,0.0,0.0,3.141592653589793,0.7853981633974483,0.19999999999998863,0.0,0.0,0.0,1_2,1.0,0.19999652354150044,1271.5442217050345,0.0,135.0,0.19999999999998863
lpJL9-mBNmk_00,271,2,1,254.50442039383128,3.141592653589793,0.0,3.141592653589793,0.0,-0.19999999999998863,0.0,0.0,0.0,1_2,1.0,-0.19999652354150044,9999.0,180.0,180.0,0.19999999999998863
lpJL9-mBNmk_00,272,2,1,254.50785842484314,0.0,1.5707963267948966,3.141592653589793,1.1071487177940904,0.0,0.0,0.0,0.5,1_2,1.0,-0.0034380310118535817,9999.0,90.0,116.56505117707799,0.5
lpJL9-mBNmk_00,273,2,1,254.50785842484314,0.0,0.0,3.141592653589793,1.1071487177940904,0.0,0.0,0.0,0.0,1_2,1.0,-0.0,9999.0,0.0,116.56505117707799,0.0
lpJL9-mBNmk_00,274,2,1,254.50785842484314,0.0,0.0,3.141592653589793,1.1071487177940904,0.0,0.0,0.0,0.0,1_2,1.0,-0.0,9999.0,0.0,116.56505117707799,0.0
lpJL9-mBNmk_00,275,2,1,254.50785842484314,0.0,0.0,3.141592653589793,1.1071487177940904,0.0,0.0,0.0,0.0,1_2,1.0,-0.0,9999.0,0.0,116.56505117707799,0.0
lpJL9-mBNmk_00,276,2,1,254.50785842484314,0.0,0.0,3.141592653589793,1.5707963267948966,0.0,0.0,0.0,0.0,1_2,1.0,-0.0,9999.0,0.0,90.0,0.0
lpJL9-mBNmk_00,277,2,1,254.50785842484314,0.0,0.0,3.141592653589793,1.5707963267948966,0.0,0.0,0.0,0.0,1_2,1.0,-0.0,9999.0,0.0,90.0,0.0
lpJL9-mBNmk_00,278,2,1,254.75785071318214,3.141592653589793,0.0,3.141592653589793,1.5707963267948966,-0.25,0.0,0.0,0.0,1_2,1.0,-0.24999228833900133,9999.0,180.0,90.0,0.25
lpJL9-mBNmk_00,279,2,1,254.50785842484314,0.0,0.0,3.141592653589793,1.5707963267948966,0.25,0.0,0.0,0.0,1_2,1.0,0.24999228833900133,1018.0628375212858,0.0,90.0,0.25
lpJL9-mBNmk_00,280,2,1,254.50785842484314,0.0,0.0,3.141592653589793,0.0,0.0,0.0,0.0,0.0,1_2,1.0,-0.0,9999.0,0.0,180.0,0.0
lpJL9-mBNmk_00,281,2,1,254.50785842484314,0.0,0.0,3.141592653589793,1.5707963267948966,0.0,0.0,0.0,0.0,1_2,1.0,-0.0,9999.0,0.0,90.0,0.0
lpJL9-mBNmk_00,282,2,1,254.50785842484314,0.0,0.0,3.141592653589793,1.5707963267948966,0.0,0.0,0.0,0.0,1_2,1.0,-0.0,9999.0,0.0,90.0,0.0
lpJL9-mBNmk_00,283,2,1,254.50785842484314,0.0,0.0,3.141592653589793,1.5707963267948966,0.0,0.0,0.0,0.0,1_2,1.0,-0.0,9999.0,0.0,90.0,0.0
lpJL9-mBNmk_00,284,2,1,255.00784301664135,3.141592653589793,0.0,3.141592653589793,1.5707963267948966,-0.5,0.0,0.0,0.0,1_2,1.0,-0.49998459179821,9999.0,180.0,90.0,0.5
lpJL9-mBNmk_00,285,2,1,255.00784301664135,0.0,0.0,3.141592653589793,1.5707963267948966,0.0,0.0,0.0,0.0,1_2,1.0,-0.0,9999.0,0.0,90.0,0.0
lpJL9-mBNmk_00,286,2,1,255.00784301664135,0.0,0.0,3.141592653589793,1.5707963267948966,0.0,0.0,0.0,0.0,1_2,1.0,-0.0,9999.0,0.0,90.0,0.0
lpJL9-mBNmk_00,287,2,1,255.00784301664135,0.0,0.0,0.0,1.5707963267948966,0.0,0.0,0.0,0.0,1_2,1.0,-0.0,9999.0,0.0,90.0,0.0
lpJL9-mBNmk_00,288,2,1,255.00784301664135,0.0,0.0,3.141592653589793,1.5707963267948966,0.0,0.0,0.0,0.0,1_2,1.0,-0.0,9999.0,0.0,90.0,0.0
lpJL9-mBNmk_00,289,2,1,255.00784301664135,0.0,0.0,3.141592653589793,1.5707963267948966,0.0,0.0,0.0,0.0,1_2,1.0,-0.0,9999.0,0.0,90.0,0.0
lpJL9-mBNmk_00,290,2,1,255.00784301664135,0.0,0.0,3.141592653589793,1.5707963267948966,0.0,0.0,0.0,0.0,1_2,1.0,-0.0,9999.0,0.0,90.0,0.0
lpJL9-mBNmk_00,291,2,1,255.2078368702654,3.141592653589793,0.0,3.141592653589793,1.5707963267948966,-0.19999999999998863,0.0,0.0,0.0,1_2,1.0,-0.19999385362405064,9999.0,180.0,90.0,0.19999999999998863
lpJL9-mBNmk_00,292,2,1,255.00784301664135,0.0,0.0,3.141592653589793,0.0,0.19999999999998863,0.0,0.0,0.0,1_2,1.0,0.19999385362405064,1275.0784006392828,0.0,180.0,0.19999999999998863
lpJL9-mBNmk_00,293,2,1,255.00784301664135,0.0,0.0,3.141592653589793,0.0,0.0,0.0,0.0,0.0,1_2,1.0,-0.0,9999.0,0.0,180.0,0.0
lpJL9-mBNmk_00,294,2,1,255.00784301664135,0.0,0.0,3.141592653589793,0.0,0.0,0.0,0.0,0.0,1_2,1.0,-0.0,9999.0,0.0,180.0,0.0
lpJL9-mBNmk_00,295,2,1,255.00784301664135,0.0,0.0,3.141592653589793,0.0,0.0,0.0,0.0,0.0,1_2,1.0,-0.0,9999.0,0.0,180.0,0.0
lpJL9-mBNmk_00,296,2,1,255.00784301664135,0.0,0.0,3.141592653589793,0.0,0.0,0.0,0.0,0.0,1_2,1.0,-0.0,9999.0,0.0,180.0,0.0
lpJL9-mBNmk_00,297,2,1,255.00784301664135,0.0,0.0,3.141592653589793,0.0,0.0,0.0,0.0,0.0,1_2,1.0,-0.0,9999.0,0.0,180.0,0.0
lpJL9-mBNmk_00,298,2,1,255.00784301664135,0.0,0.0,3.141592653589793,0.0,0.0,0.0,0.0,0.0,1_2,1.0,-0.0,9999.0,0.0,180.0,0.0
lpJL9-mBNmk_00,299,2,1,255.00784301664135,0.0,0.0,3.141592653589793,0.0,0.0,0.0,0.0,0.0,1_2,1.0,-0.0,9999.0,0.0,180.0,0.0
lpJL9-mBNmk_00,300,2,1,255.00784301664135,0.0,0.0,3.141592653589793,0.0,0.0,0.0,0.0,0.0,1_2,1.0,-0.0,9999.0,0.0,180.0,0.0
lpJL9-mBNmk_00,301,2,1,255.00784301664135,0.0,0.0,3.141592653589793,0.0,0.0,0.0,0.0,0.0,1_2,1.0,-0.0,9999.0,0.0,180.0,0.0
lpJL9-mBNmk_00,302,2,1,255.00784301664135,0.0,0.0,3.141592653589793,0.0,0.0,0.0,0.0,0.0,1_2,1.0,-0.0,9999.0,0.0,180.0,0.0
lpJL9-mBNmk_00,303,2,1,255.00784301664135,0.0,0.0,3.141592653589793,0.0,0.0,0.0,0.0,0.0,1_2,1.0,-0.0,9999.0,0.0,180.0,0.0
lpJL9-mBNmk_00,304,2,1,255.00784301664135,0.0,0.0,0.0,0.0,0.0,0.0,0.0,0.0,1_2,1.0,-0.0,9999.0,0.0,0.0,0.0
lpJL9-mBNmk_00,305,2,1,255.00784301664135,0.0,0.0,0.0,0.0,0.0,0.0,0.0,0.0,1_2,1.0,-0.0,9999.0,0.0,0.0,0.0
lpJL9-mBNmk_00,306,2,1,255.00784301664135,0.0,0.0,0.0,0.0,0.0,0.0,0.0,0.0,1_2,1.0,-0.0,9999.0,0.0,0.0,0.0
lpJL9-mBNmk_00,307,2,1,255.00784301664135,0.0,0.0,0.0,0.0,0.0,0.0,0.0,0.0,1_2,1.0,-0.0,9999.0,0.0,0.0,0.0
lpJL9-mBNmk_00,308,2,1,255.00784301664135,0.0,0.0,0.0,0.0,0.0,0.0,0.0,0.0,1_2,1.0,-0.0,9999.0,0.0,0.0,0.0
lpJL9-mBNmk_00,309,2,1,255.00784301664135,0.0,0.0,0.0,0.0,0.0,0.0,0.0,0.0,1_2,1.0,-0.0,9999.0,0.0,0.0,0.0
lpJL9-mBNmk_00,310,2,1,255.00784301664135,0.0,0.0,0.0,0.0,0.0,0.0,0.0,0.0,1_2,1.0,-0.0,9999.0,0.0,0.0,0.0
lpJL9-mBNmk_00,311,2,1,255.00784301664135,0.0,0.0,0.0,0.0,0.0,0.0,0.0,0.0,1_2,1.0,-0.0,9999.0,0.0,0.0,0.0
lpJL9-mBNmk_00,312,2,1,255.00784301664135,0.0,0.0,0.0,0.0,0.0,0.0,0.0,0.0,1_2,1.0,-0.0,9999.0,0.0,0.0,0.0
lpJL9-mBNmk_00,313,2,1,255.00784301664135,0.0,0.0,0.0,0.0,0.0,0.0,0.0,0.0,1_2,1.0,-0.0,9999.0,0.0,0.0,0.0
lpJL9-mBNmk_00,314,2,1,255.00784301664135,0.0,0.0,0.0,0.0,0.0,0.0,0.0,0.0,1_2,1.0,-0.0,9999.0,0.0,0.0,0.0
lpJL9-mBNmk_00,315,2,1,255.00784301664135,0.0,0.0,0.0,0.0,0.0,0.0,0.0,0.0,1_2,1.0,-0.0,9999.0,0.0,0.0,0.0
lpJL9-mBNmk_00,316,2,1,255.00784301664135,0.0,0.0,0.0,0.0,0.0,0.0,0.0,0.0,1_2,1.0,-0.0,9999.0,0.0,0.0,0.0
lpJL9-mBNmk_00,317,2,1,255.00784301664135,0.0,0.0,0.0,0.0,0.0,0.0,0.0,0.0,1_2,1.0,-0.0,9999.0,0.0,0.0,0.0
lpJL9-mBNmk_00,318,2,1,255.00784301664135,0.0,0.0,0.0,0.0,0.0,0.0,0.0,0.0,1_2,1.0,-0.0,9999.0,0.0,0.0,0.0
lpJL9-mBNmk_00,319,2,1,255.00784301664135,0.0,0.0,0.0,0.0,0.0,0.0,0.0,0.0,1_2,1.0,-0.0,9999.0,0.0,0.0,0.0
lpJL9-mBNmk_00,320,2,1,255.00784301664135,0.0,0.0,0.0,0.0,0.0,0.0,0.0,0.0,1_2,1.0,-0.0,9999.0,0.0,0.0,0.0
lpJL9-mBNmk_00,321,2,1,255.00784301664135,0.0,0.0,0.0,0.0,0.0,0.0,0.0,0.0,1_2,1.0,-0.0,9999.0,0.0,0.0,0.0
lpJL9-mBNmk_00,322,2,1,255.00784301664135,0.0,0.0,0.0,0.0,0.0,0.0,0.0,0.0,1_2,1.0,-0.0,9999.0,0.0,0.0,0.0
lpJL9-mBNmk_00,323,2,1,255.00784301664135,0.0,0.0,0.0,0.0,0.0,0.0,0.0,0.0,1_2,1.0,-0.0,9999.0,0.0,0.0,0.0
lpJL9-mBNmk_00,324,2,1,255.00784301664135,0.0,0.0,0.0,0.0,0.0,0.0,0.0,0.0,1_2,1.0,-0.0,9999.0,0.0,0.0,0.0
lpJL9-mBNmk_00,325,2,1,254.8078491726658,0.0,0.0,0.0,0.0,0.19999999999998863,0.0,0.0,0.0,1_2,1.0,0.199993843975534,1274.0784621542523,0.0,0.0,0.19999999999998863
lpJL9-mBNmk_00,326,2,1,255.00784301664135,3.141592653589793,0.0,0.0,0.0,-0.19999999999998863,0.0,0.0,0.0,1_2,1.0,-0.199993843975534,9999.0,180.0,0.0,0.19999999999998863
lpJL9-mBNmk_00,327,2,1,255.00784301664135,0.0,0.0,0.0,0.0,0.0,0.0,0.0,0.0,1_2,1.0,-0.0,9999.0,0.0,0.0,0.0
lpJL9-mBNmk_00,328,2,1,255.25783533517634,3.141592653589793,0.0,3.141592653589793,0.0,-0.25,0.0,0.0,0.0,1_2,1.0,-0.24999231853499282,9999.0,180.0,180.0,0.25
lpJL9-mBNmk_00,329,2,1,255.25783533517634,0.0,0.0,3.141592653589793,0.0,0.0,0.0,0.0,0.0,1_2,1.0,-0.0,9999.0,0.0,180.0,0.0
lpJL9-mBNmk_00,330,2,1,256.5077971524453,3.141592653589793,0.0,3.141592653589793,0.0,-1.25,0.0,0.0,0.0,1_2,1.0,-1.2499618172689395,9999.0,180.0,180.0,1.25
lpJL9-mBNmk_00,331,2,1,255.25783533517634,0.0,0.0,3.141592653589793,0.0,1.25,0.0,0.0,0.0,1_2,1.0,1.2499618172689395,204.21250618110324,0.0,180.0,1.25
lpJL9-mBNmk_00,332,2,1,255.00784301664135,0.0,0.0,0.0,0.0,0.25,0.0,0.0,0.0,1_2,1.0,0.24999231853499282,1020.0627143707477,0.0,0.0,0.25
lpJL9-mBNmk_00,333,2,1,254.8078491726658,0.0,0.0,0.0,0.0,0.19999999999998863,0.0,0.0,0.0,1_2,1.0,0.199993843975534,1274.0784621542523,0.0,0.0,0.19999999999998863
lpJL9-mBNmk_00,334,2,1,254.8078491726658,0.0,0.0,0.0,0.0,0.0,0.0,0.0,0.0,1_2,1.0,-0.0,9999.0,0.0,0.0,0.0
lpJL9-mBNmk_00,335,2,1,254.8078491726658,0.0,0.0,0.0,0.0,0.0,0.0,0.0,0.0,1_2,1.0,-0.0,9999.0,0.0,0.0,0.0
lpJL9-mBNmk_00,336,2,1,254.8078491726658,0.0,0.0,0.0,0.0,0.0,0.0,0.0,0.0,1_2,1.0,-0.0,9999.0,0.0,0.0,0.0
lpJL9-mBNmk_00,337,2,1,254.8078491726658,0.0,0.0,0.0,0.0,0.0,0.0,0.0,0.0,1_2,1.0,-0.0,9999.0,0.0,0.0,0.0
lpJL9-mBNmk_00,338,2,1,254.8078491726658,0.0,0.0,0.0,0.0,0.0,0.0,0.0,0.0,1_2,1.0,-0.0,9999.0,0.0,0.0,0.0
lpJL9-mBNmk_00,339,2,1,254.8078491726658,0.0,0.0,0.0,0.0,0.0,0.0,0.0,0.0,1_2,1.0,-0.0,9999.0,0.0,0.0,0.0
lpJL9-mBNmk_00,340,2,1,254.8078491726658,0.0,0.0,0.0,0.0,0.0,0.0,0.0,0.0,1_2,1.0,-0.0,9999.0,0.0,0.0,0.0
lpJL9-mBNmk_00,341,2,1,254.8078491726658,0.0,0.0,0.0,0.0,0.0,0.0,0.0,0.0,1_2,1.0,-0.0,9999.0,0.0,0.0,0.0
lpJL9-mBNmk_00,342,2,1,254.8078491726658,0.0,0.0,0.0,0.0,0.0,0.0,0.0,0.0,1_2,1.0,-0.0,9999.0,0.0,0.0,0.0
lpJL9-mBNmk_00,343,2,1,254.8078491726658,0.0,0.0,0.0,0.0,0.0,0.0,0.0,0.0,1_2,1.0,-0.0,9999.0,0.0,0.0,0.0
lpJL9-mBNmk_00,344,2,1,254.8078491726658,0.0,0.0,0.0,0.0,0.0,0.0,0.0,0.0,1_2,1.0,-0.0,9999.0,0.0,0.0,0.0
lpJL9-mBNmk_00,345,2,1,254.8078491726658,0.0,0.0,0.0,0.0,0.0,0.0,0.0,0.0,1_2,1.0,-0.0,9999.0,0.0,0.0,0.0
lpJL9-mBNmk_00,346,2,1,254.50442039383128,0.0,-1.5707963267948966,0.0,-1.5707963267948966,0.30000000000001137,0.0,0.0,-0.5,1_2,1.0,0.30342877883452957,838.7616407757471,90.0,90.0,0.5830951894845359
lpJL9-mBNmk_00,347,2,1,254.8044151893762,3.141592653589793,0.0,0.0,-1.5707963267948966,-0.30000000000001137,0.0,0.0,0.0,1_2,1.0,-0.2999947955449045,9999.0,180.0,90.0,0.30000000000001137
lpJL9-mBNmk_00,348,2,1,254.50442039383128,0.0,0.0,0.0,-1.5707963267948966,0.30000000000001137,0.0,0.0,0.0,1_2,1.0,0.2999947955449045,848.3627855328443,0.0,90.0,0.30000000000001137
lpJL9-mBNmk_00,349,2,1,254.50442039383128,0.0,0.0,0.0,-1.5707963267948966,0.0,0.0,0.0,0.0,1_2,1.0,-0.0,9999.0,0.0,90.0,0.0
lpJL9-mBNmk_00,350,2,1,254.8044151893762,3.141592653589793,0.0,0.0,-1.5707963267948966,-0.30000000000001137,0.0,0.0,0.0,1_2,1.0,-0.2999947955449045,9999.0,180.0,90.0,0.30000000000001137
lpJL9-mBNmk_00,351,2,1,254.8044151893762,0.0,0.0,0.0,-1.5707963267948966,0.0,0.0,0.0,0.0,1_2,1.0,-0.0,9999.0,0.0,90.0,0.0
lpJL9-mBNmk_00,352,2,1,254.8044151893762,0.0,0.0,0.0,-1.5707963267948966,0.0,0.0,0.0,0.0,1_2,1.0,-0.0,9999.0,0.0,90.0,0.0
lpJL9-mBNmk_00,353,2,1,254.8044151893762,0.0,0.0,0.0,-1.5707963267948966,0.0,0.0,0.0,0.0,1_2,1.0,-0.0,9999.0,0.0,90.0,0.0
lpJL9-mBNmk_00,354,2,1,254.8044151893762,0.0,0.0,0.0,-1.5707963267948966,0.0,0.0,0.0,0.0,1_2,1.0,-0.0,9999.0,0.0,90.0,0.0
lpJL9-mBNmk_00,355,2,1,254.8044151893762,0.0,0.0,0.0,-1.5707963267948966,0.0,0.0,0.0,0.0,1_2,1.0,-0.0,9999.0,0.0,90.0,0.0
lpJL9-mBNmk_00,356,2,1,254.8044151893762,0.0,0.0,0.0,-1.5707963267948966,0.0,0.0,0.0,0.0,1_2,1.0,-0.0,9999.0,0.0,90.0,0.0
lpJL9-mBNmk_00,357,2,1,254.8044151893762,0.0,0.0,0.0,-1.5707963267948966,0.0,0.0,0.0,0.0,1_2,1.0,-0.0,9999.0,0.0,90.0,0.0
lpJL9-mBNmk_00,358,2,1,254.8044151893762,0.0,0.0,0.0,-1.5707963267948966,0.0,0.0,0.0,0.0,1_2,1.0,-0.0,9999.0,0.0,90.0,0.0
lpJL9-mBNmk_00,359,2,1,254.8044151893762,0.0,0.0,0.0,-1.5707963267948966,0.0,0.0,0.0,0.0,1_2,1.0,-0.0,9999.0,0.0,90.0,0.0
lpJL9-mBNmk_00,360,2,1,255.00784301664135,3.141592653589793,1.5707963267948966,3.141592653589793,0.0,-0.19999999999998863,0.0,0.0,0.5,1_2,1.0,-0.20342782726515907,9999.0,90.0,180.0,0.5385164807134462
lpJL9-mBNmk_00,361,2,1,255.00784301664135,0.0,0.0,3.141592653589793,0.0,0.0,0.0,0.0,0.0,1_2,1.0,-0.0,9999.0,0.0,180.0,0.0
lpJL9-mBNmk_00,362,2,1,255.00784301664135,0.0,0.0,3.141592653589793,0.0,0.0,0.0,0.0,0.0,1_2,1.0,-0.0,9999.0,0.0,180.0,0.0
lpJL9-mBNmk_00,363,2,1,255.00784301664135,0.0,0.0,3.141592653589793,0.0,0.0,0.0,0.0,0.0,1_2,1.0,-0.0,9999.0,0.0,180.0,0.0
lpJL9-mBNmk_00,364,2,1,255.00784301664135,0.0,0.0,3.141592653589793,0.0,0.0,0.0,0.0,0.0,1_2,1.0,-0.0,9999.0,0.0,180.0,0.0
lpJL9-mBNmk_00,365,2,1,255.00784301664135,0.0,0.0,3.141592653589793,0.0,0.0,0.0,0.0,0.0,1_2,1.0,-0.0,9999.0,0.0,180.0,0.0
lpJL9-mBNmk_00,366,2,1,255.00784301664135,0.0,0.0,3.141592653589793,1.5707963267948966,0.0,0.0,0.0,0.0,1_2,1.0,-0.0,9999.0,0.0,90.0,0.0
lpJL9-mBNmk_00,367,2,1,255.00784301664135,0.0,0.0,3.141592653589793,1.5707963267948966,0.0,0.0,0.0,0.0,1_2,1.0,-0.0,9999.0,0.0,90.0,0.0
lpJL9-mBNmk_00,368,2,1,255.00784301664135,0.0,0.0,3.141592653589793,1.5707963267948966,0.0,0.0,0.0,0.0,1_2,1.0,-0.0,9999.0,0.0,90.0,0.0
lpJL9-mBNmk_00,369,2,1,255.00784301664135,0.0,0.0,3.141592653589793,1.5707963267948966,0.0,0.0,0.0,0.0,1_2,1.0,-0.0,9999.0,0.0,90.0,0.0
lpJL9-mBNmk_00,370,2,1,255.00784301664135,0.0,0.0,3.141592653589793,1.5707963267948966,0.0,0.0,0.0,0.0,1_2,1.0,-0.0,9999.0,0.0,90.0,0.0
lpJL9-mBNmk_00,371,2,1,255.00784301664135,0.0,0.0,3.141592653589793,1.5707963267948966,0.0,0.0,0.0,0.0,1_2,1.0,-0.0,9999.0,0.0,90.0,0.0
lpJL9-mBNmk_00,372,2,1,255.00784301664135,0.0,0.0,3.141592653589793,1.5707963267948966,0.0,0.0,0.0,0.0,1_2,1.0,-0.0,9999.0,0.0,90.0,0.0
lpJL9-mBNmk_00,373,2,1,255.00784301664135,0.0,0.0,3.141592653589793,1.5707963267948966,0.0,0.0,0.0,0.0,1_2,1.0,-0.0,9999.0,0.0,90.0,0.0
lpJL9-mBNmk_00,374,2,1,255.00784301664135,0.0,0.0,3.141592653589793,1.5707963267948966,0.0,0.0,0.0,0.0,1_2,1.0,-0.0,9999.0,0.0,90.0,0.0
lpJL9-mBNmk_00,375,2,1,255.00784301664135,0.0,0.0,3.141592653589793,1.5707963267948966,0.0,0.0,0.0,0.0,1_2,1.0,-0.0,9999.0,0.0,90.0,0.0
lpJL9-mBNmk_00,376,2,1,255.00784301664135,0.0,0.0,3.141592653589793,1.5707963267948966,0.0,0.0,0.0,0.0,1_2,1.0,-0.0,9999.0,0.0,90.0,0.0
lpJL9-mBNmk_00,377,2,1,255.00784301664135,0.0,0.0,3.141592653589793,1.5707963267948966,0.0,0.0,0.0,0.0,1_2,1.0,-0.0,9999.0,0.0,90.0,0.0
lpJL9-mBNmk_00,378,2,1,255.00784301664135,0.0,0.0,3.141592653589793,1.5707963267948966,0.0,0.0,0.0,0.0,1_2,1.0,-0.0,9999.0,0.0,90.0,0.0
lpJL9-mBNmk_00,379,2,1,255.00784301664135,0.0,0.0,3.141592653589793,1.5707963267948966,0.0,0.0,0.0,0.0,1_2,1.0,-0.0,9999.0,0.0,90.0,0.0
lpJL9-mBNmk_00,380,2,1,255.00784301664135,0.0,0.0,0.0,0.0,0.0,0.0,0.0,0.0,1_2,1.0,-0.0,9999.0,0.0,0.0,0.0
lpJL9-mBNmk_00,381,2,1,255.00784301664135,0.0,0.0,0.0,0.0,0.0,0.0,0.0,0.0,1_2,1.0,-0.0,9999.0,0.0,0.0,0.0
lpJL9-mBNmk_00,382,2,1,255.0044117265425,1.5707963267948966,0.0,1.5707963267948966,0.0,0.0,0.5,0.0,0.0,1_2,1.0,0.003431290098859563,74317.35713960668,90.0,90.0,0.5
lpJL9-mBNmk_00,383,2,1,255.0044117265425,0.0,0.0,1.5707963267948966,0.0,0.0,0.0,0.0,0.0,1_2,1.0,-0.0,9999.0,0.0,90.0,0.0
lpJL9-mBNmk_00,384,2,1,255.00049019560728,1.5707963267948966,-1.5707963267948966,1.5707963267948966,-1.5707963267948966,0.0,0.5,0.0,-0.5,1_2,1.0,0.003921530935201645,65025.74999640929,180.0,180.0,1.0
lpJL9-mBNmk_00,385,2,1,255.00049019560728,0.0,0.0,1.5707963267948966,-1.5707963267948966,0.0,0.0,0.0,0.0,1_2,1.0,-0.0,9999.0,0.0,180.0,0.0
lpJL9-mBNmk_00,386,2,1,255.0019607767752,0.0,1.5707963267948966,1.5707963267948966,0.0,0.0,0.0,0.0,0.5,1_2,1.0,-0.0014705811679220915,9999.0,90.0,90.0,0.5
lpJL9-mBNmk_00,387,2,1,255.0019607767752,0.0,0.0,1.5707963267948966,0.0,0.0,0.0,0.0,0.0,1_2,1.0,-0.0,9999.0,0.0,90.0,0.0
lpJL9-mBNmk_00,388,2,1,255.0019607767752,0.0,0.0,1.5707963267948966,0.0,0.0,0.0,0.0,0.0,1_2,1.0,-0.0,9999.0,0.0,90.0,0.0
lpJL9-mBNmk_00,389,2,1,255.0019607767752,0.0,0.0,1.5707963267948966,0.0,0.0,0.0,0.0,0.0,1_2,1.0,-0.0,9999.0,0.0,90.0,0.0
lpJL9-mBNmk_00,390,2,1,255.0019607767752,0.0,0.0,1.5707963267948966,0.0,0.0,0.0,0.0,0.0,1_2,1.0,-0.0,9999.0,0.0,90.0,0.0
lpJL9-mBNmk_00,391,2,1,254.5019646289592,0.0,3.141592653589793,1.5707963267948966,3.141592653589793,0.0,0.0,-0.5,0.0,1_2,1.0,0.499996147816006,509.0078508417101,180.0,90.0,0.5
lpJL9-mBNmk_00,392,2,1,255.0044117265425,-2.356194490192345,0.0,2.356194490192345,3.141592653589793,-0.5,-0.5,0.0,0.0,1_2,1.0,-0.5024470975832855,9999.0,135.0,45.0,0.7071067811865476
lpJL9-mBNmk_00,393,2,1,255.0044117265425,0.0,0.0,2.356194490192345,3.141592653589793,0.0,0.0,0.0,0.0,1_2,1.0,-0.0,9999.0,0.0,45.0,0.0
lpJL9-mBNmk_00,394,2,1,254.5019646289592,0.7853981633974483,0.0,1.5707963267948966,3.141592653589793,0.5,0.5,0.0,0.0,1_2,1.0,0.5024470975832855,506.5248975525687,45.0,90.0,0.7071067811865476
lpJL9-mBNmk_00,395,2,1,254.5019646289592,0.0,0.0,1.5707963267948966,3.141592653589793,0.0,0.0,0.0,0.0,1_2,1.0,-0.0,9999.0,0.0,90.0,0.0
lpJL9-mBNmk_00,396,2,1,254.5019646289592,0.0,0.0,1.5707963267948966,3.141592653589793,0.0,0.0,0.0,0.0,1_2,1.0,-0.0,9999.0,0.0,90.0,0.0
lpJL9-mBNmk_00,397,2,1,254.5019646289592,0.0,0.0,1.5707963267948966,3.141592653589793,0.0,0.0,0.0,0.0,1_2,1.0,-0.0,9999.0,0.0,90.0,0.0
lpJL9-mBNmk_00,398,2,1,255.0019607767752,0.0,0.0,1.5707963267948966,0.0,0.0,0.0,0.5,0.0,1_2,1.0,-0.499996147816006,9999.0,0.0,90.0,0.5
lpJL9-mBNmk_00,399,2,1,254.5019646289592,0.0,3.141592653589793,1.5707963267948966,3.141592653589793,0.0,0.0,-0.5,0.0,1_2,1.0,0.499996147816006,509.0078508417101,180.0,90.0,0.5
lpJL9-mBNmk_00,400,2,1,255.0019607767752,0.0,0.0,1.5707963267948966,0.0,0.0,0.0,0.5,0.0,1_2,1.0,-0.499996147816006,9999.0,0.0,90.0,0.5
lpJL9-mBNmk_00,401,2,1,254.50049115866162,0.0,-2.356194490192345,1.5707963267948966,-2.356194490192345,0.0,0.0,-0.5,-0.5,1_2,1.0,0.5014696181135889,507.50929261882857,135.0,135.0,0.7071067811865476
lpJL9-mBNmk_00,402,2,1,255.19122731786842,1.5541312030809558,-0.7853981633974483,1.5546686929512603,-1.5707963267948966,0.25,15.0,0.5,-0.5,1_2,1.0,-0.6907361592068071,9999.0,134.04515874612778,179.0759546472273,15.502015997927495
lpJL9-mBNmk_00,403,2,1,255.5,-1.6207547225168393,0.0,2.356194490192345,-1.5707963267948966,-0.75,-15.0,0.0,0.0,1_2,1.0,-0.3087726821315755,9999.0,92.86240522611175,135.0,15.01873829587559
lpJL9-mBNmk_00,404,2,1,255.0,0.0,0.0,0.0,-1.5707963267948966,0.5,0.0,0.0,0.0,1_2,1.0,0.5,510.0,0.0,90.0,0.5
lpJL9-mBNmk_00,405,2,1,255.25,3.141592653589793,0.0,3.141592653589793,-1.5707963267948966,-0.25,0.0,0.0,0.0,1_2,1.0,-0.25,9999.0,180.0,90.00000000000001,0.25
lpJL9-mBNmk_00,406,2,1,255.00049019560728,-1.1071487177940904,0.0,-1.5707963267948966,-1.5707963267948966,0.25,-0.5,0.0,0.0,1_2,1.0,0.24950980439271575,1022.0058919778938,63.43494882292201,0.0,0.5590169943749475
lpJL9-mBNmk_00,407,2,1,254.75196270097703,-1.1071487177940904,0.0,-1.3258176636680323,-1.5707963267948966,0.25,-0.5,0.0,0.0,1_2,1.0,0.24852749463025248,1025.045390168943,63.43494882292201,14.036243467926486,0.5590169943749475
lpJL9-mBNmk_00,408,2,1,255.00049019560728,2.0344439357957027,0.0,-1.5707963267948966,-1.5707963267948966,-0.25,0.5,0.0,0.0,1_2,1.0,-0.24852749463025248,9999.0,116.56505117707799,0.0,0.5590169943749475
lpJL9-mBNmk_00,409,2,1,255.0019607767752,0.0,1.5707963267948966,-1.5707963267948966,-1.5707963267948966,0.0,0.0,0.0,0.5,1_2,1.0,-0.0014705811679220915,9999.0,90.0,0.0,0.5
lpJL9-mBNmk_00,410,2,1,255.0019607767752,0.0,0.0,-1.5707963267948966,-1.5707963267948966,0.0,0.0,0.0,0.0,1_2,1.0,-0.0,9999.0,0.0,0.0,0.0
lpJL9-mBNmk_00,411,2,1,255.0019607767752,-1.5707963267948966,-1.5707963267948966,-1.5707963267948966,-1.1071487177940904,0.0,-0.5,0.0,-0.5,1_2,1.0,-0.0,9999.0,0.0,26.565051177077994,0.0
lpJL9-mBNmk_00,412,2,1,255.00049019560728,1.5707963267948966,0.0,0.0,-1.1071487177940904,0.0,0.5,0.0,0.0,1_2,1.0,0.0014705811679220915,173401.16666659008,90.0,63.43494882292201,0.5
lpJL9-mBNmk_00,413,2,1,255.0019607767752,0.0,1.5707963267948966,0.0,-0.7853981633974483,0.0,0.0,0.0,0.5,1_2,1.0,-0.0014705811679220915,9999.0,90.0,45.0,0.5
lpJL9-mBNmk_00,414,2,1,255.00049019560728,0.0,-1.5707963267948966,-1.5707963267948966,-1.1071487177940904,0.0,0.0,0.0,-0.5,1_2,1.0,0.0014705811679220915,173401.16666659008,90.0,26.565051177077994,0.5
lpJL9-mBNmk_00,415,2,1,255.00049019560728,0.0,0.0,-1.5707963267948966,-1.1071487177940904,0.0,0.0,0.0,0.0,1_2,1.0,-0.0,9999.0,0.0,26.565051177077994,0.0
lpJL9-mBNmk_00,416,2,1,255.00049019560728,0.0,0.0,-1.5707963267948966,-1.1071487177940904,0.0,0.0,0.0,0.0,1_2,1.0,-0.0,9999.0,0.0,26.565051177077994,0.0
lpJL9-mBNmk_00,417,2,1,255.0019607767752,0.0,1.5707963267948966,-1.5707963267948966,-0.7853981633974483,0.0,0.0,0.0,0.5,1_2,1.0,-0.0014705811679220915,9999.0,90.0,45.0,0.5
lpJL9-mBNmk_00,418,2,1,255.0019607767752,0.0,0.0,-1.5707963267948966,-1.5707963267948966,0.0,0.0,0.0,0.0,1_2,1.0,-0.0,9999.0,0.0,0.0,0.0
lpJL9-mBNmk_00,419,2,1,255.00049019560728,0.0,-1.5707963267948966,-1.5707963267948966,-1.1071487177940904,0.0,0.0,0.0,-0.5,1_2,1.0,0.0014705811679220915,173401.16666659008,90.0,26.565051177077994,0.5
lpJL9-mBNmk_00,420,2,1,255.00049019560728,0.0,0.0,-1.5707963267948966,-1.5707963267948966,0.0,0.0,0.0,0.0,1_2,1.0,-0.0,9999.0,0.0,0.0,0.0
lpJL9-mBNmk_00,421,2,1,255.00049019560728,0.0,0.0,-1.5707963267948966,-0.7853981633974483,0.0,0.0,0.0,0.0,1_2,1.0,-0.0,9999.0,0.0,45.0,0.0
lpJL9-mBNmk_00,422,2,1,255.00049019560728,0.0,0.0,-1.5869239606385328,0.0,0.0,0.0,0.0,0.0,1_2,1.0,-0.0,9999.0,0.0,90.92404535277271,0.0
lpJL9-mBNmk_00,423,2,1,255.0019607767752,-1.5707963267948966,0.0,-1.1071487177940904,0.0,0.0,-0.5,0.0,0.0,1_2,1.0,-0.0014705811679220915,9999.0,90.0,63.43494882292201,0.5
lpJL9-mBNmk_00,424,2,1,255.00049019560728,1.5707963267948966,0.0,-1.5707963267948966,0.0,0.0,0.5,0.0,0.0,1_2,1.0,0.0014705811679220915,173401.16666659008,90.0,90.0,0.5
lpJL9-mBNmk_00,425,2,1,255.5004892363222,3.141592653589793,0.0,-2.0344439357957027,0.0,-0.5,0.0,0.0,0.0,1_2,1.0,-0.4999990407149255,9999.0,180.0,116.56505117707799,0.5
lpJL9-mBNmk_00,426,2,1,255.5004892363222,0.0,0.0,3.141592653589793,0.0,0.0,0.0,0.0,0.0,1_2,1.0,-0.0,9999.0,0.0,180.0,0.0
lpJL9-mBNmk_00,427,2,1,255.00049019560728,0.0,0.0,2.0344439357957027,0.0,0.5,0.0,0.0,0.0,1_2,1.0,0.4999990407149255,510.00195886574875,0.0,116.56505117707799,0.5
lpJL9-mBNmk_00,428,2,1,255.00049019560728,0.0,0.0,0.0,0.0,0.0,0.0,0.0,0.0,1_2,1.0,-0.0,9999.0,0.0,0.0,0.0
lpJL9-mBNmk_00,429,2,1,255.00049019560728,0.0,0.0,0.0,-1.5707963267948966,0.0,0.0,0.0,0.0,1_2,1.0,-0.0,9999.0,0.0,90.0,0.0
lpJL9-mBNmk_00,430,2,1,255.00049019560728,0.0,0.0,0.0,-1.5707963267948966,0.0,0.0,0.0,0.0,1_2,1.0,-0.0,9999.0,0.0,90.0,0.0
lpJL9-mBNmk_00,431,2,1,255.00049019560728,0.0,0.0,1.5707963267948966,0.0,0.0,0.0,0.0,0.0,1_2,1.0,-0.0,9999.0,0.0,90.0,0.0
lpJL9-mBNmk_00,432,2,1,255.00049019560728,0.0,0.0,0.0,0.0,0.0,0.0,0.0,0.0,1_2,1.0,-0.0,9999.0,0.0,0.0,0.0
lpJL9-mBNmk_00,433,2,1,255.00049019560728,0.0,0.0,0.0,-1.5707963267948966,0.0,0.0,0.0,0.0,1_2,1.0,-0.0,9999.0,0.0,90.0,0.0
lpJL9-mBNmk_00,434,2,1,255.00049019560728,0.0,0.0,0.0,0.0,0.0,0.0,0.0,0.0,1_2,1.0,-0.0,9999.0,0.0,0.0,0.0
lpJL9-mBNmk_00,435,2,1,255.0,0.0,-1.5707963267948966,0.0,-1.5707963267948966,0.0,0.0,0.0,-0.5,1_2,1.0,0.0004901956072842495,520200.4999855767,90.0,90.0,0.5
lpJL9-mBNmk_00,436,2,1,255.00049019560728,0.0,1.5707963267948966,0.0,0.0,0.0,0.0,0.0,0.5,1_2,1.0,-0.0004901956072842495,9999.0,90.0,0.0,0.5
lpJL9-mBNmk_00,437,2,1,255.00049019560728,0.0,0.0,0.0,-1.5707963267948966,0.0,0.0,0.0,0.0,1_2,1.0,-0.0,9999.0,0.0,90.0,0.0
lpJL9-mBNmk_00,438,2,1,255.00049019560728,0.0,0.0,0.0,-1.5707963267948966,0.0,0.0,0.0,0.0,1_2,1.0,-0.0,9999.0,0.0,90.0,0.0
lpJL9-mBNmk_00,439,2,1,255.5004892363222,0.0,0.0,0.0,0.0,0.0,0.0,0.5,0.0,1_2,1.0,-0.4999990407149255,9999.0,0.0,0.0,0.5
lpJL9-mBNmk_00,444,2,1,255.0044117265425,0.0,2.0344439357957027,0.0,1.5707963267948966,0.0,0.0,-0.5,1.0,1_2,5.0,0.09921550195594478,2570.2073436041633,116.56505117707799,90.0,0.223606797749979
lpJL9-mBNmk_00,445,2,1,255.00784301664135,0.0,1.5707963267948966,0.0,1.5707963267948966,0.0,0.0,0.0,0.5,1_2,1.0,-0.003431290098859563,9999.0,90.0,90.0,0.5
lpJL9-mBNmk_00,446,2,1,255.0044117265425,0.0,-1.5707963267948966,0.0,1.5707963267948966,0.0,0.0,0.0,-0.5,1_2,1.0,0.003431290098859563,74317.35713960668,90.0,90.0,0.5
lpJL9-mBNmk_00,447,2,1,255.0044117265425,0.0,0.0,0.0,1.5707963267948966,0.0,0.0,0.0,0.0,1_2,1.0,-0.0,9999.0,0.0,90.0,0.0
lpJL9-mBNmk_00,448,2,1,255.0044117265425,0.0,0.0,0.0,1.5707963267948966,0.0,0.0,0.0,0.0,1_2,1.0,-0.0,9999.0,0.0,90.0,0.0
lpJL9-mBNmk_00,449,2,1,255.0044117265425,0.0,0.0,0.0,1.5707963267948966,0.0,0.0,0.0,0.0,1_2,1.0,-0.0,9999.0,0.0,90.0,0.0
lpJL9-mBNmk_00,179,21,1,55.02045074333724,0.0,0.0,0.0,2.677945044588987,,,0.0,0.0,1_21,,0.0,9999.0,0.0,153.434948822922,0.0
lpJL9-mBNmk_00,180,21,1,55.520266569965244,0.0,0.0,0.0,3.141592653589793,0.0,0.0,0.5,0.0,1_21,1.0,-0.4998158266280015,9999.0,0.0,180.0,0.5
lpJL9-mBNmk_00,181,21,1,55.520266569965244,0.0,0.0,0.0,3.141592653589793,0.0,0.0,0.0,0.0,1_21,1.0,-0.0,9999.0,0.0,180.0,0.0
lpJL9-mBNmk_00,182,21,1,55.520266569965244,0.0,0.0,0.0,3.141592653589793,0.0,0.0,0.0,0.0,1_21,1.0,-0.0,9999.0,0.0,180.0,0.0
lpJL9-mBNmk_00,183,21,1,56.02008568361887,0.0,0.0,0.0,0.0,0.0,0.0,0.5,0.0,1_21,1.0,-0.4998191136536292,9999.0,0.0,0.0,0.5
lpJL9-mBNmk_00,184,21,1,54.037024344425184,-0.24497866312686417,0.0,-0.24497866312686417,0.0,2.0,-0.5,0.0,0.0,1_21,1.0,1.9830613391936893,27.24929545870557,14.036243467926484,14.036243467926484,2.0615528128088303
lpJL9-mBNmk_00,185,21,1,54.037024344425184,0.0,0.0,-0.24497866312686417,0.0,0.0,0.0,0.0,0.0,1_21,1.0,-0.0,9999.0,0.0,14.036243467926484,0.0
lpJL9-mBNmk_00,186,21,1,54.037024344425184,0.0,0.0,-0.24497866312686417,0.0,0.0,0.0,0.0,0.0,1_21,1.0,-0.0,9999.0,0.0,14.036243467926484,0.0
lpJL9-mBNmk_00,187,21,1,54.037024344425184,0.0,0.0,-0.24497866312686417,0.0,0.0,0.0,0.0,0.0,1_21,1.0,-0.0,9999.0,0.0,14.036243467926484,0.0
lpJL9-mBNmk_00,188,21,1,54.037024344425184,0.0,0.0,-0.24497866312686417,0.0,0.0,0.0,0.0,0.0,1_21,1.0,-0.0,9999.0,0.0,14.036243467926484,0.0
lpJL9-mBNmk_00,192,21,1,53.53737012592232,0.0,0.0,-0.24497866312686417,3.141592653589793,0.0,0.0,0.0,0.0,1_21,4.0,0.1249135546257154,428.5953616990483,0.0,165.96375653207352,0.0
lpJL9-mBNmk_00,193,21,1,53.53737012592232,0.0,0.0,-0.24497866312686417,3.141592653589793,0.0,0.0,0.0,0.0,1_21,1.0,-0.0,9999.0,0.0,165.96375653207352,0.0
lpJL9-mBNmk_00,194,21,1,54.037024344425184,0.0,0.0,-0.24497866312686417,0.0,0.0,0.0,0.5,0.0,1_21,1.0,-0.4996542185028616,9999.0,0.0,14.036243467926484,0.5
lpJL9-mBNmk_00,195,21,1,54.037024344425184,0.0,0.0,-0.24497866312686417,0.0,0.0,0.0,0.0,0.0,1_21,1.0,-0.0,9999.0,0.0,14.036243467926484,0.0
lpJL9-mBNmk_00,196,21,1,54.037024344425184,0.0,0.0,-0.24497866312686417,0.0,0.0,0.0,0.0,0.0,1_21,1.0,-0.0,9999.0,0.0,14.036243467926484,0.0
lpJL9-mBNmk_00,197,21,1,54.037024344425184,0.0,0.0,-0.24497866312686417,0.0,0.0,0.0,0.0,0.0,1_21,1.0,-0.0,9999.0,0.0,14.036243467926484,0.0
lpJL9-mBNmk_00,198,21,1,54.037024344425184,0.0,0.0,-0.24497866312686417,0.0,0.0,0.0,0.0,0.0,1_21,1.0,-0.0,9999.0,0.0,14.036243467926484,0.0
lpJL9-mBNmk_00,199,21,1,54.037024344425184,0.0,0.0,-0.24497866312686417,0.0,0.0,0.0,0.0,0.0,1_21,1.0,-0.0,9999.0,0.0,14.036243467926484,0.0
lpJL9-mBNmk_00,200,21,1,54.037024344425184,0.0,0.0,-0.24497866312686417,0.0,0.0,0.0,0.0,0.0,1_21,1.0,-0.0,9999.0,0.0,14.036243467926484,0.0
lpJL9-mBNmk_00,201,21,1,54.037024344425184,0.0,0.0,-0.24497866312686417,0.0,0.0,0.0,0.0,0.0,1_21,1.0,-0.0,9999.0,0.0,14.036243467926484,0.0
lpJL9-mBNmk_00,202,21,1,54.037024344425184,0.0,0.0,-0.24497866312686417,0.0,0.0,0.0,0.0,0.0,1_21,1.0,-0.0,9999.0,0.0,14.036243467926484,0.0
lpJL9-mBNmk_00,203,21,1,54.037024344425184,0.0,0.0,-0.24497866312686417,0.0,0.0,0.0,0.0,0.0,1_21,1.0,-0.0,9999.0,0.0,14.036243467926484,0.0
lpJL9-mBNmk_00,204,21,1,54.037024344425184,0.0,0.0,-0.24497866312686417,0.0,0.0,0.0,0.0,0.0,1_21,1.0,-0.0,9999.0,0.0,14.036243467926484,0.0
lpJL9-mBNmk_00,205,21,1,54.037024344425184,0.0,0.0,-0.24497866312686417,0.0,0.0,0.0,0.0,0.0,1_21,1.0,-0.0,9999.0,0.0,14.036243467926484,0.0
lpJL9-mBNmk_00,206,21,1,54.037024344425184,0.0,0.0,-0.24497866312686417,0.0,0.0,0.0,0.0,0.0,1_21,1.0,-0.0,9999.0,0.0,14.036243467926484,0.0
lpJL9-mBNmk_00,207,21,1,54.037024344425184,0.0,0.0,0.0,0.0,0.0,0.0,0.0,0.0,1_21,1.0,-0.0,9999.0,0.0,0.0,0.0
lpJL9-mBNmk_00,208,21,1,54.037024344425184,0.0,0.0,0.0,0.0,0.0,0.0,0.0,0.0,1_21,1.0,-0.0,9999.0,0.0,0.0,0.0
lpJL9-mBNmk_00,209,21,1,54.037024344425184,0.0,0.0,0.0,0.0,0.0,0.0,0.0,0.0,1_21,1.0,-0.0,9999.0,0.0,0.0,0.0
lpJL9-mBNmk_00,210,21,1,54.037024344425184,0.0,0.0,0.0,0.0,0.0,0.0,0.0,0.0,1_21,1.0,-0.0,9999.0,0.0,0.0,0.0
lpJL9-mBNmk_00,211,21,1,54.037024344425184,0.0,0.0,0.0,0.0,0.0,0.0,0.0,0.0,1_21,1.0,-0.0,9999.0,0.0,0.0,0.0
lpJL9-mBNmk_00,212,21,1,54.037024344425184,0.0,0.0,0.0,0.0,0.0,0.0,0.0,0.0,1_21,1.0,-0.0,9999.0,0.0,0.0,0.0
lpJL9-mBNmk_00,213,21,1,54.037024344425184,0.0,0.0,0.0,0.0,0.0,0.0,0.0,0.0,1_21,1.0,-0.0,9999.0,0.0,0.0,0.0
lpJL9-mBNmk_00,214,21,1,54.037024344425184,0.0,0.0,0.0,0.0,0.0,0.0,0.0,0.0,1_21,1.0,-0.0,9999.0,0.0,0.0,0.0
lpJL9-mBNmk_00,215,21,1,54.037024344425184,0.0,0.0,0.0,0.0,0.0,0.0,0.0,0.0,1_21,1.0,-0.0,9999.0,0.0,0.0,0.0
lpJL9-mBNmk_00,216,21,1,54.037024344425184,0.0,0.0,0.0,0.0,0.0,0.0,0.0,0.0,1_21,1.0,-0.0,9999.0,0.0,0.0,0.0
lpJL9-mBNmk_00,217,21,1,54.037024344425184,0.0,0.0,0.0,0.0,0.0,0.0,0.0,0.0,1_21,1.0,-0.0,9999.0,0.0,0.0,0.0
lpJL9-mBNmk_00,218,21,1,54.037024344425184,0.0,0.0,0.0,0.0,0.0,0.0,0.0,0.0,1_21,1.0,-0.0,9999.0,0.0,0.0,0.0
lpJL9-mBNmk_00,219,21,1,54.037024344425184,0.0,0.0,0.0,0.0,0.0,0.0,0.0,0.0,1_21,1.0,-0.0,9999.0,0.0,0.0,0.0
lpJL9-mBNmk_00,250,21,1,36.513696060519536,0.0,3.141592653589793,0.0,-2.356194490192345,17.0,0.0,-0.5,0.0,1_21,31.0,0.5652686543195371,64.59529602693827,180.0,135.0,0.5645161290322581
lpJL9-mBNmk_00,251,21,1,37.52998800959041,3.141592653589793,1.5707963267948966,0.0,-2.356194490192345,-1.0,0.0,0.0,0.5,1_21,1.0,-1.016291949070876,9999.0,90.0,135.0,1.118033988749895
lpJL9-mBNmk_00,252,21,1,36.513696060519536,0.0,-1.5707963267948966,0.0,-1.5707963267948966,1.0,0.0,0.0,-0.5,1_21,1.0,1.016291949070876,35.928353160626166,90.0,90.0,1.118033988749895
lpJL9-mBNmk_00,253,21,1,36.513696060519536,0.0,0.0,0.0,-2.356194490192345,0.0,0.0,0.0,0.0,1_21,1.0,-0.0,9999.0,0.0,135.0,0.0
lpJL9-mBNmk_00,254,21,1,37.51333096380539,3.141592653589793,0.0,0.0,-2.356194490192345,-1.0,0.0,0.0,0.0,1_21,1.0,-0.9996349032858518,9999.0,180.0,135.0,1.0
lpJL9-mBNmk_00,255,21,1,37.013511046643494,0.0,0.0,0.0,-2.356194490192345,0.5,0.0,0.0,0.0,1_21,1.0,0.49981991716189356,74.05369369195161,0.0,135.0,0.5
lpJL9-mBNmk_00,283,21,1,53.03772242470448,3.141592653589793,0.0,0.0,1.5707963267948966,-15.5,0.0,0.0,0.0,1_21,28.0,-0.5722932635021779,9999.0,180.0,90.0,0.5535714285714286
lpJL9-mBNmk_00,284,21,1,53.03772242470448,0.0,0.0,0.0,1.5707963267948966,0.0,0.0,0.0,0.0,1_21,1.0,-0.0,9999.0,0.0,90.0,0.0
lpJL9-mBNmk_00,285,21,1,53.03772242470448,0.0,0.0,0.0,1.5707963267948966,0.0,0.0,0.0,0.0,1_21,1.0,-0.0,9999.0,0.0,90.0,0.0
lpJL9-mBNmk_00,204,22,1,485.3279432507467,0.0,0.0,0.0,0.0,,,0.0,0.0,1_22,,0.0,9999.0,0.0,0.0,0.0
lpJL9-mBNmk_00,205,22,1,484.7115766102559,0.321750554396628,0.0,0.321750554396628,0.0,0.5999999999999943,0.19999999999998863,0.0,0.0,1_22,1.0,0.6163666404908099,786.4013799064179,18.4349488229212,18.4349488229212,0.6324555320336669
lpJL9-mBNmk_00,206,22,1,484.754257330454,3.141592653589793,0.0,0.34877100358389873,0.0,-0.05000000000001137,0.0,0.0,0.0,1_22,1.0,-0.04268072019806368,9999.0,180.0,19.983106521899508,0.05000000000001137
lpJL9-mBNmk_00,207,22,1,484.62621936911336,0.0,0.0,0.2782996590051007,0.0,0.15000000000000568,0.0,0.0,0.0,1_22,1.0,0.12803796134062395,3785.019804242626,0.0,15.945395900922243,0.15000000000000568
lpJL9-mBNmk_00,211,22,1,484.33253039621445,-0.655695626241532,0.0,-0.21866894587395092,0.0,0.6500000000000057,-0.5,0.0,0.0,1_22,4.0,0.07342224322472646,6596.53681397064,37.56859202882725,12.528807709152025,0.2050152433357102
lpJL9-mBNmk_00,212,22,1,484.33253039621445,0.0,0.0,-0.21866894587395092,0.0,0.0,0.0,0.0,0.0,1_22,1.0,-0.0,9999.0,0.0,12.528807709152025,0.0
lpJL9-mBNmk_00,213,22,1,483.9887653654783,0.7853981633974483,0.0,-0.031239833430275487,0.0,0.25,0.25,0.0,0.0,1_22,1.0,0.34376503073616504,1407.9057556524212,45.0,1.7899106082464824,0.3535533905932738
lpJL9-mBNmk_00,214,22,1,483.90624091863083,-0.7853981633974483,0.0,-0.16076274062584117,0.0,0.25,-0.25,0.0,0.0,1_22,1.0,0.08252444684745797,5863.792602125594,45.0,9.21102654081704,0.3535533905932738
lpJL9-mBNmk_00,215,22,1,484.116693060671,2.582993338246237,0.0,-0.03446910099951612,0.0,-0.4000000000000057,0.25,0.0,0.0,1_22,1.0,-0.21045214204019658,9999.0,147.99461679191685,1.9749340108824407,0.471699056602835
lpJL9-mBNmk_00,216,22,1,484.75896072171787,-2.7468015338900282,0.0,-0.33929261445405867,0.0,-0.5999999999999943,-0.25,0.0,0.0,1_22,1.0,-0.6422676610468443,9999.0,157.38013505195937,19.440034828176994,0.6499999999999947
lpJL9-mBNmk_00,217,22,1,484.97222858633876,3.141592653589793,0.0,-0.46364760900082513,0.0,-0.25,0.0,0.0,0.0,1_22,1.0,-0.21326786462088876,9999.0,180.0,26.565051177079088,0.25
lpJL9-mBNmk_00,218,22,1,485.10535969003683,-1.2793395323170191,0.0,-0.8176450458327092,0.0,0.15000000000000568,-0.5,0.0,0.0,1_22,1.0,-0.13313110369807646,9999.0,73.30075576600578,46.847610265994994,0.5220153254455291
lpJL9-mBNmk_00,219,22,1,485.0174069041234,1.768191886644821,0.0,-0.6659692373791278,0.0,-0.05000000000001137,0.25,0.0,0.0,1_22,1.0,0.08795278591344413,5514.520112886901,101.30993247402272,38.15722658737008,0.2549509756796415
lpJL9-mBNmk_00,220,22,1,485.2332557646889,-1.951302703907242,0.0,-0.9272952180016235,0.0,-0.09999999999999432,-0.25,0.0,0.0,1_22,1.0,-0.21584886056552932,9999.0,111.80140948635069,53.13010235415663,0.2692582403567231
lpJL9-mBNmk_00,221,22,1,485.2332557646889,0.0,0.0,-0.9272952180016235,0.0,0.0,0.0,0.0,0.0,1_22,1.0,-0.0,9999.0,0.0,53.13010235415663,0.0
lpJL9-mBNmk_00,222,22,1,485.1002061430195,3.141592653589793,-1.5707963267948966,-1.0584068664841757,-1.5707963267948966,-0.15000000000000568,0.0,0.0,-0.5,1_22,1.0,0.13304962166944279,3646.0096620810714,90.00000000000001,29.357753542790313,0.5220153254455291
lpJL9-mBNmk_00,223,22,1,485.05306153038555,2.0344439357957027,0.0,-0.9827937232473727,-1.5707963267948966,-0.25,0.5,0.0,0.0,1_22,1.0,0.04714461263392877,10288.621211012036,116.56505117707799,33.690067525977284,0.5590169943749475
lpJL9-mBNmk_00,224,22,1,484.94897927513983,1.5707963267948966,0.0,-0.46364760900091984,-1.5707963267948966,0.0,0.19999999999998863,0.0,0.0,1_22,1.0,0.10408225524571435,4659.285851659213,90.0,63.43494882291548,0.19999999999998863
lpJL9-mBNmk_00,225,22,1,484.924994200134,-0.9272952180015667,0.0,-0.708626272127697,-1.5707963267948966,0.15000000000000568,-0.19999999999998863,0.0,0.0,1_22,1.0,0.023985075005839462,20217.781019324437,53.13010235415337,49.39870535499399,0.2499999999999943
lpJL9-mBNmk_00,226,22,1,484.61872900250154,2.0344439357957027,-1.5707963267948966,1.1071487177940904,-1.5707963267948966,-0.25,0.5,0.0,-0.5,1_22,1.0,0.30626519763245597,1582.34997887055,153.434948822922,153.434948822922,1.0307764064044151
lpJL9-mBNmk_00,227,22,1,484.66483264210535,0.0,1.5707963267948966,0.5191461142465055,-1.5707963267948966,0.25,0.0,0.0,0.5,1_22,1.0,-0.04610363960381392,9999.0,90.0,119.74488129694123,0.5590169943749475
lpJL9-mBNmk_00,228,22,1,485.4842144704604,-2.1815222911840975,1.5707963267948966,-2.4468543773930853,0.0,-0.3499999999999943,-0.5,0.0,0.5,1_22,1.0,-0.8193818283550627,9999.0,145.0079798014418,140.19442890773453,1.0594810050208527
lpJL9-mBNmk_00,229,22,1,485.45601242543074,2.0344439357957027,0.0,-2.8632929945846923,0.0,-0.15000000000000568,0.30000000000001137,0.0,0.0,1_22,1.0,0.028202045029672718,17213.503911317755,116.56505117707799,164.05460409907775,0.33541019662498117
lpJL9-mBNmk_00,230,22,1,485.2219208774476,-1.5707963267948966,-1.5707963267948966,-2.855541211872473,-1.5707963267948966,0.0,-0.05000000000001137,0.0,-0.5,1_22,1.0,0.23409154798315512,2072.7870145587804,0.0,73.61045966596511,0.44999999999998863
lpJL9-mBNmk_00,231,22,1,485.8683360747024,-2.4468543773931084,1.5707963267948966,3.141592653589793,0.0,-0.30000000000001137,-0.25,0.0,0.5,1_22,1.0,-0.6464151972548393,9999.0,129.8055710922641,180.0,0.8077747210701799
lpJL9-mBNmk_00,232,22,1,485.8683360747024,3.141592653589793,3.141592653589793,3.141592653589793,3.141592653589793,-0.5,0.0,-0.5,0.0,1_22,1.0,-0.0,9999.0,0.0,0.0,0.0
lpJL9-mBNmk_00,236,22,1,485.95588791576546,-1.3734007669449722,2.356194490192345,-2.9441970937399122,3.141592653589793,0.05000000000001137,-0.25,-0.5,0.5,1_22,4.0,-0.02188796026575801,9999.0,146.30993247402273,11.309932474020211,0.2325134404717301
lpJL9-mBNmk_00,237,22,1,485.9819466811499,-1.5707963267948966,0.0,-3.0329314377492014,3.141592653589793,0.0,-0.05000000000001137,0.0,0.0,1_22,1.0,-0.02605876538444818,9999.0,90.0,6.225829064425983,0.05000000000001137
lpJL9-mBNmk_00,264,22,1,482.6590126580047,0.2186689458739453,0.0,0.19739555984988078,0.0,3.5999999999999943,0.8000000000000114,0.0,0.0,1_22,27.0,0.12307163048685904,3921.7731230881886,12.528807709151705,11.309932474020217,0.13658584381174638
lpJL9-mBNmk_00,265,22,1,482.31790605367325,0.0,0.0,0.21866894587394198,0.0,0.4000000000000057,0.0,0.0,0.0,1_22,1.0,0.3411066043314577,1413.9799696900584,0.0,12.528807709151511,0.4000000000000057
lpJL9-mBNmk_00,266,22,1,482.4458104284874,3.141592653589793,0.0,0.20963984587421303,0.0,-0.15000000000000568,0.0,0.0,0.0,1_22,1.0,-0.1279043748141362,9999.0,180.0,12.011478386365471,0.15000000000000568
lpJL9-mBNmk_00,267,22,1,482.4031742225584,0.0,0.0,0.4182243295792291,0.0,0.05000000000001137,0.0,0.0,0.0,1_22,1.0,0.04263620592899997,11314.402013769266,0.0,23.962488974578193,0.05000000000001137
lpJL9-mBNmk_00,268,22,1,482.2752740914674,0.0,0.0,0.2970642123410408,0.0,0.15000000000000568,0.0,0.0,0.0,1_22,1.0,0.12790013109099618,3770.7175901825035,0.0,17.02052561151974,0.15000000000000568
lpJL9-mBNmk_00,269,22,1,482.2752740914674,0.0,0.0,0.373726819965552,1.5707963267948966,0.0,0.0,0.0,0.0,1_22,1.0,-0.0,9999.0,0.0,68.58703052512833,0.0
lpJL9-mBNmk_00,270,22,1,482.1047603996459,0.0,0.0,0.348771003583907,0.7853981633974483,0.19999999999998863,0.0,0.0,0.0,1_22,1.0,0.17051369182149756,2827.3668539435403,0.0,25.016893478100023,0.19999999999998863
lpJL9-mBNmk_00,271,22,1,482.23264354458627,3.141592653589793,0.0,0.348771003583907,0.0,-0.15000000000000568,0.0,0.0,0.0,1_22,1.0,-0.12788314494036968,9999.0,180.0,19.983106521899984,0.15000000000000568
lpJL9-mBNmk_00,272,22,1,482.5793328562673,3.141592653589793,1.5707963267948966,0.17073521147528248,1.1071487177940904,-0.09999999999999432,0.0,0.0,0.5,1_22,1.0,-0.34668931168101835,9999.0,90.0,53.65254179111474,0.5099019513592773
lpJL9-mBNmk_00,273,22,1,482.5793328562673,0.0,0.0,0.1030816085227039,1.1071487177940904,0.0,0.0,0.0,0.0,1_22,1.0,-0.0,9999.0,0.0,57.52880770915128,0.0
lpJL9-mBNmk_00,274,22,1,482.6219431397623,3.141592653589793,0.0,0.1831108172624849,1.1071487177940904,-0.05000000000001137,0.0,0.0,0.0,1_22,1.0,-0.04261028349503704,9999.0,180.0,52.94347181059037,0.05000000000001137
lpJL9-mBNmk_00,275,22,1,482.366302720246,0.0,0.0,0.0,1.1071487177940904,0.30000000000001137,0.0,0.0,0.0,1_22,1.0,0.25564041951633953,1886.8937221776662,0.0,63.43494882292201,0.30000000000001137
lpJL9-mBNmk_00,276,22,1,482.15330808779066,0.0,0.0,0.0,1.5707963267948966,0.25,0.0,0.0,0.0,1_22,1.0,0.21299463245532024,2263.6875987423377,0.0,90.0,0.25
lpJL9-mBNmk_00,277,22,1,481.940349005974,0.0,0.0,0.12914729012802023,1.5707963267948966,0.25,0.0,0.0,0.0,1_22,1.0,0.21295908181667755,2263.0654907727517,0.0,82.60040534011289,0.25
lpJL9-mBNmk_00,278,22,1,482.0681201863488,3.141592653589793,0.0,0.05190139845817008,1.5707963267948966,-0.15000000000000568,0.0,0.0,0.0,1_22,1.0,-0.1277711803747934,9999.0,180.0,87.02626891752006,0.15000000000000568
lpJL9-mBNmk_00,279,22,1,481.940349005974,0.0,0.0,0.06241880999595735,1.5707963267948966,0.15000000000000568,0.0,0.0,0.0,1_22,1.0,0.1277711803747934,3771.901829444559,0.0,86.42366562500266,0.15000000000000568
lpJL9-mBNmk_00,280,22,1,482.0681201863488,3.141592653589793,0.0,0.11990398536502374,0.0,-0.15000000000000568,0.0,0.0,0.0,1_22,1.0,-0.1277711803747934,9999.0,180.0,6.869992308214251,0.15000000000000568
lpJL9-mBNmk_00,281,22,1,482.0681201863488,0.0,0.0,0.10711532335223162,1.5707963267948966,0.0,0.0,0.0,0.0,1_22,1.0,-0.0,9999.0,0.0,83.86274405073803,0.0
lpJL9-mBNmk_00,282,22,1,482.0451638591554,-0.9272952180015667,0.0,0.11527612597095442,1.5707963267948966,0.15000000000000568,-0.19999999999998863,0.0,0.0,1_22,1.0,0.02295632719335572,20998.357437537936,53.13010235415337,83.3951645032459,0.2499999999999943
lpJL9-mBNmk_00,283,22,1,482.287632020561,-1.8925468811915103,0.0,0.06442683942555591,1.5707963267948966,-0.09999999999999432,-0.30000000000001137,0.0,0.0,1_22,1.0,-0.24246816140555438,9999.0,108.43494882292038,86.30861401354859,0.31622776601684693
lpJL9-mBNmk_00,284,22,1,482.3302006924302,3.141592653589793,0.0,-0.46364760900080615,1.5707963267948966,-0.05000000000001137,0.0,0.0,0.0,1_22,1.0,-0.04256867186921909,9999.0,180.0,116.56505117707799,0.05000000000001137
lpJL9-mBNmk_00,285,22,1,482.17290726460357,1.5707963267948966,0.0,-0.321750554396628,1.5707963267948966,0.0,0.30000000000001137,0.0,0.0,1_22,1.0,0.15729342782663025,3065.4358158947202,90.0,108.4349488229212,0.30000000000001137
lpJL9-mBNmk_00,286,22,1,481.940349005974,0.9272952180015667,0.0,0.0,1.5707963267948966,0.15000000000000568,0.19999999999998863,0.0,0.0,1_22,1.0,0.2325582586295809,2072.3424394642084,53.13010235415337,90.0,0.2499999999999943
lpJL9-mBNmk_00,287,22,1,481.940349005974,0.0,0.0,0.0,1.5707963267948966,0.0,0.0,0.0,0.0,1_22,1.0,-0.0,9999.0,0.0,90.0,0.0
lpJL9-mBNmk_00,288,22,1,481.940349005974,0.0,0.0,0.0,1.5707963267948966,0.0,0.0,0.0,0.0,1_22,1.0,-0.0,9999.0,0.0,90.0,0.0
lpJL9-mBNmk_00,289,22,1,481.940349005974,0.0,0.0,0.0,1.5707963267948966,0.0,0.0,0.0,0.0,1_22,1.0,-0.0,9999.0,0.0,90.0,0.0
lpJL9-mBNmk_00,290,22,1,482.15653319228187,-1.951302703907242,0.0,-0.5585993153435561,1.5707963267948966,-0.09999999999999432,-0.25,0.0,0.0,1_22,1.0,-0.21618418630788483,9999.0,111.80140948635069,122.00538320808315,0.2692582403567231
lpJL9-mBNmk_00,291,22,1,482.38584141742797,2.9764439761751356,0.0,-0.6747409422235249,1.5707963267948966,-0.30000000000001137,0.05000000000001137,0.0,0.0,1_22,1.0,-0.22930822514609872,9999.0,170.5376777919726,128.6598082540885,0.30413812651492406
lpJL9-mBNmk_00,292,22,1,482.366302720246,2.0344439357957027,0.0,0.0,0.0,-0.09999999999999432,0.19999999999998863,0.0,0.0,1_22,1.0,0.019538697181985754,24687.741369213556,116.56505117707799,0.0,0.22360679774996628
lpJL9-mBNmk_00,293,22,1,482.366302720246,0.0,0.0,0.0,0.0,0.0,0.0,0.0,0.0,1_22,1.0,-0.0,9999.0,0.0,0.0,0.0
lpJL9-mBNmk_00,294,22,1,482.6840089540982,-2.4668517113662682,0.0,-1.3258176636679655,0.0,-0.25,-0.19999999999998863,0.0,0.0,1_22,1.0,-0.3177062338522205,9999.0,141.3401917459115,75.96375653206968,0.32015621187163534
lpJL9-mBNmk_00,295,22,1,482.5793328562673,1.5707963267948966,0.0,3.141592653589793,0.0,0.0,0.19999999999998863,0.0,0.0,1_22,1.0,0.10467609783091802,4610.215157578491,90.0,180.0,0.19999999999998863
lpJL9-mBNmk_00,296,22,1,482.45151051686014,0.0,0.0,3.141592653589793,0.0,0.15000000000000568,0.0,0.0,0.0,1_22,1.0,0.12782233940714605,3774.3911804033855,0.0,180.0,0.15000000000000568
lpJL9-mBNmk_00,297,22,1,482.366302720246,0.0,0.0,3.141592653589793,0.0,0.09999999999999432,0.0,0.0,0.0,1_22,1.0,0.08520779661415645,5661.0582820786785,0.0,180.0,0.09999999999999432
lpJL9-mBNmk_00,298,22,1,482.4710250367373,-1.5707963267948966,0.0,-2.6224465393432874,0.0,0.0,-0.19999999999998863,0.0,0.0,1_22,1.0,-0.10472231649129071,9999.0,90.0,150.25511870305877,0.19999999999998863
lpJL9-mBNmk_00,299,22,1,482.4710250367373,0.0,0.0,-2.7610862764774478,0.0,0.0,0.0,0.0,0.0,1_22,1.0,-0.0,9999.0,0.0,158.1985905136493,0.0
lpJL9-mBNmk_00,300,22,1,482.38584141742797,0.0,0.0,-2.4668517113662682,0.0,0.09999999999999432,0.0,0.0,0.0,1_22,1.0,0.08518361930930496,5662.894407736617,0.0,141.3401917459115,0.09999999999999432
lpJL9-mBNmk_00,301,22,1,482.38584141742797,0.0,0.0,-2.4668517113662682,0.0,0.0,0.0,0.0,0.0,1_22,1.0,-0.0,9999.0,0.0,141.3401917459115,0.0
lpJL9-mBNmk_00,302,22,1,482.4153423140686,-1.1071487177940904,0.0,-2.2655346029915813,0.0,0.15000000000000568,-0.30000000000001137,0.0,0.0,1_22,1.0,-0.02950089664062716,9999.0,63.43494882292201,129.8055710922641,0.33541019662498117
lpJL9-mBNmk_00,303,22,1,482.4153423140686,0.0,0.0,3.141592653589793,0.0,0.0,0.0,0.0,0.0,1_22,1.0,-0.0,9999.0,0.0,180.0,0.0
lpJL9-mBNmk_00,304,22,1,482.4153423140686,0.0,0.0,3.141592653589793,0.0,0.0,0.0,0.0,0.0,1_22,1.0,-0.0,9999.0,0.0,180.0,0.0
lpJL9-mBNmk_00,305,22,1,482.4153423140686,0.0,0.0,-1.8925468811915103,0.0,0.0,0.0,0.0,0.0,1_22,1.0,-0.0,9999.0,0.0,108.43494882292038,0.0
lpJL9-mBNmk_00,306,22,1,482.9033857822908,-2.7233683240105755,0.0,-2.356194490192345,0.0,-0.44999999999998863,-0.19999999999998863,0.0,0.0,1_22,1.0,-0.4880434682222017,9999.0,156.03751102542248,135.0,0.49244289008979025
lpJL9-mBNmk_00,307,22,1,482.9459622980608,3.141592653589793,0.0,-2.390663591191861,0.0,-0.05000000000001137,0.0,0.0,0.0,1_22,1.0,-0.04257651577000843,9999.0,180.0,136.97493401088244,0.05000000000001137
lpJL9-mBNmk_00,308,22,1,483.1588662127603,3.141592653589793,0.0,-2.530866689200592,0.0,-0.25,0.0,0.0,0.0,1_22,1.0,-0.21290391469949554,9999.0,180.0,145.0079798014418,0.25
lpJL9-mBNmk_00,309,22,1,483.0311195978992,0.0,0.0,-2.4526682653749363,0.0,0.15000000000000568,0.0,0.0,0.0,1_22,1.0,0.12774661486110972,3781.165709346321,0.0,140.52754015165644,0.15000000000000568
lpJL9-mBNmk_00,310,22,1,483.1588662127603,3.141592653589793,0.0,-2.6779450445889994,0.0,-0.15000000000000568,0.0,0.0,0.0,1_22,1.0,-0.12774661486110972,9999.0,180.0,153.4349488229227,0.15000000000000568
lpJL9-mBNmk_00,311,22,1,483.1588662127603,0.0,0.0,-2.4468543773930853,0.0,0.0,0.0,0.0,0.0,1_22,1.0,-0.0,9999.0,0.0,140.19442890773453,0.0
lpJL9-mBNmk_00,312,22,1,483.3292149249825,3.141592653589793,0.0,-2.356194490192345,0.0,-0.19999999999998863,0.0,0.0,0.0,1_22,1.0,-0.17034871222222137,9999.0,180.0,135.0,0.19999999999998863
lpJL9-mBNmk_00,313,22,1,482.6282213049709,0.2782996590051006,0.0,-1.5707963267948966,0.0,0.6999999999999886,0.19999999999998863,0.0,0.0,1_22,1.0,0.7009936200116158,688.4916032430845,15.945395900922241,90.0,0.7280109889280377
lpJL9-mBNmk_00,314,22,1,482.71338286813636,3.141592653589793,0.0,-1.1071487177940904,0.0,-0.09999999999999432,0.0,0.0,0.0,1_22,1.0,-0.08516156316545676,9999.0,180.0,63.43494882292201,0.09999999999999432
lpJL9-mBNmk_00,315,22,1,482.71338286813636,0.0,0.0,-1.2793395323170191,0.0,0.0,0.0,0.0,0.0,1_22,1.0,-0.0,9999.0,0.0,73.30075576600578,0.0
lpJL9-mBNmk_00,316,22,1,482.6282213049709,0.0,0.0,-1.3734007669450268,0.0,0.09999999999999432,0.0,0.0,0.0,1_22,1.0,0.08516156316545676,5667.207169122685,0.0,78.69006752598041,0.09999999999999432
lpJL9-mBNmk_00,317,22,1,482.71338286813636,3.141592653589793,0.0,-1.7681918866447663,0.0,-0.09999999999999432,0.0,0.0,0.0,1_22,1.0,-0.08516156316545676,9999.0,180.0,101.30993247401959,0.09999999999999432
lpJL9-mBNmk_00,318,22,1,482.79855012209805,3.141592653589793,0.0,-2.1587989303424204,0.0,-0.09999999999999432,0.0,0.0,0.0,1_22,1.0,-0.08516725396168567,9999.0,180.0,123.69006752597726,0.09999999999999432
lpJL9-mBNmk_00,319,22,1,482.79855012209805,0.0,0.0,-2.1587989303424204,0.0,0.0,0.0,0.0,0.0,1_22,1.0,-0.0,9999.0,0.0,123.69006752597726,0.0
lpJL9-mBNmk_00,320,22,1,482.6282213049709,0.0,0.0,-1.8925468811915103,0.0,0.19999999999998863,0.0,0.0,0.0,1_22,1.0,0.17032881712714243,2833.508912028149,0.0,108.43494882292038,0.19999999999998863
lpJL9-mBNmk_00,328,22,1,482.366302720246,1.5707963267948966,0.0,2.0344439357957027,0.0,0.0,0.5,0.0,0.0,1_22,8.0,0.032739823090615516,14733.320378218861,90.0,116.56505117707799,0.0625
lpJL9-mBNmk_00,329,22,1,482.366302720246,0.0,0.0,2.0344439357957027,0.0,0.0,0.0,0.0,0.0,1_22,1.0,-0.0,9999.0,0.0,116.56505117707799,0.0
lpJL9-mBNmk_00,330,22,1,482.3207153958868,1.951302703907242,0.0,2.007423486608432,0.0,-0.09999999999999432,0.25,0.0,0.0,1_22,1.0,0.04558732435918955,10580.149683618358,111.80140948635069,115.01689347809968,0.2692582403567231
lpJL9-mBNmk_00,331,22,1,482.1047603996459,1.1902899496825512,0.0,1.8157749899217608,0.0,0.09999999999999432,0.25,0.0,0.0,1_22,1.0,0.21595499624089598,2232.4316121024685,68.19859051364931,104.03624346792648,0.2692582403567231
lpJL9-mBNmk_00,332,22,1,482.2354844886469,-1.5707963267948966,0.0,1.8925468811915387,0.0,0.0,-0.25,0.0,0.0,1_22,1.0,-0.13072408900097798,9999.0,90.0,108.43494882292201,0.25
lpJL9-mBNmk_00,333,22,1,482.1047603996459,1.5707963267948966,0.0,1.4056476493802774,0.0,0.0,0.25,0.0,0.0,1_22,1.0,0.13072408900097798,3687.9565509616145,90.0,80.53767779197483,0.25
lpJL9-mBNmk_00,334,22,1,482.1047603996459,0.0,0.0,1.3654009376051273,0.0,0.0,0.0,0.0,0.0,1_22,1.0,-0.0,9999.0,0.0,78.23171106797925,0.0
lpJL9-mBNmk_00,335,22,1,481.7638010477749,0.0,0.0,0.9272952180016045,0.0,0.4000000000000057,0.0,0.0,0.0,1_22,1.0,0.3409593518709926,1412.9654998583467,0.0,53.13010235415554,0.4000000000000057
lpJL9-mBNmk_00,239,25,1,192.5103893300307,0.0,0.0,0.0,0.0,,,0.0,0.0,1_25,,0.0,9999.0,0.0,0.0,0.0
lpJL9-mBNmk_00,240,25,1,192.50259738507427,1.5707963267948966,-1.5707963267948966,1.5707963267948966,-1.5707963267948966,0.0,0.5,0.0,-0.5,1_25,1.0,0.007791944956437646,24705.33332323274,180.0,180.0,1.0
lpJL9-mBNmk_00,241,25,1,192.50259738507427,0.0,0.0,1.5707963267948966,-1.5707963267948966,0.0,0.0,0.0,0.0,1_25,1.0,-0.0,9999.0,0.0,180.0,0.0
lpJL9-mBNmk_00,242,25,1,192.50259738507427,0.0,0.0,1.5707963267948966,0.0,0.0,0.0,0.0,0.0,1_25,1.0,-0.0,9999.0,0.0,90.0,0.0
lpJL9-mBNmk_00,243,25,1,192.50259738507427,0.0,0.0,1.5707963267948966,0.0,0.0,0.0,0.0,0.0,1_25,1.0,-0.0,9999.0,0.0,90.0,0.0
lpJL9-mBNmk_00,244,25,1,192.50584406713475,-1.5707963267948966,0.0,0.0,0.0,0.0,-0.5,0.0,0.0,1_25,1.0,-0.0032466820604781788,9999.0,90.0,0.0,0.5
lpJL9-mBNmk_00,245,25,1,192.50259738507427,1.5707963267948966,0.0,1.5707963267948966,0.0,0.0,0.5,0.0,0.0,1_25,1.0,0.0032466820604781788,59292.09999599469,90.0,90.0,0.5
lpJL9-mBNmk_00,246,25,1,192.50259738507427,0.0,0.0,1.5707963267948966,1.5707963267948966,0.0,0.0,0.0,0.0,1_25,1.0,-0.0,9999.0,0.0,0.0,0.0
lpJL9-mBNmk_00,247,25,1,192.50584406713475,-1.5707963267948966,0.0,0.0,0.0,0.0,-0.5,0.0,0.0,1_25,1.0,-0.0032466820604781788,9999.0,90.0,0.0,0.5
lpJL9-mBNmk_00,248,25,1,192.50584406713475,0.0,0.0,0.0,-1.5707963267948966,0.0,0.0,0.0,0.0,1_25,1.0,-0.0,9999.0,0.0,90.0,0.0
lpJL9-mBNmk_00,249,25,1,192.50259738507427,0.0,-1.5707963267948966,0.0,-1.5707963267948966,0.0,0.0,0.0,-0.5,1_25,1.0,0.0032466820604781788,59292.09999599469,90.0,90.0,0.5
lpJL9-mBNmk_00,250,25,1,192.00260414900626,0.0,3.141592653589793,0.0,-2.356194490192345,0.0,0.0,-0.5,0.0,1_25,1.0,0.4999932360680077,384.01040313851485,180.0,135.0,0.5
lpJL9-mBNmk_00,251,25,1,192.00585928559576,0.0,1.5707963267948966,0.0,-2.356194490192345,0.0,0.0,0.0,0.5,1_25,1.0,-0.003255136589501717,9999.0,90.0,135.0,0.5
lpJL9-mBNmk_00,252,25,1,192.00260414900626,0.0,-1.5707963267948966,0.0,-1.5707963267948966,0.0,0.0,0.0,-0.5,1_25,1.0,0.003255136589501717,58984.49999555848,90.0,90.0,0.5
lpJL9-mBNmk_00,253,25,1,192.00260414900626,0.0,0.0,0.0,-2.356194490192345,0.0,0.0,0.0,0.0,1_25,1.0,-0.0,9999.0,0.0,135.0,0.0
lpJL9-mBNmk_00,254,25,1,192.00260414900626,0.0,0.0,0.0,-2.356194490192345,0.0,0.0,0.0,0.0,1_25,1.0,-0.0,9999.0,0.0,135.0,0.0
lpJL9-mBNmk_00,255,25,1,192.00260414900626,0.0,0.0,0.0,-2.356194490192345,0.0,0.0,0.0,0.0,1_25,1.0,-0.0,9999.0,0.0,135.0,0.0
lpJL9-mBNmk_00,256,25,1,192.80259334355438,2.1112158270654975,0.7853981633974483,2.1112158270654975,-0.7853981633974483,-0.30000000000001137,0.5,0.5,0.5,1_25,1.0,-0.7999891945481181,9999.0,75.96375653207448,165.96375653207448,0.8000000000000114
lpJL9-mBNmk_00,257,25,1,192.80259334355438,0.0,0.0,2.1112158270654975,-0.7853981633974483,0.0,0.0,0.0,0.0,1_25,1.0,-0.0,9999.0,0.0,165.96375653207448,0.0
lpJL9-mBNmk_00,258,25,1,192.80259334355438,0.0,0.0,2.1112158270654975,-1.5707963267948966,0.0,0.0,0.0,0.0,1_25,1.0,-0.0,9999.0,0.0,149.03624346792552,0.0
lpJL9-mBNmk_00,259,25,1,192.80259334355438,0.0,0.0,2.1112158270654975,-1.5707963267948966,0.0,0.0,0.0,0.0,1_25,1.0,-0.0,9999.0,0.0,149.03624346792552,0.0
lpJL9-mBNmk_00,260,25,1,192.8058349739447,0.0,1.5707963267948966,3.141592653589793,1.5707963267948966,0.0,0.0,0.0,0.5,1_25,1.0,-0.003241630390334649,9999.0,90.0,90.0,0.5
lpJL9-mBNmk_00,261,25,1,192.80259334355438,0.0,-1.5707963267948966,3.141592653589793,0.0,0.0,0.0,0.0,-0.5,1_25,1.0,0.003241630390334649,59477.04399564518,90.0,180.0,0.5
lpJL9-mBNmk_00,262,25,1,192.80259334355438,0.0,0.0,3.141592653589793,0.0,0.0,0.0,0.0,0.0,1_25,1.0,-0.0,9999.0,0.0,180.0,0.0
lpJL9-mBNmk_00,263,25,1,192.80259334355438,0.0,0.0,3.141592653589793,0.0,0.0,0.0,0.0,0.0,1_25,1.0,-0.0,9999.0,0.0,180.0,0.0
lpJL9-mBNmk_00,264,25,1,192.80259334355438,0.0,0.0,2.1112158270654975,0.0,0.0,0.0,0.0,0.0,1_25,1.0,-0.0,9999.0,0.0,120.96375653207448,0.0
lpJL9-mBNmk_00,265,25,1,192.80259334355438,0.0,0.0,3.141592653589793,0.0,0.0,0.0,0.0,0.0,1_25,1.0,-0.0,9999.0,0.0,180.0,0.0
lpJL9-mBNmk_00,266,25,1,193.00259065618783,3.141592653589793,0.0,3.141592653589793,0.0,-0.19999999999998863,0.0,0.0,0.0,1_25,1.0,-0.19999731263345666,9999.0,180.0,180.0,0.19999999999998863
lpJL9-mBNmk_00,267,25,1,193.00259065618783,0.0,0.0,2.356194490192345,0.0,0.0,0.0,0.0,0.0,1_25,1.0,-0.0,9999.0,0.0,135.0,0.0
lpJL9-mBNmk_00,268,25,1,193.0058289275223,-1.5707963267948966,0.0,3.141592653589793,0.0,0.0,-0.5,0.0,0.0,1_25,1.0,-0.003238271334453202,9999.0,90.0,180.0,0.5
lpJL9-mBNmk_00,269,25,1,193.0058289275223,0.0,0.0,3.141592653589793,1.5707963267948966,0.0,0.0,0.0,0.0,1_25,1.0,-0.0,9999.0,0.0,90.0,0.0
lpJL9-mBNmk_00,270,25,1,193.0058289275223,0.0,0.0,3.141592653589793,0.7853981633974483,0.0,0.0,0.0,0.0,1_25,1.0,-0.0,9999.0,0.0,135.0,0.0
lpJL9-mBNmk_00,271,25,1,192.7558364875108,0.0,0.0,3.141592653589793,0.0,0.25,0.0,0.0,0.0,1_25,1.0,0.24999244001148213,771.0466623657002,0.0,180.0,0.25
lpJL9-mBNmk_00,272,25,1,193.01036241611484,3.141592653589793,1.5707963267948966,3.141592653589793,1.1071487177940904,-0.25,0.0,0.0,0.5,1_25,1.0,-0.2545259286040391,9999.0,90.0,116.56505117707799,0.5590169943749475
lpJL9-mBNmk_00,273,25,1,193.01036241611484,0.0,0.0,3.141592653589793,1.1071487177940904,0.0,0.0,0.0,0.0,1_25,1.0,-0.0,9999.0,0.0,116.56505117707799,0.0
lpJL9-mBNmk_00,274,25,1,193.01036241611484,0.0,0.0,3.141592653589793,1.1071487177940904,0.0,0.0,0.0,0.0,1_25,1.0,-0.0,9999.0,0.0,116.56505117707799,0.0
lpJL9-mBNmk_00,275,25,1,193.01036241611484,0.0,0.0,3.141592653589793,1.1071487177940904,0.0,0.0,0.0,0.0,1_25,1.0,-0.0,9999.0,0.0,116.56505117707799,0.0
lpJL9-mBNmk_00,276,25,1,193.0058289275223,1.5707963267948966,0.0,3.141592653589793,1.5707963267948966,0.0,0.5,0.0,0.0,1_25,1.0,0.004533488592556978,42573.35713701734,90.0,90.0,0.5
lpJL9-mBNmk_00,277,25,1,193.01036241611484,-1.5707963267948966,0.0,-1.951302703907242,1.5707963267948966,0.0,-0.5,0.0,0.0,1_25,1.0,-0.004533488592556978,9999.0,90.0,158.1985905136493,0.5
lpJL9-mBNmk_00,278,25,1,192.81037316493115,0.0,0.0,-1.5707963267948966,1.5707963267948966,0.19999999999998863,0.0,0.0,0.0,1_25,1.0,0.1999892511836947,964.1036806914708,0.0,180.0,0.19999999999998863
lpJL9-mBNmk_00,279,25,1,193.01036241611484,3.141592653589793,0.0,-1.951302703907242,1.5707963267948966,-0.19999999999998863,0.0,0.0,0.0,1_25,1.0,-0.1999892511836947,9999.0,180.0,158.1985905136493,0.19999999999998863
lpJL9-mBNmk_00,280,25,1,193.01036241611484,0.0,0.0,-1.951302703907242,0.0,0.0,0.0,0.0,0.0,1_25,1.0,-0.0,9999.0,0.0,111.80140948635069,0.0
lpJL9-mBNmk_00,281,25,1,193.01036241611484,0.0,0.0,-1.951302703907242,1.5707963267948966,0.0,0.0,0.0,0.0,1_25,1.0,-0.0,9999.0,0.0,158.1985905136493,0.0
lpJL9-mBNmk_00,282,25,1,193.01036241611484,0.0,0.0,-1.951302703907242,1.5707963267948966,0.0,0.0,0.0,0.0,1_25,1.0,-0.0,9999.0,0.0,158.1985905136493,0.0
lpJL9-mBNmk_00,283,25,1,193.01036241611484,0.0,0.0,-1.951302703907242,1.5707963267948966,0.0,0.0,0.0,0.0,1_25,1.0,-0.0,9999.0,0.0,158.1985905136493,0.0
lpJL9-mBNmk_00,284,25,1,193.01036241611484,0.0,0.0,-1.951302703907242,1.5707963267948966,0.0,0.0,0.0,0.0,1_25,1.0,-0.0,9999.0,0.0,158.1985905136493,0.0
lpJL9-mBNmk_00,285,25,1,193.01036241611484,0.0,0.0,-1.951302703907242,1.5707963267948966,0.0,0.0,0.0,0.0,1_25,1.0,-0.0,9999.0,0.0,158.1985905136493,0.0
lpJL9-mBNmk_00,286,25,1,192.76037585562028,0.0,0.0,-1.1071487177940904,1.5707963267948966,0.25,0.0,0.0,0.0,1_25,1.0,0.24998656049456258,771.0829553167639,0.0,153.434948822922,0.25
lpJL9-mBNmk_00,287,25,1,192.76037585562028,0.0,0.0,-1.1071487177940904,1.5707963267948966,0.0,0.0,0.0,0.0,1_25,1.0,-0.0,9999.0,0.0,153.434948822922,0.0
lpJL9-mBNmk_00,288,25,1,192.76037585562028,0.0,0.0,0.0,1.5707963267948966,0.0,0.0,0.0,0.0,1_25,1.0,-0.0,9999.0,0.0,90.0,0.0
lpJL9-mBNmk_00,289,25,1,192.76037585562028,0.0,0.0,0.0,1.5707963267948966,0.0,0.0,0.0,0.0,1_25,1.0,-0.0,9999.0,0.0,90.0,0.0
lpJL9-mBNmk_00,290,25,1,192.5103893300307,0.0,0.0,0.0,1.5707963267948966,0.25,0.0,0.0,0.0,1_25,1.0,0.249986525589577,770.0830629811244,0.0,90.0,0.25
lpJL9-mBNmk_00,291,25,1,192.5103893300307,0.0,0.0,0.0,1.5707963267948966,0.0,0.0,0.0,0.0,1_25,1.0,-0.0,9999.0,0.0,90.0,0.0
lpJL9-mBNmk_00,292,25,1,192.5103893300307,0.0,0.0,0.0,0.0,0.0,0.0,0.0,0.0,1_25,1.0,-0.0,9999.0,0.0,0.0,0.0
lpJL9-mBNmk_00,293,25,1,192.5103893300307,0.0,0.0,0.0,0.0,0.0,0.0,0.0,0.0,1_25,1.0,-0.0,9999.0,0.0,0.0,0.0
lpJL9-mBNmk_00,294,25,1,192.76037585562028,3.141592653589793,0.0,0.0,0.0,-0.25,0.0,0.0,0.0,1_25,1.0,-0.249986525589577,9999.0,180.0,0.0,0.25
lpJL9-mBNmk_00,295,25,1,192.76037585562028,0.0,0.0,0.0,0.0,0.0,0.0,0.0,0.0,1_25,1.0,-0.0,9999.0,0.0,0.0,0.0
lpJL9-mBNmk_00,296,25,1,192.76037585562028,0.0,0.0,-1.1071487177940904,0.0,0.0,0.0,0.0,0.0,1_25,1.0,-0.0,9999.0,0.0,63.43494882292201,0.0
lpJL9-mBNmk_00,297,25,1,192.5103893300307,0.0,0.0,0.0,0.0,0.25,0.0,0.0,0.0,1_25,1.0,0.249986525589577,770.0830629811244,0.0,0.0,0.25
lpJL9-mBNmk_00,298,25,1,192.5103893300307,0.0,0.0,0.0,0.0,0.0,0.0,0.0,0.0,1_25,1.0,-0.0,9999.0,0.0,0.0,0.0
lpJL9-mBNmk_00,299,25,1,192.5103893300307,0.0,0.0,0.0,0.0,0.0,0.0,0.0,0.0,1_25,1.0,-0.0,9999.0,0.0,0.0,0.0
lpJL9-mBNmk_00,300,25,1,192.5103893300307,0.0,0.0,0.0,0.0,0.0,0.0,0.0,0.0,1_25,1.0,-0.0,9999.0,0.0,0.0,0.0
lpJL9-mBNmk_00,301,25,1,192.5103893300307,0.0,0.0,0.0,0.0,0.0,0.0,0.0,0.0,1_25,1.0,-0.0,9999.0,0.0,0.0,0.0
lpJL9-mBNmk_00,302,25,1,192.5103893300307,0.0,0.0,0.0,0.0,0.0,0.0,0.0,0.0,1_25,1.0,-0.0,9999.0,0.0,0.0,0.0
lpJL9-mBNmk_00,303,25,1,192.5103893300307,0.0,0.0,0.0,0.0,0.0,0.0,0.0,0.0,1_25,1.0,-0.0,9999.0,0.0,0.0,0.0
lpJL9-mBNmk_00,304,25,1,192.5103893300307,0.0,0.0,0.0,0.0,0.0,0.0,0.0,0.0,1_25,1.0,-0.0,9999.0,0.0,0.0,0.0
lpJL9-mBNmk_00,305,25,1,192.5103893300307,0.0,0.0,0.0,0.0,0.0,0.0,0.0,0.0,1_25,1.0,-0.0,9999.0,0.0,0.0,0.0
lpJL9-mBNmk_00,306,25,1,192.76037585562028,3.141592653589793,0.0,0.0,0.0,-0.25,0.0,0.0,0.0,1_25,1.0,-0.249986525589577,9999.0,180.0,0.0,0.25
lpJL9-mBNmk_00,307,25,1,192.76037585562028,0.0,0.0,0.0,0.0,0.0,0.0,0.0,0.0,1_25,1.0,-0.0,9999.0,0.0,0.0,0.0
lpJL9-mBNmk_00,308,25,1,192.5103893300307,0.0,0.0,0.0,0.0,0.25,0.0,0.0,0.0,1_25,1.0,0.249986525589577,770.0830629811244,0.0,0.0,0.25
lpJL9-mBNmk_00,309,25,1,192.5103893300307,0.0,0.0,0.0,0.0,0.0,0.0,0.0,0.0,1_25,1.0,-0.0,9999.0,0.0,0.0,0.0
lpJL9-mBNmk_00,310,25,1,192.5103893300307,0.0,0.0,0.0,0.0,0.0,0.0,0.0,0.0,1_25,1.0,-0.0,9999.0,0.0,0.0,0.0
lpJL9-mBNmk_00,311,25,1,192.5103893300307,0.0,0.0,0.0,0.0,0.0,0.0,0.0,0.0,1_25,1.0,-0.0,9999.0,0.0,0.0,0.0
lpJL9-mBNmk_00,312,25,1,192.5103893300307,0.0,0.0,0.0,0.0,0.0,0.0,0.0,0.0,1_25,1.0,-0.0,9999.0,0.0,0.0,0.0
lpJL9-mBNmk_00,313,25,1,192.5103893300307,0.0,0.0,0.0,0.0,0.0,0.0,0.0,0.0,1_25,1.0,-0.0,9999.0,0.0,0.0,0.0
lpJL9-mBNmk_00,314,25,1,192.5103893300307,0.0,0.0,0.0,0.0,0.0,0.0,0.0,0.0,1_25,1.0,-0.0,9999.0,0.0,0.0,0.0
lpJL9-mBNmk_00,315,25,1,192.5103893300307,0.0,0.0,0.0,0.0,0.0,0.0,0.0,0.0,1_25,1.0,-0.0,9999.0,0.0,0.0,0.0
lpJL9-mBNmk_00,316,25,1,192.5103893300307,0.0,0.0,0.0,0.0,0.0,0.0,0.0,0.0,1_25,1.0,-0.0,9999.0,0.0,0.0,0.0
lpJL9-mBNmk_00,317,25,1,192.5103893300307,0.0,0.0,0.0,0.0,0.0,0.0,0.0,0.0,1_25,1.0,-0.0,9999.0,0.0,0.0,0.0
lpJL9-mBNmk_00,318,25,1,192.5103893300307,0.0,0.0,0.0,0.0,0.0,0.0,0.0,0.0,1_25,1.0,-0.0,9999.0,0.0,0.0,0.0
lpJL9-mBNmk_00,319,25,1,192.5103893300307,0.0,0.0,0.0,0.0,0.0,0.0,0.0,0.0,1_25,1.0,-0.0,9999.0,0.0,0.0,0.0
lpJL9-mBNmk_00,320,25,1,192.5103893300307,0.0,0.0,0.0,0.0,0.0,0.0,0.0,0.0,1_25,1.0,-0.0,9999.0,0.0,0.0,0.0
lpJL9-mBNmk_00,321,25,1,192.5103893300307,0.0,0.0,0.0,0.0,0.0,0.0,0.0,0.0,1_25,1.0,-0.0,9999.0,0.0,0.0,0.0
lpJL9-mBNmk_00,322,25,1,192.5103893300307,0.0,0.0,0.0,0.0,0.0,0.0,0.0,0.0,1_25,1.0,-0.0,9999.0,0.0,0.0,0.0
lpJL9-mBNmk_00,323,25,1,192.5103893300307,0.0,0.0,0.0,0.0,0.0,0.0,0.0,0.0,1_25,1.0,-0.0,9999.0,0.0,0.0,0.0
lpJL9-mBNmk_00,324,25,1,192.76037585562028,3.141592653589793,0.0,3.141592653589793,0.0,-0.25,0.0,0.0,0.0,1_25,1.0,-0.249986525589577,9999.0,180.0,180.0,0.25
lpJL9-mBNmk_00,325,25,1,192.5103893300307,0.0,0.0,0.0,0.0,0.25,0.0,0.0,0.0,1_25,1.0,0.249986525589577,770.0830629811244,0.0,0.0,0.25
lpJL9-mBNmk_00,326,25,1,192.76037585562028,3.141592653589793,0.0,0.0,0.0,-0.25,0.0,0.0,0.0,1_25,1.0,-0.249986525589577,9999.0,180.0,0.0,0.25
lpJL9-mBNmk_00,327,25,1,193.01036241611484,3.141592653589793,0.0,3.141592653589793,0.0,-0.25,0.0,0.0,0.0,1_25,1.0,-0.24998656049456258,9999.0,180.0,180.0,0.25
lpJL9-mBNmk_00,328,25,1,192.76037585562028,0.0,0.0,3.141592653589793,0.0,0.25,0.0,0.0,0.0,1_25,1.0,0.24998656049456258,771.0829553167639,0.0,180.0,0.25
lpJL9-mBNmk_00,329,25,1,192.76037585562028,0.0,0.0,3.141592653589793,0.0,0.0,0.0,0.0,0.0,1_25,1.0,-0.0,9999.0,0.0,180.0,0.0
lpJL9-mBNmk_00,330,25,1,192.5103893300307,0.0,0.0,0.0,0.0,0.25,0.0,0.0,0.0,1_25,1.0,0.249986525589577,770.0830629811244,0.0,0.0,0.25
lpJL9-mBNmk_00,331,25,1,192.5103893300307,0.0,0.0,0.0,0.0,0.0,0.0,0.0,0.0,1_25,1.0,-0.0,9999.0,0.0,0.0,0.0
lpJL9-mBNmk_00,332,25,1,192.5103893300307,0.0,0.0,0.0,0.0,0.0,0.0,0.0,0.0,1_25,1.0,-0.0,9999.0,0.0,0.0,0.0
lpJL9-mBNmk_00,333,25,1,192.5103893300307,0.0,0.0,0.0,0.0,0.0,0.0,0.0,0.0,1_25,1.0,-0.0,9999.0,0.0,0.0,0.0
lpJL9-mBNmk_00,334,25,1,192.76037585562028,3.141592653589793,0.0,3.141592653589793,0.0,-0.25,0.0,0.0,0.0,1_25,1.0,-0.249986525589577,9999.0,180.0,180.0,0.25
lpJL9-mBNmk_00,335,25,1,192.76037585562028,0.0,0.0,3.141592653589793,0.0,0.0,0.0,0.0,0.0,1_25,1.0,-0.0,9999.0,0.0,180.0,0.0
lpJL9-mBNmk_00,336,25,1,192.76037585562028,0.0,0.0,3.141592653589793,0.0,0.0,0.0,0.0,0.0,1_25,1.0,-0.0,9999.0,0.0,180.0,0.0
lpJL9-mBNmk_00,337,25,1,192.5103893300307,0.0,0.0,0.0,0.0,0.25,0.0,0.0,0.0,1_25,1.0,0.249986525589577,770.0830629811244,0.0,0.0,0.25
lpJL9-mBNmk_00,338,25,1,192.5103893300307,0.0,0.0,0.0,0.0,0.0,0.0,0.0,0.0,1_25,1.0,-0.0,9999.0,0.0,0.0,0.0
lpJL9-mBNmk_00,339,25,1,192.5103893300307,0.0,0.0,0.0,0.0,0.0,0.0,0.0,0.0,1_25,1.0,-0.0,9999.0,0.0,0.0,0.0
lpJL9-mBNmk_00,340,25,1,192.5103893300307,0.0,0.0,0.0,0.0,0.0,0.0,0.0,0.0,1_25,1.0,-0.0,9999.0,0.0,0.0,0.0
lpJL9-mBNmk_00,341,25,1,192.5103893300307,0.0,0.0,0.0,0.0,0.0,0.0,0.0,0.0,1_25,1.0,-0.0,9999.0,0.0,0.0,0.0
lpJL9-mBNmk_00,342,25,1,192.5103893300307,0.0,0.0,0.0,0.0,0.0,0.0,0.0,0.0,1_25,1.0,-0.0,9999.0,0.0,0.0,0.0
lpJL9-mBNmk_00,343,25,1,192.5103893300307,0.0,0.0,0.0,0.0,0.0,0.0,0.0,0.0,1_25,1.0,-0.0,9999.0,0.0,0.0,0.0
lpJL9-mBNmk_00,344,25,1,192.5103893300307,0.0,0.0,0.0,0.0,0.0,0.0,0.0,0.0,1_25,1.0,-0.0,9999.0,0.0,0.0,0.0
lpJL9-mBNmk_00,345,25,1,192.5103893300307,0.0,0.0,0.0,0.0,0.0,0.0,0.0,0.0,1_25,1.0,-0.0,9999.0,0.0,0.0,0.0
lpJL9-mBNmk_00,346,25,1,192.80259334355438,2.1112158270654975,-1.5707963267948966,1.670464979286081,-1.5707963267948966,-0.30000000000001137,0.5,0.0,-0.5,1_25,1.0,-0.29220401352367276,9999.0,149.03624346792552,174.28940686249908,1.0440306508910582
lpJL9-mBNmk_00,347,25,1,192.80259334355438,0.0,0.0,1.1902899496825512,-1.5707963267948966,0.0,0.0,0.0,0.0,1_25,1.0,-0.0,9999.0,0.0,158.1985905136493,0.0
lpJL9-mBNmk_00,348,25,1,192.80259334355438,0.0,0.0,1.670464979286081,-1.5707963267948966,0.0,0.0,0.0,0.0,1_25,1.0,-0.0,9999.0,0.0,174.28940686249908,0.0
lpJL9-mBNmk_00,349,25,1,192.80259334355438,0.0,0.0,1.670464979286081,-1.5707963267948966,0.0,0.0,0.0,0.0,1_25,1.0,-0.0,9999.0,0.0,174.28940686249908,0.0
lpJL9-mBNmk_00,350,25,1,192.80259334355438,0.0,0.0,2.1112158270654975,-1.5707963267948966,0.0,0.0,0.0,0.0,1_25,1.0,-0.0,9999.0,0.0,149.03624346792552,0.0
lpJL9-mBNmk_00,351,25,1,192.80259334355438,0.0,0.0,2.1112158270654975,-1.5707963267948966,0.0,0.0,0.0,0.0,1_25,1.0,-0.0,9999.0,0.0,149.03624346792552,0.0
lpJL9-mBNmk_00,352,25,1,192.80259334355438,0.0,0.0,2.1112158270654975,-1.5707963267948966,0.0,0.0,0.0,0.0,1_25,1.0,-0.0,9999.0,0.0,149.03624346792552,0.0
lpJL9-mBNmk_00,353,25,1,192.80259334355438,0.0,0.0,2.1112158270654975,-1.5707963267948966,0.0,0.0,0.0,0.0,1_25,1.0,-0.0,9999.0,0.0,149.03624346792552,0.0
lpJL9-mBNmk_00,354,25,1,192.80259334355438,0.0,0.0,1.670464979286081,-1.5707963267948966,0.0,0.0,0.0,0.0,1_25,1.0,-0.0,9999.0,0.0,174.28940686249908,0.0
lpJL9-mBNmk_00,355,25,1,192.80259334355438,0.0,0.0,1.670464979286081,-1.5707963267948966,0.0,0.0,0.0,0.0,1_25,1.0,-0.0,9999.0,0.0,174.28940686249908,0.0
lpJL9-mBNmk_00,356,25,1,192.80259334355438,0.0,0.0,1.670464979286081,-1.5707963267948966,0.0,0.0,0.0,0.0,1_25,1.0,-0.0,9999.0,0.0,174.28940686249908,0.0
lpJL9-mBNmk_00,357,25,1,192.80259334355438,0.0,0.0,2.1112158270654975,-1.5707963267948966,0.0,0.0,0.0,0.0,1_25,1.0,-0.0,9999.0,0.0,149.03624346792552,0.0
lpJL9-mBNmk_00,358,25,1,192.80259334355438,0.0,0.0,2.1112158270654975,-1.5707963267948966,0.0,0.0,0.0,0.0,1_25,1.0,-0.0,9999.0,0.0,149.03624346792552,0.0
lpJL9-mBNmk_00,359,25,1,192.80259334355438,0.0,0.0,2.1112158270654975,-1.5707963267948966,0.0,0.0,0.0,0.0,1_25,1.0,-0.0,9999.0,0.0,149.03624346792552,0.0
lpJL9-mBNmk_00,360,25,1,192.8058349739447,0.0,1.5707963267948966,2.1112158270654975,0.0,0.0,0.0,0.0,0.5,1_25,1.0,-0.003241630390334649,9999.0,90.0,120.96375653207448,0.5
lpJL9-mBNmk_00,361,25,1,192.8058349739447,0.0,0.0,2.1112158270654975,0.0,0.0,0.0,0.0,0.0,1_25,1.0,-0.0,9999.0,0.0,120.96375653207448,0.0
lpJL9-mBNmk_00,362,25,1,192.8058349739447,0.0,0.0,2.1112158270654975,0.0,0.0,0.0,0.0,0.0,1_25,1.0,-0.0,9999.0,0.0,120.96375653207448,0.0
lpJL9-mBNmk_00,363,25,1,192.8058349739447,0.0,0.0,2.1112158270654975,0.0,0.0,0.0,0.0,0.0,1_25,1.0,-0.0,9999.0,0.0,120.96375653207448,0.0
lpJL9-mBNmk_00,364,25,1,192.8058349739447,0.0,0.0,2.1112158270654975,0.0,0.0,0.0,0.0,0.0,1_25,1.0,-0.0,9999.0,0.0,120.96375653207448,0.0
lpJL9-mBNmk_00,365,25,1,192.8058349739447,0.0,0.0,2.1112158270654975,0.0,0.0,0.0,0.0,0.0,1_25,1.0,-0.0,9999.0,0.0,120.96375653207448,0.0
lpJL9-mBNmk_00,366,25,1,192.8058349739447,0.0,0.0,0.0,1.5707963267948966,0.0,0.0,0.0,0.0,1_25,1.0,-0.0,9999.0,0.0,90.0,0.0
lpJL9-mBNmk_00,367,25,1,192.8058349739447,0.0,0.0,0.0,1.5707963267948966,0.0,0.0,0.0,0.0,1_25,1.0,-0.0,9999.0,0.0,90.0,0.0
lpJL9-mBNmk_00,368,25,1,192.8058349739447,0.0,0.0,0.0,1.5707963267948966,0.0,0.0,0.0,0.0,1_25,1.0,-0.0,9999.0,0.0,90.0,0.0
lpJL9-mBNmk_00,369,25,1,192.8058349739447,0.0,0.0,0.0,1.5707963267948966,0.0,0.0,0.0,0.0,1_25,1.0,-0.0,9999.0,0.0,90.0,0.0
lpJL9-mBNmk_00,370,25,1,192.8058349739447,0.0,0.0,0.0,1.5707963267948966,0.0,0.0,0.0,0.0,1_25,1.0,-0.0,9999.0,0.0,90.0,0.0
lpJL9-mBNmk_00,371,25,1,192.8058349739447,0.0,0.0,0.0,1.5707963267948966,0.0,0.0,0.0,0.0,1_25,1.0,-0.0,9999.0,0.0,90.0,0.0
lpJL9-mBNmk_00,372,25,1,192.8058349739447,0.0,0.0,0.0,1.5707963267948966,0.0,0.0,0.0,0.0,1_25,1.0,-0.0,9999.0,0.0,90.0,0.0
lpJL9-mBNmk_00,373,25,1,192.8058349739447,0.0,0.0,0.0,1.5707963267948966,0.0,0.0,0.0,0.0,1_25,1.0,-0.0,9999.0,0.0,90.0,0.0
lpJL9-mBNmk_00,374,25,1,193.0058289275223,3.141592653589793,0.0,3.141592653589793,1.5707963267948966,-0.19999999999998863,0.0,0.0,0.0,1_25,1.0,-0.1999939535775752,9999.0,180.0,90.0,0.19999999999998863
lpJL9-mBNmk_00,375,25,1,193.0058289275223,0.0,0.0,3.141592653589793,1.5707963267948966,0.0,0.0,0.0,0.0,1_25,1.0,-0.0,9999.0,0.0,90.0,0.0
lpJL9-mBNmk_00,376,25,1,193.0058289275223,0.0,0.0,3.141592653589793,1.5707963267948966,0.0,0.0,0.0,0.0,1_25,1.0,-0.0,9999.0,0.0,90.0,0.0
lpJL9-mBNmk_00,377,25,1,193.0058289275223,0.0,0.0,3.141592653589793,1.5707963267948966,0.0,0.0,0.0,0.0,1_25,1.0,-0.0,9999.0,0.0,90.0,0.0
lpJL9-mBNmk_00,378,25,1,193.0058289275223,0.0,0.0,3.141592653589793,1.5707963267948966,0.0,0.0,0.0,0.0,1_25,1.0,-0.0,9999.0,0.0,90.0,0.0
lpJL9-mBNmk_00,379,25,1,193.0058289275223,0.0,0.0,3.141592653589793,1.5707963267948966,0.0,0.0,0.0,0.0,1_25,1.0,-0.0,9999.0,0.0,90.0,0.0
lpJL9-mBNmk_00,380,25,1,193.0058289275223,0.0,0.0,3.141592653589793,0.0,0.0,0.0,0.0,0.0,1_25,1.0,-0.0,9999.0,0.0,180.0,0.0
lpJL9-mBNmk_00,381,25,1,193.0058289275223,0.0,0.0,3.141592653589793,0.0,0.0,0.0,0.0,0.0,1_25,1.0,-0.0,9999.0,0.0,180.0,0.0
lpJL9-mBNmk_00,382,25,1,193.0058289275223,0.0,0.0,3.141592653589793,0.0,0.0,0.0,0.0,0.0,1_25,1.0,-0.0,9999.0,0.0,180.0,0.0
lpJL9-mBNmk_00,383,25,1,193.0058289275223,0.0,0.0,3.141592653589793,0.0,0.0,0.0,0.0,0.0,1_25,1.0,-0.0,9999.0,0.0,180.0,0.0
lpJL9-mBNmk_00,384,25,1,193.0058289275223,-1.5707963267948966,-1.5707963267948966,-1.951302703907242,-1.5707963267948966,0.0,-0.5,0.0,-0.5,1_25,1.0,-0.0,9999.0,0.0,21.801409486350696,0.0
lpJL9-mBNmk_00,385,25,1,193.0058289275223,0.0,0.0,-1.951302703907242,-1.5707963267948966,0.0,0.0,0.0,0.0,1_25,1.0,-0.0,9999.0,0.0,21.801409486350696,0.0
lpJL9-mBNmk_00,386,25,1,193.01036241611484,0.0,1.5707963267948966,-1.951302703907242,0.0,0.0,0.0,0.0,0.5,1_25,1.0,-0.004533488592556978,9999.0,90.0,111.80140948635069,0.5
lpJL9-mBNmk_00,387,25,1,193.01036241611484,0.0,0.0,-1.951302703907242,0.0,0.0,0.0,0.0,0.0,1_25,1.0,-0.0,9999.0,0.0,111.80140948635069,0.0
lpJL9-mBNmk_00,388,25,1,193.01036241611484,0.0,0.0,-1.951302703907242,0.0,0.0,0.0,0.0,0.0,1_25,1.0,-0.0,9999.0,0.0,111.80140948635069,0.0
lpJL9-mBNmk_00,389,25,1,193.01036241611484,0.0,0.0,-1.951302703907242,0.0,0.0,0.0,0.0,0.0,1_25,1.0,-0.0,9999.0,0.0,111.80140948635069,0.0
lpJL9-mBNmk_00,390,25,1,193.01036241611484,0.0,0.0,-1.951302703907242,0.0,0.0,0.0,0.0,0.0,1_25,1.0,-0.0,9999.0,0.0,111.80140948635069,0.0
lpJL9-mBNmk_00,391,25,1,192.5103893300307,0.0,3.141592653589793,-1.951302703907242,3.141592653589793,0.0,0.0,-0.5,0.0,1_25,1.0,0.4999730860841396,385.04150460937706,180.0,68.19859051364932,0.5
lpJL9-mBNmk_00,392,25,1,192.5103893300307,0.0,0.0,-1.951302703907242,3.141592653589793,0.0,0.0,0.0,0.0,1_25,1.0,-0.0,9999.0,0.0,68.19859051364932,0.0
lpJL9-mBNmk_00,393,25,1,192.5103893300307,0.0,0.0,-1.951302703907242,3.141592653589793,0.0,0.0,0.0,0.0,1_25,1.0,-0.0,9999.0,0.0,68.19859051364932,0.0
lpJL9-mBNmk_00,394,25,1,192.5103893300307,0.0,0.0,-1.5707963267948966,3.141592653589793,0.0,0.0,0.0,0.0,1_25,1.0,-0.0,9999.0,0.0,90.00000000000001,0.0
lpJL9-mBNmk_00,395,25,1,192.5103893300307,0.0,0.0,-1.5707963267948966,3.141592653589793,0.0,0.0,0.0,0.0,1_25,1.0,-0.0,9999.0,0.0,90.00000000000001,0.0
lpJL9-mBNmk_00,396,25,1,192.5103893300307,0.0,0.0,-1.5707963267948966,3.141592653589793,0.0,0.0,0.0,0.0,1_25,1.0,-0.0,9999.0,0.0,90.00000000000001,0.0
lpJL9-mBNmk_00,397,25,1,192.5103893300307,0.0,0.0,-1.5707963267948966,3.141592653589793,0.0,0.0,0.0,0.0,1_25,1.0,-0.0,9999.0,0.0,90.00000000000001,0.0
lpJL9-mBNmk_00,398,25,1,193.01036241611484,0.0,0.0,-1.5707963267948966,0.0,0.0,0.0,0.5,0.0,1_25,1.0,-0.4999730860841396,9999.0,0.0,90.0,0.5
lpJL9-mBNmk_00,399,25,1,192.3104001347821,0.0,3.141592653589793,-1.1902899496825512,3.141592653589793,0.19999999999998863,0.0,-0.5,0.0,1_25,1.0,0.6999622813327449,274.74394730044384,180.0,111.8014094863507,0.6999999999999886
lpJL9-mBNmk_00,400,25,1,192.5103893300307,0.0,0.0,-0.7853981633974483,0.0,0.30000000000001137,0.0,0.5,0.0,1_25,1.0,-0.19998919524860526,9999.0,0.0,45.0,0.19999999999998863
lpJL9-mBNmk_00,411,25,1,192.80259334355438,3.141592653589793,-1.5707963267948966,-1.1902899496825512,-1.1071487177940904,-0.30000000000001137,0.0,0.0,-0.5,1_25,11.0,-0.026564001229424795,9999.0,90.00000000000001,4.763641690727299,0.05300865358950326
lpJL9-mBNmk_00,412,25,1,192.80259334355438,0.0,0.0,-1.1902899496825512,-1.1071487177940904,0.0,0.0,0.0,0.0,1_25,1.0,-0.0,9999.0,0.0,4.763641690727299,0.0
lpJL9-mBNmk_00,413,25,1,192.8058349739447,0.0,1.5707963267948966,-1.1902899496825512,-0.7853981633974483,0.0,0.0,0.0,0.5,1_25,1.0,-0.003241630390334649,9999.0,90.0,23.19859051364931,0.5
lpJL9-mBNmk_00,414,25,1,192.80259334355438,0.0,-1.5707963267948966,0.0,-1.1071487177940904,0.0,0.0,0.0,-0.5,1_25,1.0,0.003241630390334649,59477.04399564518,90.0,63.43494882292201,0.5
lpJL9-mBNmk_00,415,25,1,192.80259334355438,0.0,0.0,0.0,-1.1071487177940904,0.0,0.0,0.0,0.0,1_25,1.0,-0.0,9999.0,0.0,63.43494882292201,0.0
lpJL9-mBNmk_00,416,25,1,192.50259738507427,0.0,0.0,0.0,-1.1071487177940904,0.30000000000001137,0.0,0.0,0.0,1_25,1.0,0.2999959584801104,641.6839692119955,0.0,63.43494882292201,0.30000000000001137
lpJL9-mBNmk_00,417,25,1,192.50584406713475,0.0,1.5707963267948966,0.0,-0.7853981633974483,0.0,0.0,0.0,0.5,1_25,1.0,-0.0032466820604781788,9999.0,90.0,45.0,0.5
lpJL9-mBNmk_00,418,25,1,192.50584406713475,0.0,0.0,0.0,-1.5707963267948966,0.0,0.0,0.0,0.0,1_25,1.0,-0.0,9999.0,0.0,90.0,0.0
lpJL9-mBNmk_00,419,25,1,192.50259738507427,0.0,-1.5707963267948966,0.0,-1.1071487177940904,0.0,0.0,0.0,-0.5,1_25,1.0,0.0032466820604781788,59292.09999599469,90.0,63.43494882292201,0.5
lpJL9-mBNmk_00,420,25,1,192.50259738507427,0.0,0.0,0.0,-1.5707963267948966,0.0,0.0,0.0,0.0,1_25,1.0,-0.0,9999.0,0.0,90.0,0.0
lpJL9-mBNmk_00,421,25,1,192.50259738507427,0.0,0.0,0.0,-0.7853981633974483,0.0,0.0,0.0,0.0,1_25,1.0,-0.0,9999.0,0.0,45.0,0.0
lpJL9-mBNmk_00,422,25,1,192.50259738507427,0.0,0.0,0.0,0.0,0.0,0.0,0.0,0.0,1_25,1.0,-0.0,9999.0,0.0,0.0,0.0
lpJL9-mBNmk_00,423,25,1,192.80259334355438,3.141592653589793,0.0,0.0,0.0,-0.30000000000001137,0.0,0.0,0.0,1_25,1.0,-0.2999959584801104,9999.0,180.0,0.0,0.30000000000001137
lpJL9-mBNmk_00,424,25,1,192.50259738507427,0.0,0.0,0.0,0.0,0.30000000000001137,0.0,0.0,0.0,1_25,1.0,0.2999959584801104,641.6839692119955,0.0,0.0,0.30000000000001137
lpJL9-mBNmk_00,425,25,1,192.50259738507427,0.0,0.0,0.0,0.0,0.0,0.0,0.0,0.0,1_25,1.0,-0.0,9999.0,0.0,0.0,0.0
lpJL9-mBNmk_00,426,25,1,192.50259738507427,0.0,0.0,0.0,0.0,0.0,0.0,0.0,0.0,1_25,1.0,-0.0,9999.0,0.0,0.0,0.0
lpJL9-mBNmk_00,427,25,1,192.50259738507427,0.0,0.0,0.0,0.0,0.0,0.0,0.0,0.0,1_25,1.0,-0.0,9999.0,0.0,0.0,0.0
lpJL9-mBNmk_00,428,25,1,192.50259738507427,0.0,0.0,0.0,0.0,0.0,0.0,0.0,0.0,1_25,1.0,-0.0,9999.0,0.0,0.0,0.0
lpJL9-mBNmk_00,429,25,1,192.50259738507427,0.0,0.0,0.0,-1.5707963267948966,0.0,0.0,0.0,0.0,1_25,1.0,-0.0,9999.0,0.0,90.0,0.0
lpJL9-mBNmk_00,430,25,1,192.50259738507427,0.0,0.0,0.0,-1.5707963267948966,0.0,0.0,0.0,0.0,1_25,1.0,-0.0,9999.0,0.0,90.0,0.0
lpJL9-mBNmk_00,431,25,1,192.50259738507427,0.0,0.0,0.0,0.0,0.0,0.0,0.0,0.0,1_25,1.0,-0.0,9999.0,0.0,0.0,0.0
lpJL9-mBNmk_00,432,25,1,192.80259334355438,3.141592653589793,0.0,0.0,0.0,-0.30000000000001137,0.0,0.0,0.0,1_25,1.0,-0.2999959584801104,9999.0,180.0,0.0,0.30000000000001137
lpJL9-mBNmk_00,433,25,1,192.50259738507427,0.0,0.0,0.0,-1.5707963267948966,0.30000000000001137,0.0,0.0,0.0,1_25,1.0,0.2999959584801104,641.6839692119955,0.0,90.0,0.30000000000001137
lpJL9-mBNmk_00,434,25,1,192.50259738507427,0.0,0.0,0.0,0.0,0.0,0.0,0.0,0.0,1_25,1.0,-0.0,9999.0,0.0,0.0,0.0
lpJL9-mBNmk_00,435,25,1,192.50064934955415,0.0,-1.5707963267948966,0.0,-1.5707963267948966,0.0,0.0,0.0,-0.5,1_25,1.0,0.0019480355201153543,98817.83333096262,90.0,90.0,0.5
lpJL9-mBNmk_00,436,25,1,192.50259738507427,0.0,1.5707963267948966,0.0,0.0,0.0,0.0,0.0,0.5,1_25,1.0,-0.0019480355201153543,9999.0,90.0,0.0,0.5
lpJL9-mBNmk_00,437,25,1,192.50259738507427,0.0,0.0,0.0,-1.5707963267948966,0.0,0.0,0.0,0.0,1_25,1.0,-0.0,9999.0,0.0,90.0,0.0
lpJL9-mBNmk_00,438,25,1,192.50259738507427,0.0,0.0,0.0,-1.5707963267948966,0.0,0.0,0.0,0.0,1_25,1.0,-0.0,9999.0,0.0,90.0,0.0
lpJL9-mBNmk_00,439,25,1,193.00259065618783,0.0,0.0,0.0,0.0,0.0,0.0,0.5,0.0,1_25,1.0,-0.49999327111356706,9999.0,0.0,0.0,0.5
lpJL9-mBNmk_00,444,25,1,192.5103893300307,0.0,2.0344439357957027,0.0,1.5707963267948966,0.0,0.0,-0.5,1.0,1_25,5.0,0.09844026523142588,1955.6061625540406,116.56505117707799,90.0,0.223606797749979
lpJL9-mBNmk_00,445,25,1,192.51623308178455,0.0,1.5707963267948966,0.0,1.5707963267948966,0.0,0.0,0.0,0.5,1_25,1.0,-0.005843751753843662,9999.0,90.0,90.0,0.5
lpJL9-mBNmk_00,446,25,1,192.5103893300307,0.0,-1.5707963267948966,0.0,1.5707963267948966,0.0,0.0,0.0,-0.5,1_25,1.0,0.005843751753843662,32942.94443692088,90.0,90.0,0.5
lpJL9-mBNmk_00,447,25,1,192.50584406713475,1.5707963267948966,0.0,1.5707963267948966,1.5707963267948966,0.0,0.5,0.0,0.0,1_25,1.0,0.004545262895959468,42353.071422615336,90.0,0.0,0.5
lpJL9-mBNmk_00,448,25,1,192.50584406713475,0.0,0.0,1.5707963267948966,1.5707963267948966,0.0,0.0,0.0,0.0,1_25,1.0,-0.0,9999.0,0.0,0.0,0.0
lpJL9-mBNmk_00,449,25,1,192.50584406713475,0.0,0.0,1.5707963267948966,1.5707963267948966,0.0,0.0,0.0,0.0,1_25,1.0,-0.0,9999.0,0.0,0.0,0.0
lpJL9-mBNmk_00,0,3,1,858.3114032797188,0.0,0.0,0.0,0.0,,,,,1_3,,0.0,9999.0,0.0,0.0,0.0
lpJL9-mBNmk_00,1,3,1,858.3114032797188,0.0,0.0,0.0,0.0,0.0,0.0,0.0,0.0,1_3,1.0,-0.0,9999.0,0.0,0.0,0.0
lpJL9-mBNmk_00,2,3,1,858.3470291787582,-1.5707963267948966,0.0,-1.5707963267948966,0.0,0.0,-0.04999999999999716,0.0,0.0,1_3,1.0,-0.03562589903947355,9999.0,90.0,90.0,0.04999999999999716
lpJL9-mBNmk_00,3,3,1,858.3470291787582,0.0,0.0,-1.5707963267948966,0.0,0.0,0.0,0.0,0.0,1_3,1.0,-0.0,9999.0,0.0,90.0,0.0
lpJL9-mBNmk_00,4,3,1,858.3470291787582,0.0,0.0,-1.5707963267948966,0.0,0.0,0.0,0.0,0.0,1_3,1.0,-0.0,9999.0,0.0,90.0,0.0
lpJL9-mBNmk_00,5,3,1,858.2768682074568,0.0,0.0,-0.46364760900077767,0.0,0.10000000000000142,0.0,0.0,0.0,1_3,1.0,0.07016097130144772,12232.96730770526,0.0,26.565051177076366,0.10000000000000142
lpJL9-mBNmk_00,6,3,1,858.2768682074568,0.0,0.0,-0.4636476090007778,0.0,0.0,0.0,0.0,0.0,1_3,1.0,-0.0,9999.0,0.0,26.56505117707637,0.0
lpJL9-mBNmk_00,7,3,1,858.3119479536564,3.141592653589793,0.0,-0.7853981633974483,0.0,-0.05000000000000426,0.0,0.0,0.0,1_3,1.0,-0.035079746199585315,9999.0,180.0,45.0,0.05000000000000426
lpJL9-mBNmk_00,8,3,1,858.3114032797188,2.356194490192345,0.0,0.0,0.0,-0.04999999999999716,0.04999999999999716,0.0,0.0,1_3,1.0,0.0005446739376111509,1575826.0933947556,135.0,0.0,0.07071067811865074
lpJL9-mBNmk_00,9,3,1,858.3114032797188,0.0,0.0,0.0,0.0,0.0,0.0,0.0,0.0,1_3,1.0,-0.0,9999.0,0.0,0.0,0.0
lpJL9-mBNmk_00,10,3,1,858.3114032797188,0.0,0.0,0.0,0.0,0.0,0.0,0.0,0.0,1_3,1.0,-0.0,9999.0,0.0,0.0,0.0
lpJL9-mBNmk_00,11,3,1,858.3114032797188,0.0,0.0,0.0,0.0,0.0,0.0,0.0,0.0,1_3,1.0,-0.0,9999.0,0.0,0.0,0.0
lpJL9-mBNmk_00,12,3,1,858.3114032797188,0.0,0.0,0.0,0.0,0.0,0.0,0.0,0.0,1_3,1.0,-0.0,9999.0,0.0,0.0,0.0
lpJL9-mBNmk_00,13,3,1,858.3114032797188,0.0,0.0,0.0,0.0,0.0,0.0,0.0,0.0,1_3,1.0,-0.0,9999.0,0.0,0.0,0.0
lpJL9-mBNmk_00,14,3,1,858.3114032797188,0.0,0.0,0.0,0.0,0.0,0.0,0.0,0.0,1_3,1.0,-0.0,9999.0,0.0,0.0,0.0
lpJL9-mBNmk_00,15,3,1,858.3114032797188,0.0,0.0,0.0,0.0,0.0,0.0,0.0,0.0,1_3,1.0,-0.0,9999.0,0.0,0.0,0.0
lpJL9-mBNmk_00,16,3,1,858.3114032797188,0.0,0.0,0.0,0.0,0.0,0.0,0.0,0.0,1_3,1.0,-0.0,9999.0,0.0,0.0,0.0
lpJL9-mBNmk_00,17,3,1,858.3114032797188,0.0,0.0,0.0,0.0,0.0,0.0,0.0,0.0,1_3,1.0,-0.0,9999.0,0.0,0.0,0.0
lpJL9-mBNmk_00,18,3,1,858.3470291787582,-1.5707963267948966,0.0,-1.5707963267948966,0.0,0.0,-0.04999999999999716,0.0,0.0,1_3,1.0,-0.03562589903947355,9999.0,90.0,90.0,0.04999999999999716
lpJL9-mBNmk_00,19,3,1,858.3470291787582,0.0,0.0,-1.5707963267948966,0.0,0.0,0.0,0.0,0.0,1_3,1.0,-0.0,9999.0,0.0,90.0,0.0
lpJL9-mBNmk_00,20,3,1,858.2768682074568,0.0,0.0,-0.46364760900077767,0.0,0.10000000000000142,0.0,0.0,0.0,1_3,1.0,0.07016097130144772,12232.96730770526,0.0,26.565051177076366,0.10000000000000142
lpJL9-mBNmk_00,21,3,1,858.3470291787582,3.141592653589793,0.0,-1.5707963267948966,0.0,-0.10000000000000142,0.0,0.0,0.0,1_3,1.0,-0.07016097130144772,9999.0,180.0,90.0,0.10000000000000142
lpJL9-mBNmk_00,22,3,1,858.2768682074568,0.0,0.0,0.0,0.0,0.10000000000000142,0.0,0.0,0.0,1_3,1.0,0.07016097130144772,12232.96730770526,0.0,0.0,0.10000000000000142
lpJL9-mBNmk_00,23,3,1,858.3470291787582,3.141592653589793,0.0,0.0,0.0,-0.10000000000000142,0.0,0.0,0.0,1_3,1.0,-0.07016097130144772,9999.0,180.0,0.0,0.10000000000000142
lpJL9-mBNmk_00,24,3,1,858.3470291787582,0.0,0.0,0.0,0.0,0.0,0.0,0.0,0.0,1_3,1.0,-0.0,9999.0,0.0,0.0,0.0
lpJL9-mBNmk_00,25,3,1,858.3470291787582,0.0,0.0,3.141592653589793,0.0,0.0,0.0,0.0,0.0,1_3,1.0,-0.0,9999.0,0.0,180.0,0.0
lpJL9-mBNmk_00,26,3,1,858.3821118825811,3.141592653589793,0.0,3.141592653589793,0.0,-0.04999999999999716,0.0,0.0,0.0,1_3,1.0,-0.03508270382280898,9999.0,180.0,180.0,0.04999999999999716
lpJL9-mBNmk_00,27,3,1,858.3821118825811,0.0,0.0,3.141592653589793,0.0,0.0,0.0,0.0,0.0,1_3,1.0,-0.0,9999.0,0.0,180.0,0.0
lpJL9-mBNmk_00,28,3,1,858.8085758770693,3.141592653589722,1.5707963267948966,-2.819842099193208,1.5707963267948966,-0.10000000000000142,7.105427357601002e-15,0.0,0.5,1_3,1.0,-0.4264639944882447,9999.0,89.99999999999592,108.43494882291877,0.5099019513592717
lpJL9-mBNmk_00,29,3,1,858.4528204857853,-0.7853981633975192,-1.5707963267948966,-2.3561944901923093,0.0,0.05000000000000426,-0.05000000000001137,0.0,-0.5,1_3,1.0,0.35575539128399214,2413.042336160973,44.99999999999594,134.99999999999795,0.45276925690686
lpJL9-mBNmk_00,30,3,1,858.4879046905669,3.141592653589793,0.0,-2.5535900500422146,0.0,-0.05000000000000426,0.0,0.0,0.0,1_3,1.0,-0.03508420478158314,9999.0,180.0,146.30993247401958,0.05000000000000426
lpJL9-mBNmk_00,35,3,1,858.8080140520349,2.0344439357957027,1.5707963267948966,3.1415926535897576,1.5707963267948966,-0.05000000000000426,0.10000000000000853,0.0,0.5,1_3,5.0,-0.06402187229359697,9999.0,26.565051177077994,89.99999999999797,0.0806225774829839
lpJL9-mBNmk_00,36,3,1,858.7729400138315,-1.4210854715200792e-13,0.0,3.141592653589793,1.5707963267948966,0.05000000000000426,-7.105427357601002e-15,0.0,0.0,1_3,1.0,0.03507403820333366,24484.575600770382,8.142219984545908e-12,90.0,0.05000000000000426
lpJL9-mBNmk_00,37,3,1,857.919613075724,0.3217505543966706,-1.5707963267948966,1.5707963267948966,-1.5707963267948966,0.14999999999999858,0.05000000000000426,0.0,-1.0,1_3,1.0,0.853326938107557,1005.382081313819,108.43494882292363,180.0,1.0606601717798252
lpJL9-mBNmk_00,38,3,1,858.3815730780805,-2.67794504458893,1.5707963267948966,3.141592653589793,0.0,-0.09999999999999432,-0.05000000000000426,0.0,0.5,1_3,1.0,-0.46196000235647716,9999.0,116.56505117708124,180.0,0.5590169943749506
lpJL9-mBNmk_00,39,3,1,858.2763205984422,4.73695157173427e-14,0.0,1.4210854715202814e-13,0.0,0.14999999999999147,7.105427357601002e-15,0.0,0.0,1_3,1.0,0.10525247963823858,8154.452261347271,2.714073328182355e-12,8.142219984547067e-12,0.14999999999999147
lpJL9-mBNmk_00,40,3,1,857.9903219151133,-3.141592653589722,-1.5707963267948966,3.141592653589793,-1.5707963267948966,-0.09999999999999432,-7.105427357601002e-15,0.0,-0.5,1_3,1.0,0.28599868332889855,2999.979971685479,89.99999999999592,90.00000000000001,0.5099019513592704
lpJL9-mBNmk_00,41,3,1,857.9908347412576,-0.7853981633974483,0.0,-1.5707963267948966,-1.5707963267948966,0.04999999999999716,-0.04999999999999716,0.0,0.0,1_3,1.0,-0.0005128261442450821,9999.0,45.0,0.0,0.07071067811865074
lpJL9-mBNmk_00,42,3,1,858.3114032797188,1.5707963267948966,1.5707963267948966,1.5707963267948966,0.0,0.0,0.04999999999999716,0.0,0.5,1_3,1.0,-0.3205685384612025,9999.0,0.0,90.0,0.45000000000000284
lpJL9-mBNmk_00,43,3,1,857.9908347412576,-1.5707963267948966,-1.5707963267948966,0.0,-1.5707963267948966,0.0,-0.04999999999999716,0.0,-0.5,1_3,1.0,0.3205685384612025,2676.4661275239205,0.0,90.0,0.45000000000000284
lpJL9-mBNmk_00,44,3,1,858.0615435386903,-2.356194490192345,0.0,-2.819842099193165,-1.5707963267948966,-0.04999999999999716,-0.04999999999999716,0.0,0.0,1_3,1.0,-0.07070879743275782,9999.0,135.0,71.5650511770788,0.07071067811865074
lpJL9-mBNmk_00,45,3,1,858.062062149353,-0.7853981633975192,0.0,-1.5707963267948966,-1.5707963267948966,0.04999999999999716,-0.05000000000000426,0.0,0.0,1_3,1.0,-0.0005186106626524634,9999.0,45.00000000000406,0.0,0.07071067811865576
lpJL9-mBNmk_00,46,3,1,858.062062149353,0.0,0.0,-2.356194490192345,-1.5707963267948966,0.0,0.0,0.0,0.0,1_3,1.0,-0.0,9999.0,0.0,45.0,0.0
lpJL9-mBNmk_00,47,3,1,858.026969273111,0.0,0.0,-1.1071487177941188,-1.5707963267948966,0.04999999999999716,0.0,0.0,0.0,1_3,1.0,0.035092876241947124,24450.17511125225,0.0,26.56505117707637,0.04999999999999716
lpJL9-mBNmk_00,48,3,1,858.6989650046168,-2.3036114285813984,0.0,-2.1587989303424613,-1.5707963267948966,-0.44999999999999574,-0.5,0.0,0.0,1_3,1.0,-0.6719957315057172,9999.0,131.98721249581638,33.69006752597963,0.6726812023536827
lpJL9-mBNmk_00,49,3,1,858.6628267253684,2.034443935795731,0.0,-2.303611428581406,-1.5707963267948966,-0.05000000000000426,0.10000000000000142,0.0,0.0,1_3,1.0,0.036138279248348226,23760.47904285911,116.56505117707962,41.98721249581683,0.11180339887499267
lpJL9-mBNmk_00,50,3,1,858.663874866062,-0.7853981633974483,0.0,-2.034443935795707,-1.5707963267948966,0.10000000000000142,-0.10000000000000142,0.0,0.0,1_3,1.0,-0.0010481406935696214,9999.0,45.0,26.56505117707825,0.14142135623731153
lpJL9-mBNmk_00,51,3,1,858.6989650046168,3.141592653589793,0.0,-2.0988707752212568,-1.5707963267948966,-0.04999999999999716,0.0,0.0,0.0,1_3,1.0,-0.035090138554778605,9999.0,180.0,30.256437163529295,0.04999999999999716
lpJL9-mBNmk_00,52,3,1,858.6989650046168,0.0,0.0,-1.965587446494653,-1.5707963267948966,0.0,0.0,0.0,0.0,1_3,1.0,-0.0,9999.0,0.0,22.619864948040142,0.0
lpJL9-mBNmk_00,53,3,1,858.663874866062,0.0,0.0,-1.9974238199217853,-1.5707963267948966,0.04999999999999716,0.0,0.0,0.0,1_3,1.0,0.035090138554778605,24470.233240191308,0.0,24.443954780417265,0.04999999999999716
lpJL9-mBNmk_00,54,3,1,858.6989650046168,3.141592653589793,0.0,-1.9974238199217746,-1.5707963267948966,-0.04999999999999716,0.0,0.0,0.0,1_3,1.0,-0.035090138554778605,9999.0,180.0,24.443954780416654,0.04999999999999716
lpJL9-mBNmk_00,55,3,1,858.7340566205582,3.141592653589793,0.0,-1.9379701606131128,-1.5707963267948966,-0.05000000000000426,0.0,0.0,0.0,1_3,1.0,-0.03509161594149646,9999.0,180.0,21.03751102542165,0.05000000000000426
lpJL9-mBNmk_00,56,3,1,858.6989650046168,0.0,0.0,-1.9379701606131166,-1.5707963267948966,0.05000000000000426,0.0,0.0,0.0,1_3,1.0,0.03509161594149646,24470.202980569786,0.0,21.037511025421868,0.05000000000000426
lpJL9-mBNmk_00,57,3,1,858.6989650046168,0.0,0.0,-2.0899424410414165,0.0,0.0,0.0,0.0,0.0,1_3,1.0,-0.0,9999.0,0.0,119.74488129694205,0.0
lpJL9-mBNmk_00,58,3,1,859.0552150473217,0.0,1.5707963267948966,-2.0032041023654408,0.0,0.0,0.0,0.0,0.5,1_3,1.0,-0.35625004270491445,9999.0,90.0,114.77514056883228,0.5
lpJL9-mBNmk_00,59,3,1,858.6628267253684,2.034443935795731,-1.5707963267948966,-2.3086113869153575,-1.5707963267948966,-0.05000000000000426,0.10000000000000142,0.0,-0.5,1_3,1.0,0.3923883219532627,2188.2986283869163,153.43494882292038,42.273689006093505,0.6020797289396166
lpJL9-mBNmk_00,60,3,1,858.663347884373,-0.7853981633973773,0.0,-2.098870775221262,0.0,0.05000000000000426,-0.04999999999999716,0.0,0.0,1_3,1.0,-0.0005211590046201309,9999.0,44.99999999999594,120.2564371635296,0.07071067811865576
lpJL9-mBNmk_00,61,3,1,858.663347884373,0.0,0.0,-2.1995926132103305,0.0,0.0,0.0,0.0,0.0,1_3,1.0,-0.0,9999.0,0.0,126.02737338510366,0.0
lpJL9-mBNmk_00,62,3,1,858.6984409558456,3.141592653589793,0.0,-2.214297435588189,-1.5707963267948966,-0.05000000000000426,0.0,0.0,0.0,1_3,1.0,-0.03509307147260188,9999.0,180.0,36.86989764584447,0.05000000000000426
lpJL9-mBNmk_00,63,3,1,858.6277321983026,0.7853981633973773,0.0,-2.245537269018447,0.0,0.05000000000000426,0.04999999999999716,0.0,0.0,1_3,1.0,0.07070875754300232,12143.159659906605,44.99999999999594,128.65980825408997,0.07071067811865576
lpJL9-mBNmk_00,64,3,1,858.663347884373,-1.5707963267948966,0.0,-2.1815222911841072,0.0,0.0,-0.04999999999999716,0.0,0.0,1_3,1.0,-0.03561568607040044,9999.0,90.0,124.99202019855878,0.04999999999999716
lpJL9-mBNmk_00,65,3,1,858.663347884373,0.0,0.0,-2.297438667476625,0.0,0.0,0.0,0.0,0.0,1_3,1.0,-0.0,9999.0,0.0,131.63353933657038,0.0
lpJL9-mBNmk_00,66,3,1,858.663347884373,0.0,0.0,-2.297438667476625,0.0,0.0,0.0,0.0,0.0,1_3,1.0,-0.0,9999.0,0.0,131.63353933657038,0.0
lpJL9-mBNmk_00,67,3,1,858.6628267253684,2.356194490192416,0.0,-2.4668517113662425,0.0,-0.05000000000000426,0.04999999999999716,0.0,0.0,1_3,1.0,0.0005211590046201309,1647602.399868811,135.00000000000406,141.34019174591003,0.07071067811865576
lpJL9-mBNmk_00,68,3,1,858.663347884373,-0.7853981633973773,0.0,1.5707963267948966,0.0,0.05000000000000426,-0.04999999999999716,0.0,0.0,1_3,1.0,-0.0005211590046201309,9999.0,44.99999999999594,90.0,0.07071067811865576
lpJL9-mBNmk_00,69,3,1,858.6277321983026,1.5707963267948966,0.0,0.0,0.0,0.0,0.04999999999999716,0.0,0.0,1_3,1.0,0.03561568607040044,24108.13399750546,90.0,0.0,0.04999999999999716
lpJL9-mBNmk_00,70,3,1,858.6628267253684,3.141592653589793,0.0,2.356194490192345,0.0,-0.05000000000000426,0.0,0.0,0.0,1_3,1.0,-0.03509452706578031,9999.0,180.0,135.0,0.05000000000000426
lpJL9-mBNmk_00,71,3,1,858.6984409558456,-1.5707963267948966,0.0,2.356194490192416,0.0,0.0,-0.05000000000000426,0.0,0.0,1_3,1.0,-0.03561423047722201,9999.0,90.0,135.00000000000406,0.05000000000000426
lpJL9-mBNmk_00,72,3,1,858.733535504466,3.141592653589793,0.0,2.6779450445890154,0.0,-0.04999999999999716,0.0,0.0,0.0,1_3,1.0,-0.03509454862035,9999.0,180.0,153.43494882292364,0.04999999999999716
lpJL9-mBNmk_00,73,3,1,858.733535504466,0.0,0.0,2.819842099193165,0.0,0.0,0.0,0.0,0.0,1_3,1.0,-0.0,9999.0,0.0,161.5650511770788,0.0
lpJL9-mBNmk_00,74,3,1,858.6984409558456,0.0,0.0,2.356194490192416,0.0,0.04999999999999716,0.0,0.0,0.0,1_3,1.0,0.03509454862035,24468.1431935534,0.0,135.00000000000406,0.04999999999999716
lpJL9-mBNmk_00,75,3,1,858.7686315300531,3.141592653589793,0.0,2.677945044588987,0.0,-0.09999999999999432,0.0,0.0,0.0,1_3,1.0,-0.07019057420745867,9999.0,180.0,153.434948822922,0.09999999999999432
lpJL9-mBNmk_00,76,3,1,858.7686315300531,0.0,0.0,2.819842099193165,0.0,0.0,0.0,0.0,0.0,1_3,1.0,-0.0,9999.0,0.0,161.5650511770788,0.0
lpJL9-mBNmk_00,77,3,1,858.7686315300531,0.0,0.0,2.819842099193165,0.0,0.0,0.0,0.0,0.0,1_3,1.0,-0.0,9999.0,0.0,161.5650511770788,0.0
lpJL9-mBNmk_00,78,3,1,858.7686315300531,0.0,0.0,2.819842099193165,-1.5707963267948966,0.0,0.0,0.0,0.0,1_3,1.0,-0.0,9999.0,0.0,108.4349488229212,0.0
lpJL9-mBNmk_00,79,3,1,858.733535504466,0.0,0.0,-2.356194490192274,0.0,0.04999999999999716,0.0,0.0,0.0,1_3,1.0,0.03509602558710867,24468.113444158545,0.0,134.99999999999594,0.04999999999999716
lpJL9-mBNmk_00,80,3,1,858.7686315300531,3.141592653589793,0.0,-3.1415926535897456,0.0,-0.04999999999999716,0.0,0.0,0.0,1_3,1.0,-0.03509602558710867,9999.0,180.0,179.99999999999727,0.04999999999999716
lpJL9-mBNmk_00,81,3,1,858.733535504466,0.0,0.0,-3.141592653589722,0.0,0.04999999999999716,0.0,0.0,0.0,1_3,1.0,0.03509602558710867,24468.113444158545,0.0,179.99999999999594,0.04999999999999716
lpJL9-mBNmk_00,82,3,1,858.733535504466,0.0,0.0,-3.141592653589651,0.0,0.0,0.0,0.0,0.0,1_3,1.0,-0.0,9999.0,0.0,179.99999999999184,0.0
lpJL9-mBNmk_00,83,3,1,858.733535504466,0.0,0.0,-2.6779450445889585,0.0,0.0,0.0,0.0,0.0,1_3,1.0,-0.0,9999.0,0.0,153.43494882292038,0.0
lpJL9-mBNmk_00,84,3,1,858.7686315300531,3.141592653589793,0.0,-3.1415926535897456,0.0,-0.04999999999999716,0.0,0.0,0.0,1_3,1.0,-0.03509602558710867,9999.0,180.0,179.99999999999727,0.04999999999999716
lpJL9-mBNmk_00,85,3,1,858.733535504466,0.0,0.0,-3.141592653589722,0.0,0.04999999999999716,0.0,0.0,0.0,1_3,1.0,0.03509602558710867,24468.113444158545,0.0,179.99999999999594,0.04999999999999716
lpJL9-mBNmk_00,86,3,1,858.733535504466,0.0,0.0,-3.141592653589722,0.0,0.0,0.0,0.0,0.0,1_3,1.0,-0.0,9999.0,0.0,179.99999999999594,0.0
lpJL9-mBNmk_00,87,3,1,858.8037290324256,3.141592653589793,0.0,-2.8198420991931226,0.0,-0.10000000000000142,0.0,0.0,0.0,1_3,1.0,-0.07019352795964551,9999.0,180.0,161.56505117707636,0.10000000000000142
lpJL9-mBNmk_00,88,3,1,858.7330202105891,0.7853981633974483,0.0,2.819842099193165,0.0,0.05000000000000426,0.05000000000000426,0.0,0.0,1_3,1.0,0.07070882183654703,12144.637654911945,45.0,161.5650511770788,0.07071067811866079
lpJL9-mBNmk_00,89,3,1,858.7330202105891,0.0,0.0,3.141592653589793,0.0,0.0,0.0,0.0,0.0,1_3,1.0,-0.0,9999.0,0.0,180.0,0.0
lpJL9-mBNmk_00,253,33,1,605.3315207388428,0.0,0.0,0.0,-2.356194490192345,,,0.0,0.0,1_33,,0.0,9999.0,0.0,135.0,0.0
lpJL9-mBNmk_00,254,33,1,605.1159496327956,1.5707963267948966,0.0,1.5707963267948966,-2.356194490192345,0.0,0.25,0.0,0.0,1_33,1.0,0.21557110604715035,2807.0364379001835,90.0,135.0,0.25
lpJL9-mBNmk_00,255,33,1,606.8412580733119,-1.5707963267948966,0.0,-1.5707963267948966,-2.356194490192345,0.0,-2.0,0.0,0.0,1_33,1.0,-1.7253084405163008,9999.0,90.0,45.0,2.0
lpJL9-mBNmk_00,256,33,1,606.1572093937348,1.5707963267948966,0.7853981633974483,-1.5707963267948966,-0.7853981633974483,0.0,1.0,0.5,0.5,1_33,1.0,0.6840486795771312,886.1316854941555,45.0,45.0,0.7071067811865476
lpJL9-mBNmk_00,257,33,1,606.2003711645185,-1.5707963267948966,0.0,-1.5707963267948966,-0.7853981633974483,0.0,-0.05000000000001137,0.0,0.0,1_33,1.0,-0.043161770783740394,9999.0,90.0,45.0,0.05000000000001137
lpJL9-mBNmk_00,258,33,1,606.2435339861366,-1.5707963267948966,0.0,-1.5707963267948966,-1.5707963267948966,0.0,-0.04999999999998295,0.0,0.0,1_33,1.0,-0.043162821618125236,9999.0,90.0,0.0,0.04999999999998295
lpJL9-mBNmk_00,259,33,1,606.2003711645185,1.5707963267948966,0.0,-1.5707963267948966,-1.5707963267948966,0.0,0.04999999999998295,0.0,0.0,1_33,1.0,0.043162821618125236,14044.502848487518,90.0,0.0,0.04999999999998295
lpJL9-mBNmk_00,260,33,1,606.7183943148584,-1.5707963267948966,1.5707963267948966,-1.5707963267948966,1.5707963267948966,0.0,-0.09999999999999432,0.0,0.5,1_33,1.0,-0.5180231503399,9999.0,180.0,180.0,0.5999999999999943
lpJL9-mBNmk_00,261,33,1,606.2435339861366,1.5707963267948966,-1.5707963267948966,-1.5707963267948966,0.0,0.0,0.05000000000001137,0.0,-0.5,1_33,1.0,0.47486032872177475,1276.6775772110047,180.0,90.0,0.5500000000000114
lpJL9-mBNmk_00,262,33,1,606.2003711645185,1.5707963267948966,0.0,-1.5707963267948966,0.0,0.0,0.04999999999998295,0.0,0.0,1_33,1.0,0.043162821618125236,14044.502848487518,90.0,90.0,0.04999999999998295
lpJL9-mBNmk_00,263,33,1,606.3730287537531,-1.5707963267948966,0.0,-1.5707963267948966,0.0,0.0,-0.19999999999998863,0.0,0.0,1_33,1.0,-0.17265758923463181,9999.0,90.0,90.0,0.19999999999998863
lpJL9-mBNmk_00,264,33,1,604.8628460237908,1.5707963267948966,0.0,1.5707963267948966,0.0,0.0,1.75,0.0,0.0,1_33,1.0,1.5101827299623665,400.522952635582,90.0,90.0,1.75
lpJL9-mBNmk_00,265,33,1,606.4161957764651,-1.5707963267948966,0.0,-1.5707963267948966,0.0,0.0,-1.8000000000000114,0.0,0.0,1_33,1.0,-1.5533497526743076,9999.0,90.0,90.0,1.8000000000000114
lpJL9-mBNmk_00,266,33,1,604.6472111901286,1.5707963267948966,0.0,1.5707963267948966,0.0,0.0,2.0500000000000114,0.0,0.0,1_33,1.0,1.7689845863365008,341.80468041405027,90.0,90.0,2.0500000000000114
lpJL9-mBNmk_00,267,33,1,606.2866978583647,-1.5707963267948966,0.0,-1.5707963267948966,0.0,0.0,-1.9000000000000057,0.0,0.0,1_33,1.0,-1.6394866682361453,9999.0,90.0,90.0,1.9000000000000057
lpJL9-mBNmk_00,268,33,1,606.2003711645185,1.5707963267948966,0.0,-1.5707963267948966,0.0,0.0,0.09999999999999432,0.0,0.0,1_33,1.0,0.0863266938462175,7022.165962296724,90.0,90.0,0.09999999999999432
lpJL9-mBNmk_00,269,33,1,606.2866978583647,-1.5707963267948966,0.0,-1.5707963267948966,1.5707963267948966,0.0,-0.09999999999999432,0.0,0.0,1_33,1.0,-0.0863266938462175,9999.0,90.0,180.0,0.09999999999999432
lpJL9-mBNmk_00,270,33,1,606.3730287537531,-1.5707963267948966,0.0,-1.5707963267948966,0.7853981633974483,0.0,-0.09999999999999432,0.0,0.0,1_33,1.0,-0.08633089538841432,9999.0,90.0,135.0,0.09999999999999432
lpJL9-mBNmk_00,271,33,1,604.7334619483198,1.5707963267948966,0.0,1.5707963267948966,0.0,0.0,1.9000000000000057,0.0,0.0,1_33,1.0,1.6395668054333328,368.8373416345731,90.0,90.0,1.9000000000000057
lpJL9-mBNmk_00,272,33,1,604.0866845908789,1.5707963267948966,1.5707963267948966,1.5707963267948966,1.1071487177940904,0.0,1.25,0.0,0.5,1_33,1.0,0.6467773574408966,933.9947937897334,0.0,26.565051177077994,0.75
lpJL9-mBNmk_00,273,33,1,604.0004656455159,1.5707963267948966,0.0,1.5707963267948966,1.1071487177940904,0.0,0.09999999999999432,0.0,0.0,1_33,1.0,0.08621894536304353,7005.426279598309,90.0,26.565051177077994,0.09999999999999432
lpJL9-mBNmk_00,274,33,1,604.0435745871318,-1.5707963267948966,0.0,1.5707963267948966,1.1071487177940904,0.0,-0.05000000000001137,0.0,0.0,1_33,1.0,-0.04310894161596934,9999.0,90.0,26.565051177077994,0.05000000000001137
lpJL9-mBNmk_00,275,33,1,604.0004656455159,1.5707963267948966,0.0,1.5707963267948966,1.1071487177940904,0.0,0.05000000000001137,0.0,0.0,1_33,1.0,0.04310894161596934,14011.025161002073,90.0,26.565051177077994,0.05000000000001137
lpJL9-mBNmk_00,276,33,1,604.0004656455159,0.0,0.0,1.5707963267948966,1.5707963267948966,0.0,0.0,0.0,0.0,1_33,1.0,-0.0,9999.0,0.0,0.0,0.0
lpJL9-mBNmk_00,277,33,1,604.2160209726319,-1.5707963267948966,0.0,1.5707963267948966,1.5707963267948966,0.0,-0.25,0.0,0.0,1_33,1.0,-0.21555532711602154,9999.0,90.0,0.0,0.25
lpJL9-mBNmk_00,278,33,1,603.784936877362,1.5707963267948966,0.0,1.5707963267948966,1.5707963267948966,0.0,0.5,0.0,0.0,1_33,1.0,0.4310840952698527,1400.6198407746892,90.0,0.0,0.5
lpJL9-mBNmk_00,279,33,1,603.5694346966221,1.5707963267948966,0.0,1.5707963267948966,1.5707963267948966,0.0,0.25,0.0,0.0,1_33,1.0,0.215502180739918,2800.757897782245,90.0,0.0,0.25
lpJL9-mBNmk_00,280,33,1,603.3539591317852,1.5707963267948966,0.0,1.5707963267948966,0.0,0.0,0.25,0.0,0.0,1_33,1.0,0.21547556483687913,2800.1038520935804,90.0,90.0,0.25
lpJL9-mBNmk_00,281,33,1,603.6987328129818,-1.5707963267948966,0.0,1.5707963267948966,1.5707963267948966,0.0,-0.4000000000000057,0.0,0.0,1_33,1.0,-0.34477368119655694,9999.0,90.0,0.0,0.4000000000000057
lpJL9-mBNmk_00,282,33,1,603.6987328129818,0.0,0.0,1.5707963267948966,1.5707963267948966,0.0,0.0,0.0,0.0,1_33,1.0,-0.0,9999.0,0.0,0.0,0.0
lpJL9-mBNmk_00,283,33,1,603.6987328129818,0.0,0.0,1.5707963267948966,1.5707963267948966,0.0,0.0,0.0,0.0,1_33,1.0,-0.0,9999.0,0.0,0.0,0.0
lpJL9-mBNmk_00,284,33,1,603.6987328129818,0.0,0.0,1.5707963267948966,1.5707963267948966,0.0,0.0,0.0,0.0,1_33,1.0,-0.0,9999.0,0.0,0.0,0.0
lpJL9-mBNmk_00,285,33,1,603.5263374534702,1.5707963267948966,0.0,1.5707963267948966,1.5707963267948966,0.0,0.20000000000001705,0.0,0.0,1_33,1.0,0.17239535951159723,3500.8270475683557,90.0,0.0,0.20000000000001705
lpJL9-mBNmk_00,286,33,1,604.2160209726319,-1.5707963267948966,0.0,1.5707963267948966,1.5707963267948966,0.0,-0.8000000000000114,0.0,0.0,1_33,1.0,-0.6896835191616901,9999.0,90.0,0.0,0.8000000000000114
lpJL9-mBNmk_00,287,33,1,604.2160209726319,0.0,0.0,1.5707963267948966,1.5707963267948966,0.0,0.0,0.0,0.0,1_33,1.0,-0.0,9999.0,0.0,0.0,0.0
lpJL9-mBNmk_00,288,33,1,604.3022505336216,-1.5707963267948966,0.0,1.5707963267948966,1.5707963267948966,0.0,-0.09999999999999432,0.0,0.0,1_33,1.0,-0.0862295609897501,9999.0,90.0,0.0,0.09999999999999432
lpJL9-mBNmk_00,289,33,1,604.2160209726319,1.5707963267948966,0.0,1.5707963267948966,1.5707963267948966,0.0,0.09999999999999432,0.0,0.0,1_33,1.0,0.0862295609897501,7007.063633832644,90.0,0.0,0.09999999999999432
lpJL9-mBNmk_00,290,33,1,604.2160209726319,0.0,0.0,1.5707963267948966,1.5707963267948966,0.0,0.0,0.0,0.0,1_33,1.0,-0.0,9999.0,0.0,0.0,0.0
lpJL9-mBNmk_00,291,33,1,604.2160209726319,0.0,0.0,1.5707963267948966,1.5707963267948966,0.0,0.0,0.0,0.0,1_33,1.0,-0.0,9999.0,0.0,0.0,0.0
lpJL9-mBNmk_00,292,33,1,604.2591352226294,-1.5707963267948966,0.0,-1.5707963267948966,0.0,0.0,-0.05000000000001137,0.0,0.0,1_33,1.0,-0.04311424999752944,9999.0,90.0,90.0,0.05000000000001137
lpJL9-mBNmk_00,293,33,1,604.2591352226294,0.0,0.0,-1.5707963267948966,0.0,0.0,0.0,0.0,0.0,1_33,1.0,-0.0,9999.0,0.0,90.0,0.0
lpJL9-mBNmk_00,294,33,1,604.1297956565294,1.5707963267948966,0.0,-1.5707963267948966,0.0,0.0,0.15000000000000568,0.0,0.0,1_33,1.0,0.12933956610004316,4670.881570680696,90.0,90.0,0.15000000000000568
lpJL9-mBNmk_00,295,33,1,604.2160209726319,-1.5707963267948966,0.0,-1.5707963267948966,0.0,0.0,-0.09999999999999432,0.0,0.0,1_33,1.0,-0.08622531610251372,9999.0,90.0,90.0,0.09999999999999432
lpJL9-mBNmk_00,296,33,1,604.3022505336216,-1.5707963267948966,0.0,-1.5707963267948966,0.0,0.0,-0.09999999999999432,0.0,0.0,1_33,1.0,-0.0862295609897501,9999.0,90.0,90.0,0.09999999999999432
lpJL9-mBNmk_00,297,33,1,604.3022505336216,0.0,0.0,-1.5707963267948966,0.0,0.0,0.0,0.0,0.0,1_33,1.0,-0.0,9999.0,0.0,90.0,0.0
lpJL9-mBNmk_00,298,33,1,604.3022505336216,0.0,0.0,-1.5707963267948966,0.0,0.0,0.0,0.0,0.0,1_33,1.0,-0.0,9999.0,0.0,90.0,0.0
lpJL9-mBNmk_00,299,33,1,604.3022505336216,0.0,0.0,-1.5707963267948966,0.0,0.0,0.0,0.0,0.0,1_33,1.0,-0.0,9999.0,0.0,90.0,0.0
lpJL9-mBNmk_00,300,33,1,604.4747223829959,-1.5707963267948966,0.0,-1.5707963267948966,0.0,0.0,-0.20000000000001705,0.0,0.0,1_33,1.0,-0.172471849374233,9999.0,90.0,90.0,0.20000000000001705
lpJL9-mBNmk_00,301,33,1,604.3022505336216,1.5707963267948966,0.0,-1.5707963267948966,0.0,0.0,0.20000000000001705,0.0,0.0,1_33,1.0,0.172471849374233,3503.7732402485817,90.0,90.0,0.20000000000001705
lpJL9-mBNmk_00,302,33,1,604.0866845908789,1.5707963267948966,0.0,-1.5707963267948966,0.0,0.0,0.25,0.0,0.0,1_33,1.0,0.2155659427427281,2802.3289621025124,90.0,90.0,0.25
lpJL9-mBNmk_00,303,33,1,604.0866845908789,0.0,0.0,-1.5707963267948966,0.0,0.0,0.0,0.0,0.0,1_33,1.0,-0.0,9999.0,0.0,90.0,0.0
lpJL9-mBNmk_00,304,33,1,604.0435745871318,1.5707963267948966,0.0,-1.5707963267948966,0.0,0.0,0.04999999999998295,0.0,0.0,1_33,1.0,0.04311000374707419,14011.679937005976,90.0,90.0,0.04999999999998295
lpJL9-mBNmk_00,305,33,1,604.0435745871318,0.0,0.0,-1.5707963267948966,0.0,0.0,0.0,0.0,0.0,1_33,1.0,-0.0,9999.0,0.0,90.0,0.0
lpJL9-mBNmk_00,306,33,1,604.2160209726319,-1.5707963267948966,0.0,0.0,0.0,0.0,-0.19999999999998863,0.0,0.0,1_33,1.0,-0.1724463855000522,9999.0,90.0,0.0,0.19999999999998863
lpJL9-mBNmk_00,307,33,1,604.2160209726319,0.0,0.0,0.0,0.0,0.0,0.0,0.0,0.0,1_33,1.0,-0.0,9999.0,0.0,0.0,0.0
lpJL9-mBNmk_00,308,33,1,604.3884843376817,-1.5707963267948966,0.0,-1.5707963267948966,0.0,0.0,-0.19999999999998863,0.0,0.0,1_33,1.0,-0.17246336504979354,9999.0,90.0,90.0,0.19999999999998863
lpJL9-mBNmk_00,309,33,1,604.5609646677495,-1.5707963267948966,0.0,-1.5707963267948966,0.0,0.0,-0.20000000000001705,0.0,0.0,1_33,1.0,-0.1724803300678559,9999.0,90.0,90.0,0.20000000000001705
lpJL9-mBNmk_00,310,33,1,604.6472111901286,-1.5707963267948966,0.0,-1.5707963267948966,0.0,0.0,-0.09999999999999432,0.0,0.0,1_33,1.0,-0.08624652237904229,9999.0,90.0,90.0,0.09999999999999432
lpJL9-mBNmk_00,311,33,1,604.9059761648912,-1.5707963267948966,0.0,-1.5707963267948966,0.0,0.0,-0.30000000000001137,0.0,0.0,1_33,1.0,-0.25876497476258464,9999.0,90.0,90.0,0.30000000000001137
lpJL9-mBNmk_00,312,33,1,604.6040873993493,1.5707963267948966,0.0,-1.5707963267948966,0.0,0.0,0.35000000000002274,0.0,0.0,1_33,1.0,0.30188876554188937,2002.737949900477,90.0,90.0,0.35000000000002274
lpJL9-mBNmk_00,313,33,1,604.6040873993493,0.0,0.0,-1.5707963267948966,0.0,0.0,0.0,0.0,0.0,1_33,1.0,-0.0,9999.0,0.0,90.0,0.0
lpJL9-mBNmk_00,314,33,1,604.6472111901286,-1.5707963267948966,0.0,-1.5707963267948966,0.0,0.0,-0.05000000000001137,0.0,0.0,1_33,1.0,-0.04312379077930473,9999.0,90.0,90.0,0.05000000000001137
lpJL9-mBNmk_00,315,33,1,604.6472111901286,0.0,0.0,-1.5707963267948966,0.0,0.0,0.0,0.0,0.0,1_33,1.0,-0.0,9999.0,0.0,90.0,0.0
lpJL9-mBNmk_00,316,33,1,604.6472111901286,0.0,0.0,-1.5707963267948966,0.0,0.0,0.0,0.0,0.0,1_33,1.0,-0.0,9999.0,0.0,90.0,0.0
lpJL9-mBNmk_00,317,33,1,604.5609646677495,1.5707963267948966,0.0,-1.5707963267948966,0.0,0.0,0.09999999999999432,0.0,0.0,1_33,1.0,0.08624652237904229,7009.685121108796,90.0,90.0,0.09999999999999432
lpJL9-mBNmk_00,318,33,1,604.6472111901286,-1.5707963267948966,0.0,-1.5707963267948966,0.0,0.0,-0.09999999999999432,0.0,0.0,1_33,1.0,-0.08624652237904229,9999.0,90.0,90.0,0.09999999999999432
lpJL9-mBNmk_00,319,33,1,604.5178429955563,1.5707963267948966,0.0,-1.5707963267948966,0.0,0.0,0.15000000000000568,0.0,0.0,1_33,1.0,0.12936819457229376,4672.847487700994,90.0,90.0,0.15000000000000568
lpJL9-mBNmk_00,320,33,1,604.5609646677495,-1.5707963267948966,0.0,-1.5707963267948966,0.0,0.0,-0.05000000000001137,0.0,0.0,1_33,1.0,-0.04312167219325147,9999.0,90.0,90.0,0.05000000000001137
lpJL9-mBNmk_00,321,33,1,604.7334619483198,-1.5707963267948966,0.0,-1.5707963267948966,0.0,0.0,-0.19999999999998863,0.0,0.0,1_33,1.0,-0.17249728057026914,9999.0,90.0,90.0,0.19999999999998863
lpJL9-mBNmk_00,322,33,1,604.4747223829959,1.5707963267948966,0.0,-1.5707963267948966,0.0,0.0,0.29999999999998295,0.0,0.0,1_33,1.0,0.2587395653239355,2336.228406452676,90.0,90.0,0.29999999999998295
lpJL9-mBNmk_00,323,33,1,604.5609646677495,-1.5707963267948966,0.0,-1.5707963267948966,0.0,0.0,-0.09999999999999432,0.0,0.0,1_33,1.0,-0.08624228475366635,9999.0,90.0,90.0,0.09999999999999432
lpJL9-mBNmk_00,324,33,1,604.6472111901286,-1.5707963267948966,0.0,-1.5707963267948966,0.0,0.0,-0.09999999999999432,0.0,0.0,1_33,1.0,-0.08624652237904229,9999.0,90.0,90.0,0.09999999999999432
lpJL9-mBNmk_00,325,33,1,604.8628460237908,-1.5707963267948966,0.0,-1.5707963267948966,0.0,0.0,-0.25,0.0,0.0,1_33,1.0,-0.21563483366219316,9999.0,90.0,90.0,0.25
lpJL9-mBNmk_00,326,33,1,604.6472111901286,1.5707963267948966,0.0,-1.5707963267948966,0.0,0.0,0.25,0.0,0.0,1_33,1.0,0.21563483366219316,2804.033100409696,90.0,90.0,0.25
lpJL9-mBNmk_00,327,33,1,604.7334619483198,-1.5707963267948966,0.0,-1.5707963267948966,0.0,0.0,-0.09999999999999432,0.0,0.0,1_33,1.0,-0.08625075819122685,9999.0,90.0,90.0,0.09999999999999432
lpJL9-mBNmk_00,328,33,1,604.8628460237908,-1.5707963267948966,0.0,-1.5707963267948966,0.0,0.0,-0.15000000000000568,0.0,0.0,1_33,1.0,-0.1293840754709663,9999.0,90.0,90.0,0.15000000000000568
lpJL9-mBNmk_00,329,33,1,604.7334619483198,1.5707963267948966,0.0,-1.5707963267948966,0.0,0.0,0.15000000000000568,0.0,0.0,1_33,1.0,0.1293840754709663,4673.940434686814,90.0,90.0,0.15000000000000568
lpJL9-mBNmk_00,330,33,1,604.7334619483198,0.0,0.0,-1.5707963267948966,0.0,0.0,0.0,0.0,0.0,1_33,1.0,-0.0,9999.0,0.0,90.0,0.0
lpJL9-mBNmk_00,331,33,1,604.6472111901286,1.5707963267948966,0.0,1.5707963267948966,0.0,0.0,0.09999999999999432,0.0,0.0,1_33,1.0,0.08625075819122685,7010.340823318483,90.0,90.0,0.09999999999999432
lpJL9-mBNmk_00,332,33,1,604.5178429955563,1.5707963267948966,0.0,1.5707963267948966,0.0,0.0,0.15000000000000568,0.0,0.0,1_33,1.0,0.12936819457229376,4672.847487700994,90.0,90.0,0.15000000000000568
lpJL9-mBNmk_00,333,33,1,604.8628460237908,-1.5707963267948966,0.0,-1.5707963267948966,0.0,0.0,-0.4000000000000057,0.0,0.0,1_33,1.0,-0.3450030282344869,9999.0,90.0,90.0,0.4000000000000057
lpJL9-mBNmk_00,334,33,1,604.3022505336216,1.5707963267948966,0.0,1.5707963267948966,0.0,0.0,0.6500000000000057,0.0,0.0,1_33,1.0,0.5605954901691348,1077.964880436873,90.0,90.0,0.6500000000000057
lpJL9-mBNmk_00,335,33,1,604.4316028302954,-1.5707963267948966,0.0,1.5707963267948966,0.0,0.0,-0.15000000000000568,0.0,0.0,1_33,1.0,-0.129352296673801,9999.0,90.0,90.0,0.15000000000000568
lpJL9-mBNmk_00,336,33,1,604.3022505336216,1.5707963267948966,0.0,1.5707963267948966,0.0,0.0,0.15000000000000568,0.0,0.0,1_33,1.0,0.129352296673801,4671.755091117891,90.0,90.0,0.15000000000000568
lpJL9-mBNmk_00,337,33,1,604.7765889152787,-1.5707963267948966,0.0,-1.5707963267948966,0.0,0.0,-0.5500000000000114,0.0,0.0,1_33,1.0,-0.47433838165704856,9999.0,90.0,90.0,0.5500000000000114
lpJL9-mBNmk_00,338,33,1,604.690336039861,1.5707963267948966,0.0,-1.5707963267948966,0.0,0.0,0.09999999999999432,0.0,0.0,1_33,1.0,0.08625287541769922,7010.66872392961,90.0,90.0,0.09999999999999432
lpJL9-mBNmk_00,339,33,1,604.8197169405112,-1.5707963267948966,0.0,-1.5707963267948966,0.0,0.0,-0.14999999999997726,0.0,0.0,1_33,1.0,-0.12938090065017605,9999.0,90.0,90.0,0.14999999999997726
lpJL9-mBNmk_00,340,33,1,604.5178429955563,1.5707963267948966,0.0,1.5707963267948966,0.0,0.0,0.3499999999999943,0.0,0.0,1_33,1.0,0.3018739449548775,2002.5505781425302,90.0,90.0,0.3499999999999943
lpJL9-mBNmk_00,341,33,1,604.6472111901286,-1.5707963267948966,0.0,1.5707963267948966,0.0,0.0,-0.15000000000000568,0.0,0.0,1_33,1.0,-0.12936819457229376,9999.0,90.0,90.0,0.15000000000000568
lpJL9-mBNmk_00,342,33,1,604.0866845908789,1.5707963267948966,0.0,1.5707963267948966,0.0,0.0,0.6500000000000057,0.0,0.0,1_33,1.0,0.5605265992496697,1077.7127890086206,90.0,90.0,0.6500000000000057
lpJL9-mBNmk_00,343,33,1,604.0435745871318,1.5707963267948966,0.0,1.5707963267948966,0.0,0.0,0.04999999999998295,0.0,0.0,1_33,1.0,0.04311000374707419,14011.679937005976,90.0,90.0,0.04999999999998295
lpJL9-mBNmk_00,344,33,1,603.2246865803819,1.5707963267948966,0.0,1.5707963267948966,0.0,0.0,0.950000000000017,0.0,0.0,1_33,1.0,0.818888006749944,736.6388097128194,90.0,90.0,0.950000000000017
lpJL9-mBNmk_00,345,33,1,603.4832412751823,-1.5707963267948966,0.0,1.5707963267948966,0.0,0.0,-0.30000000000001137,0.0,0.0,1_33,1.0,-0.2585546948004094,9999.0,90.0,90.0,0.30000000000001137
lpJL9-mBNmk_00,346,33,1,603.784936877362,-1.5707963267948966,-1.5707963267948966,1.5707963267948966,-1.5707963267948966,0.0,-0.8499999999999943,0.0,-0.5,1_33,1.0,-0.3016956021797341,9999.0,0.0,180.0,0.3499999999999943
lpJL9-mBNmk_00,347,33,1,603.784936877362,0.0,0.0,1.5707963267948966,-1.5707963267948966,0.0,0.0,0.0,0.0,1_33,1.0,-0.0,9999.0,0.0,180.0,0.0
lpJL9-mBNmk_00,348,33,1,603.871145195728,-1.5707963267948966,0.0,1.5707963267948966,-1.5707963267948966,0.0,-0.09999999999999432,0.0,0.0,1_33,1.0,-0.08620831836594789,9999.0,90.0,180.0,0.09999999999999432
lpJL9-mBNmk_00,349,33,1,603.784936877362,1.5707963267948966,0.0,1.5707963267948966,-1.5707963267948966,0.0,0.09999999999999432,0.0,0.0,1_33,1.0,0.08620831836594789,7003.789753957849,90.0,180.0,0.09999999999999432
lpJL9-mBNmk_00,350,33,1,603.5263374534702,1.5707963267948966,0.0,1.5707963267948966,-1.5707963267948966,0.0,0.30000000000001137,0.0,0.0,1_33,1.0,0.25859942389183743,2333.827076528612,90.0,180.0,0.30000000000001137
lpJL9-mBNmk_00,351,33,1,603.5263374534702,0.0,0.0,1.5707963267948966,-1.5707963267948966,0.0,0.0,0.0,0.0,1_33,1.0,-0.0,9999.0,0.0,180.0,0.0
lpJL9-mBNmk_00,352,33,1,603.5263374534702,0.0,0.0,1.5707963267948966,-1.5707963267948966,0.0,0.0,0.0,0.0,1_33,1.0,-0.0,9999.0,0.0,180.0,0.0
lpJL9-mBNmk_00,353,33,1,603.6987328129818,-1.5707963267948966,0.0,1.5707963267948966,-1.5707963267948966,0.0,-0.20000000000001705,0.0,0.0,1_33,1.0,-0.17239535951159723,9999.0,90.0,180.0,0.20000000000001705
lpJL9-mBNmk_00,354,33,1,603.4401461619868,1.5707963267948966,0.0,1.5707963267948966,-1.5707963267948966,0.0,0.30000000000001137,0.0,0.0,1_33,1.0,0.258586650994971,2333.6090391368366,90.0,180.0,0.30000000000001137
lpJL9-mBNmk_00,355,33,1,603.6556323766059,-1.5707963267948966,0.0,1.5707963267948966,-1.5707963267948966,0.0,-0.25,0.0,0.0,1_33,1.0,-0.2154862146190908,9999.0,90.0,180.0,0.25
lpJL9-mBNmk_00,356,33,1,604.0004656455159,-1.5707963267948966,0.0,-1.5707963267948966,-1.5707963267948966,0.0,-0.4000000000000057,0.0,0.0,1_33,1.0,-0.3448332689099516,9999.0,90.0,0.0,0.4000000000000057
lpJL9-mBNmk_00,357,33,1,603.871145195728,1.5707963267948966,0.0,1.5707963267948966,-1.5707963267948966,0.0,0.15000000000000568,0.0,0.0,1_33,1.0,0.12932044978788326,4669.5719523572825,90.0,180.0,0.15000000000000568
lpJL9-mBNmk_00,358,33,1,603.784936877362,1.5707963267948966,0.0,1.5707963267948966,-1.5707963267948966,0.0,0.09999999999999432,0.0,0.0,1_33,1.0,0.08620831836594789,7003.789753957849,90.0,180.0,0.09999999999999432
lpJL9-mBNmk_00,409,33,1,601.5061699600428,1.7804361726691096,1.5707963267948966,1.7332854360121008,-1.5707963267948966,-0.5,2.3499999999999943,0.0,0.5,1_33,51.0,0.044681704261161116,13462.023884413307,12.011478386365471,170.69005982501392,0.03757601548379754
lpJL9-mBNmk_00,410,33,1,601.807693536731,-1.5707963267948966,0.0,1.7804361726691096,-1.5707963267948966,0.0,-0.3499999999999943,0.0,0.0,1_33,1.0,-0.30152357668816876,9999.0,90.0,167.98852161363453,0.3499999999999943
lpJL9-mBNmk_00,411,33,1,601.6311162165733,0.0,-1.5707963267948966,1.5707963267948966,-1.1071487177940904,0.5,0.0,0.0,-0.5,1_33,1.0,0.17657732015766214,3407.182279578089,90.0,153.434948822922,0.7071067811865476
lpJL9-mBNmk_00,412,33,1,601.7172176363246,-1.5707963267948966,0.0,1.5707963267948966,-1.1071487177940904,0.0,-0.09999999999999432,0.0,0.0,1_33,1.0,-0.08610141975123042,9999.0,90.0,153.434948822922,0.09999999999999432
lpJL9-mBNmk_00,413,33,1,601.5061699600428,2.408777551803299,1.5707963267948966,1.7992929660867583,-0.7853981633974483,-0.5,0.44999999999998863,0.0,0.5,1_33,1.0,0.21104767628173704,2850.096151530544,48.01278750418407,148.09189306434683,0.5024937810560456
lpJL9-mBNmk_00,414,33,1,601.8463778241089,-0.8760580505981886,-1.5707963267948966,1.5707963267948966,-1.1071487177940904,0.5,-0.5999999999999943,0.0,-0.5,1_33,1.0,-0.3402078640660875,9999.0,39.80557109226546,153.434948822922,0.5099019513592773
lpJL9-mBNmk_00,415,33,1,601.6311162165733,1.5707963267948966,0.0,1.5707963267948966,-1.1071487177940904,0.0,0.25,0.0,0.0,1_33,1.0,0.21526160753558088,2794.8835052582654,90.0,153.434948822922,0.25
lpJL9-mBNmk_00,416,33,1,601.8463778241089,-1.5707963267948966,0.0,1.5707963267948966,-1.1071487177940904,0.0,-0.25,0.0,0.0,1_33,1.0,-0.21526160753558088,9999.0,90.0,153.434948822922,0.25
lpJL9-mBNmk_00,417,33,1,601.807693536731,2.677945044588987,1.5707963267948966,1.8157749899217608,-0.7853981633974483,-0.5,0.25,0.0,0.5,1_33,1.0,0.038684287377918736,15556.902668452594,63.43494882292201,149.03624346792648,0.5590169943749475
lpJL9-mBNmk_00,418,33,1,601.6784627190839,1.5707963267948966,0.0,1.7894652726688385,-1.5707963267948966,0.0,0.15000000000000568,0.0,0.0,1_33,1.0,0.12923081764711242,4655.843502917959,90.0,167.47119229084848,0.15000000000000568
lpJL9-mBNmk_00,419,33,1,601.6311162165733,-0.29145679447787753,-1.5707963267948966,1.5707963267948966,-1.1071487177940904,0.5,-0.15000000000000568,0.0,-0.5,1_33,1.0,0.047346502510549726,12706.981177385132,73.30075576600578,153.434948822922,0.6103277807866818
lpJL9-mBNmk_00,420,33,1,601.6311162165733,0.0,0.0,1.5707963267948966,-1.5707963267948966,0.0,0.0,0.0,0.0,1_33,1.0,-0.0,9999.0,0.0,180.0,0.0
lpJL9-mBNmk_00,421,33,1,601.0755131428995,2.530866689200592,0.0,1.810027926758559,-0.7853981633974483,-0.5,0.3499999999999943,0.0,0.0,1_33,1.0,0.5556030736738649,1081.843390765197,145.0079798014418,148.70696100407991,0.6103277807866818
lpJL9-mBNmk_00,422,33,1,601.333894354875,-1.5707963267948966,0.0,1.849095985800008,0.0,0.0,-0.29999999999998295,0.0,0.0,1_33,1.0,-0.25838121197557484,9999.0,90.0,105.94539590092286,0.29999999999998295
lpJL9-mBNmk_00,423,33,1,601.3769616471851,-1.5707963267948966,0.0,1.8281200417659846,0.0,0.0,-0.05000000000001137,0.0,0.0,1_33,1.0,-0.043067292310070115,9999.0,90.0,104.7435628364707,0.05000000000001137
lpJL9-mBNmk_00,424,33,1,600.946337038508,1.5707963267948966,0.0,1.8045395076637987,0.0,0.0,0.5,0.0,0.0,1_33,1.0,0.43062460867713526,1395.5225152705405,90.0,103.39249775375114,0.5
lpJL9-mBNmk_00,425,33,1,600.8602250107757,1.5707963267948966,0.0,1.7721134351695382,0.0,0.0,0.09999999999999432,0.0,0.0,1_33,1.0,0.08611202773226978,6977.65737068584,90.0,101.53462065364477,0.09999999999999432
lpJL9-mBNmk_00,426,33,1,600.7310650365936,1.5707963267948966,0.0,1.7359450042095235,0.0,0.0,0.15000000000000568,0.0,0.0,1_33,1.0,0.1291599741821301,4651.062133145793,90.0,99.46232220802563,0.15000000000000568
lpJL9-mBNmk_00,427,33,1,601.2046989170992,-1.5707963267948966,0.0,1.7848570103587196,0.0,0.0,-0.5500000000000114,0.0,0.0,1_33,1.0,-0.4736338805056448,9999.0,90.0,102.26477372789249,0.5500000000000114
lpJL9-mBNmk_00,428,33,1,601.2046989170992,0.0,0.0,1.7942729279355307,0.0,0.0,0.0,0.0,0.0,1_33,1.0,-0.0,9999.0,0.0,102.80426606528681,0.0
lpJL9-mBNmk_00,429,33,1,601.1616359183278,1.5707963267948966,0.0,-1.5707963267948966,-1.5707963267948966,0.0,0.05000000000001137,0.0,0.0,1_33,1.0,0.043062998771461025,13960.050462550074,90.0,0.0,0.05000000000001137
lpJL9-mBNmk_00,430,33,1,601.2908281356036,-1.5707963267948966,0.0,1.5707963267948966,-1.5707963267948966,0.0,-0.15000000000000568,0.0,0.0,1_33,1.0,-0.12919221727588592,9999.0,90.0,180.0,0.15000000000000568
lpJL9-mBNmk_00,431,33,1,601.3769616471851,-1.5707963267948966,0.0,3.141592653589793,0.0,0.0,-0.09999999999999432,0.0,0.0,1_33,1.0,-0.08613351158146543,9999.0,90.0,180.0,0.09999999999999432
lpJL9-mBNmk_00,432,33,1,602.1908522221173,-0.9151007005533646,0.0,-1.5707963267948966,0.0,0.5,-0.6500000000000057,0.0,0.0,1_33,1.0,-0.8138905749322021,9999.0,52.431407971172746,90.0,0.8200609733428408
lpJL9-mBNmk_00,433,33,1,601.6311162165733,1.5707963267948966,0.0,-0.610725964389201,-1.5707963267948966,0.0,0.6500000000000057,0.0,0.0,1_33,1.0,0.5597360055439822,1074.8479823660355,90.0,55.00797980144177,0.6500000000000057
lpJL9-mBNmk_00,434,33,1,601.2046989170992,2.7610862764774478,0.0,2.408777551803299,0.0,-0.5,0.19999999999998863,0.0,0.0,1_33,1.0,0.4264172994741102,1409.8975338443115,158.1985905136493,138.01278750418408,0.5385164807134462
lpJL9-mBNmk_00,435,33,1,600.7741172853571,0.0,-1.5707963267948966,2.7610862764774478,-1.5707963267948966,0.0,0.0,0.0,-0.5,1_33,1.0,0.43058163174214314,1395.2618342185458,90.0,111.8014094863507,0.5
lpJL9-mBNmk_00,436,33,1,600.7741172853571,1.5707963267948966,1.5707963267948966,2.055274255831925,0.0,0.0,0.5,0.0,0.5,1_33,1.0,-0.0,9999.0,0.0,117.75854060106032,0.0
lpJL9-mBNmk_00,437,33,1,600.7310650365936,1.5707963267948966,0.0,1.5707963267948966,-1.5707963267948966,0.0,0.05000000000001137,0.0,0.0,1_33,1.0,0.043052248763501666,13953.535118144035,90.0,180.0,0.05000000000001137
lpJL9-mBNmk_00,438,33,1,600.7310650365936,0.0,0.0,1.5707963267948966,-1.5707963267948966,0.0,0.0,0.0,0.0,1_33,1.0,-0.0,9999.0,0.0,180.0,0.0
lpJL9-mBNmk_00,439,33,1,600.3908081408309,1.5707963267948966,0.0,2.102520394053705,0.0,0.0,0.09999999999999432,0.5,0.0,1_33,1.0,0.34025689576264995,1764.522087921593,90.0,120.46554491946004,0.5099019513592773
lpJL9-mBNmk_00,444,33,1,601.807693536731,-1.5707963267948966,2.0344439357957027,0.0,1.5707963267948966,0.0,-0.3499999999999943,-0.5,1.0,1_33,5.0,-0.2833770791800134,9999.0,153.434948822922,90.0,0.2879236009777583
lpJL9-mBNmk_00,445,33,1,602.238532476958,0.0,1.5707963267948966,-1.5707963267948966,1.5707963267948966,0.0,0.0,0.0,0.5,1_33,1.0,-0.4308389402269768,9999.0,90.0,180.0,0.5
lpJL9-mBNmk_00,446,33,1,602.1477891680746,-0.19739555984986984,-1.5707963267948966,-0.610725964389201,1.5707963267948966,0.5,-0.09999999999999432,0.0,-0.5,1_33,1.0,0.09074330888336135,6635.726607038948,78.69006752598041,124.9920201985582,0.6403124237432885
lpJL9-mBNmk_00,447,33,1,601.8938527680774,3.141592653589793,0.0,1.5707963267948966,1.5707963267948966,-0.5,0.0,0.0,0.0,1_33,1.0,0.2539363999972011,2370.254334450325,180.0,0.0,0.5
lpJL9-mBNmk_00,448,33,1,601.8938527680774,0.0,0.0,1.5707963267948966,1.5707963267948966,0.0,0.0,0.0,0.0,1_33,1.0,-0.0,9999.0,0.0,0.0,0.0
lpJL9-mBNmk_00,449,33,1,602.320047815113,-0.3805063771123943,0.0,-0.09966865249118455,1.5707963267948966,0.5,-0.20000000000001705,0.0,0.0,1_33,1.0,-0.42619504703554867,9999.0,21.801409486353503,95.71059313750094,0.5385164807134567
lpJL9-mBNmk_00,405,39,1,859.2596595325537,0.0,0.0,0.0,-1.5707963267948966,,,0.0,0.0,1_39,,0.0,9999.0,0.0,90.0,0.0
lpJL9-mBNmk_00,406,39,1,859.1894217807853,0.0,0.0,0.0,-1.5707963267948966,0.09999999999999432,0.0,0.0,0.0,1_39,1.0,0.07023775176833169,12232.587179252094,0.0,90.0,0.09999999999999432
lpJL9-mBNmk_00,407,39,1,859.1903819876012,-0.7853981633974483,0.0,-0.46364760900082036,-1.5707963267948966,0.10000000000000142,-0.10000000000000142,0.0,0.0,1_39,1.0,-0.0009602068158756083,9999.0,45.0,63.43494882292119,0.14142135623731153
lpJL9-mBNmk_00,408,39,1,859.3654897655595,2.9764439761751738,0.0,-2.6779450445889585,-1.5707963267948966,-0.29999999999999716,0.04999999999999716,0.0,0.0,1_39,1.0,-0.17510777795826016,9999.0,170.5376777919748,63.434948822920376,0.3041381265149077
lpJL9-mBNmk_00,409,39,1,859.7565425746989,3.141592653589793,1.5707963267948966,-2.8198420991931368,-1.5707963267948966,-0.05000000000000426,0.0,0.0,0.5,1_39,1.0,-0.3910528091394099,9999.0,90.0,71.56505117707718,0.5024937810560449
lpJL9-mBNmk_00,410,39,1,859.7565425746989,0.0,0.0,-2.8198420991931368,-1.5707963267948966,0.0,0.0,0.0,0.0,1_39,1.0,-0.0,9999.0,0.0,71.56505117707718,0.0
lpJL9-mBNmk_00,411,39,1,859.4713215110787,-2.356194490192345,-1.5707963267948966,-2.677945044588987,-1.1071487177940904,-0.04999999999999716,-0.04999999999999716,0.0,-0.5,1_39,1.0,0.2852210636201562,3013.351505678703,45.0,90.0,0.45276925690687336
lpJL9-mBNmk_00,412,39,1,859.4361989118215,0.0,0.0,-2.5535900500422364,-1.1071487177940904,0.04999999999999716,0.0,0.0,0.0,1_39,1.0,0.03512259925719263,24469.606950739006,0.0,82.87498365109883,0.04999999999999716
lpJL9-mBNmk_00,413,39,1,859.8267630749813,2.677945044588987,1.5707963267948966,-2.944197093739896,-0.7853981633974483,-0.09999999999999432,0.04999999999999716,0.0,0.5,1_39,1.0,-0.39056416315975184,9999.0,63.43494882292201,123.69006752597883,0.46097722286464593
lpJL9-mBNmk_00,414,39,1,859.436667241979,-0.5880026035475457,-1.5707963267948966,-2.158798930342475,-1.1071487177940904,0.14999999999999858,-0.09999999999999432,0.0,-0.5,1_39,1.0,0.3900958330023059,2203.1423935689636,56.30993247402146,60.25511870305841,0.4272001872658814
lpJL9-mBNmk_00,415,39,1,859.4006123456046,2.0344439357957596,0.0,-2.8198420991931368,-1.1071487177940904,-0.05000000000000426,0.09999999999999432,0.0,0.0,1_39,1.0,0.03605489637436676,23835.891897240224,116.56505117708124,98.13010235415517,0.1118033988749863
lpJL9-mBNmk_00,416,39,1,859.436667241979,-1.1071487177940336,0.0,-2.158798930342475,-1.1071487177940904,0.05000000000000426,-0.09999999999999432,0.0,0.0,1_39,1.0,-0.03605489637436676,9999.0,63.43494882291875,60.25511870305841,0.1118033988749863
lpJL9-mBNmk_00,417,39,1,859.7921434858545,2.356194490192416,1.5707963267948966,-2.553590050042237,-0.7853981633974483,-0.05000000000000426,0.04999999999999716,0.0,0.5,1_39,1.0,-0.3554762438755006,9999.0,45.00000000000406,101.30993247402085,0.45276925690687414
lpJL9-mBNmk_00,418,39,1,859.8277458305239,-1.5707963267948966,0.0,-2.3561944901923684,-1.5707963267948966,0.0,-0.04999999999999716,0.0,0.0,1_39,1.0,-0.03560234466942802,9999.0,90.0,45.00000000000134,0.04999999999999716
lpJL9-mBNmk_00,419,39,1,859.4015490444499,0.0,-1.5707963267948966,-1.892546881191567,-1.1071487177940904,0.10000000000000142,0.0,0.0,-0.5,1_39,1.0,0.42619678607400147,2016.4430543012827,90.0,45.00000000000162,0.5099019513592787
lpJL9-mBNmk_00,420,39,1,859.4015490444499,0.0,0.0,-1.892546881191567,-1.5707963267948966,0.0,0.0,0.0,0.0,1_39,1.0,-0.0,9999.0,0.0,18.43494882292364,0.0
lpJL9-mBNmk_00,421,39,1,859.4357363991795,2.5535900500422475,0.0,-2.896613990462912,-0.7853981633974483,-0.14999999999999858,0.09999999999999432,0.0,0.0,1_39,1.0,-0.03418735472962453,9999.0,146.30993247402148,120.96375653207255,0.18027756377319512
lpJL9-mBNmk_00,422,39,1,859.436667241979,-0.7853981633974129,0.0,-2.158798930342475,0.0,0.10000000000000142,-0.09999999999999432,0.0,0.0,1_39,1.0,-0.0009308427994483282,9999.0,44.999999999997975,123.69006752598041,0.1414213562373065
lpJL9-mBNmk_00,423,39,1,859.4717869133344,3.141592653589793,0.0,-2.3561944901923684,0.0,-0.05000000000000426,0.0,0.0,0.0,1_39,1.0,-0.035119671355460014,9999.0,180.0,135.00000000000134,0.05000000000000426
lpJL9-mBNmk_00,424,39,1,859.5064455837431,2.677945044588987,0.0,-2.7610862764774233,0.0,-0.09999999999999432,0.04999999999999716,0.0,0.0,1_39,1.0,-0.034658670408703074,9999.0,153.434948822922,158.1985905136479,0.11180339887498314
lpJL9-mBNmk_00,429,39,1,859.5069080583355,-0.7853981633974483,0.0,-2.4980915447965204,-1.5707963267948966,0.04999999999999716,-0.04999999999999716,0.0,0.0,1_39,5.0,-9.249491847640456e-05,9999.0,45.0,53.13010235415665,0.014142135623730148
lpJL9-mBNmk_00,430,39,1,859.436667241979,0.0,0.0,-2.498091544796503,-1.5707963267948966,0.10000000000000142,0.0,0.0,0.0,1_39,1.0,0.07024081635654511,12235.573443216335,0.0,53.13010235415565,0.10000000000000142
lpJL9-mBNmk_00,431,39,1,859.436667241979,0.0,0.0,-2.9764439761751738,0.0,0.0,0.0,0.0,0.0,1_39,1.0,-0.0,9999.0,0.0,170.5376777919748,0.0
lpJL9-mBNmk_00,432,39,1,859.3669123255794,-0.321750554396628,0.0,-0.7853981633974247,0.0,0.14999999999999858,-0.04999999999999716,0.0,0.0,1_39,1.0,0.06975491639957454,12319.804204235574,18.4349488229212,44.99999999999865,0.15811388300841672
lpJL9-mBNmk_00,433,39,1,859.3313170715937,1.5707963267948966,0.0,-0.46364760900077767,-1.5707963267948966,0.0,0.04999999999999716,0.0,0.0,1_39,1.0,0.03559525398566166,24141.73859857121,90.0,63.43494882292364,0.04999999999999716
lpJL9-mBNmk_00,434,39,1,859.3659581342515,2.6779450445890154,0.0,-0.46364760900077767,0.0,-0.10000000000000142,0.04999999999999716,0.0,0.0,1_39,1.0,-0.03464106265778355,9999.0,153.43494882292364,26.565051177076366,0.11180339887498948
lpJL9-mBNmk_00,435,39,1,859.0101279961722,0.0,-1.5707963267948966,0.0,-1.5707963267948966,0.0,0.0,0.0,-0.5,1_39,1.0,0.35583013807934094,2414.101662756388,90.0,90.0,0.5
lpJL9-mBNmk_00,0,4,1,605.078507302978,0.0,0.0,0.0,0.0,,,,,1_4,,0.0,9999.0,0.0,0.0,0.0
lpJL9-mBNmk_00,1,4,1,604.0004656455159,1.5707963267948966,0.0,1.5707963267948966,0.0,0.0,1.25,0.0,0.0,1_4,1.0,1.0780416574621086,560.2756270731082,90.0,90.0,1.25
lpJL9-mBNmk_00,2,4,1,603.9573577662583,1.5707963267948966,0.0,1.5707963267948966,0.0,0.0,0.05000000000001137,0.0,0.0,1_4,1.0,0.04310787925760451,14010.37045123755,90.0,90.0,0.05000000000001137
lpJL9-mBNmk_00,3,4,1,604.0004656455159,-1.5707963267948966,0.0,1.5707963267948966,0.0,0.0,-0.05000000000001137,0.0,0.0,1_4,1.0,-0.04310787925760451,9999.0,90.0,90.0,0.05000000000001137
lpJL9-mBNmk_00,4,4,1,605.078507302978,-1.5707963267948966,0.0,0.0,0.0,0.0,-1.25,0.0,0.0,1_4,1.0,-1.0780416574621086,9999.0,90.0,0.0,1.25
lpJL9-mBNmk_00,5,4,1,605.2941949994234,-1.5707963267948966,0.0,-1.5707963267948966,0.0,0.0,-0.25,0.0,0.0,1_4,1.0,-0.21568769644545682,9999.0,90.0,90.0,0.25
lpJL9-mBNmk_00,6,4,1,605.2941949994234,0.0,0.0,-1.5707963267948966,0.0,0.0,0.0,0.0,0.0,1_4,1.0,-0.0,9999.0,0.0,90.0,0.0
lpJL9-mBNmk_00,7,4,1,605.2941949994234,0.0,0.0,-1.5707963267948966,0.0,0.0,0.0,0.0,0.0,1_4,1.0,-0.0,9999.0,0.0,90.0,0.0
lpJL9-mBNmk_00,8,4,1,605.2941949994234,0.0,0.0,-1.5707963267948966,0.0,0.0,0.0,0.0,0.0,1_4,1.0,-0.0,9999.0,0.0,90.0,0.0
lpJL9-mBNmk_00,9,4,1,605.1647792130669,1.5707963267948966,0.0,-1.5707963267948966,0.0,0.0,0.15000000000000568,0.0,0.0,1_4,1.0,0.1294157863565033,4676.127976737025,90.0,90.0,0.15000000000000568
lpJL9-mBNmk_00,10,4,1,605.2941949994234,-1.5707963267948966,0.0,-1.5707963267948966,0.0,0.0,-0.15000000000000568,0.0,0.0,1_4,1.0,-0.1294157863565033,9999.0,90.0,90.0,0.15000000000000568
lpJL9-mBNmk_00,11,4,1,605.4236202858292,-1.5707963267948966,0.0,-1.5707963267948966,0.0,0.0,-0.15000000000000568,0.0,0.0,1_4,1.0,-0.12942528640576256,9999.0,90.0,90.0,0.15000000000000568
lpJL9-mBNmk_00,12,4,1,605.078507302978,1.5707963267948966,0.0,0.0,0.0,0.0,0.4000000000000057,0.0,0.0,1_4,1.0,0.3451129828512194,1753.276571353537,90.0,0.0,0.4000000000000057
lpJL9-mBNmk_00,13,4,1,605.5099090848968,-1.5707963267948966,0.0,-1.5707963267948966,0.0,0.0,-0.5,0.0,0.0,1_4,1.0,-0.43140178191879386,9999.0,90.0,90.0,0.5
lpJL9-mBNmk_00,14,4,1,605.078507302978,1.5707963267948966,0.0,0.0,0.0,0.0,0.5,0.0,0.0,1_4,1.0,0.43140178191879386,1402.586944846873,90.0,0.0,0.5
lpJL9-mBNmk_00,15,4,1,604.9059761648912,1.5707963267948966,0.0,1.5707963267948966,0.0,0.0,0.19999999999998863,0.0,0.0,1_4,1.0,0.17253113808681064,3506.06842841625,90.0,90.0,0.19999999999998863
lpJL9-mBNmk_00,16,4,1,604.4747223829959,1.5707963267948966,0.0,1.5707963267948966,0.0,0.0,0.5,0.0,0.0,1_4,1.0,0.4312537818952933,1401.668223583857,90.0,90.0,0.5
lpJL9-mBNmk_00,17,4,1,604.6472111901286,-1.5707963267948966,0.0,1.5707963267948966,0.0,0.0,-0.19999999999998863,0.0,0.0,1_4,1.0,-0.17248880713270864,9999.0,90.0,90.0,0.19999999999998863
lpJL9-mBNmk_00,18,4,1,604.6472111901286,0.0,0.0,1.5707963267948966,0.0,0.0,0.0,0.0,0.0,1_4,1.0,-0.0,9999.0,0.0,90.0,0.0
lpJL9-mBNmk_00,19,4,1,604.5609646677495,1.5707963267948966,0.0,1.5707963267948966,0.0,0.0,0.09999999999999432,0.0,0.0,1_4,1.0,0.08624652237904229,7009.685121108796,90.0,90.0,0.09999999999999432
lpJL9-mBNmk_00,20,4,1,604.6472111901286,-1.5707963267948966,0.0,1.5707963267948966,0.0,0.0,-0.09999999999999432,0.0,0.0,1_4,1.0,-0.08624652237904229,9999.0,90.0,90.0,0.09999999999999432
lpJL9-mBNmk_00,21,4,1,604.6472111901286,0.0,0.0,-1.5707963267948966,0.0,0.0,0.0,0.0,0.0,1_4,1.0,-0.0,9999.0,0.0,90.0,0.0
lpJL9-mBNmk_00,22,4,1,604.7334619483198,-1.5707963267948966,0.0,-1.5707963267948966,0.0,0.0,-0.09999999999999432,0.0,0.0,1_4,1.0,-0.08625075819122685,9999.0,90.0,90.0,0.09999999999999432
lpJL9-mBNmk_00,23,4,1,606.9774625140542,-1.5707963267948966,0.0,-1.5707963267948966,0.0,0.0,-2.5999999999999943,0.0,0.0,1_4,1.0,-2.244000565734382,9999.0,90.0,90.0,2.5999999999999943
lpJL9-mBNmk_00,24,4,1,607.236568398182,-1.5707963267948966,0.0,-1.5707963267948966,0.0,0.0,-0.30000000000001137,0.0,0.0,1_4,1.0,-0.2591058841278482,9999.0,90.0,90.0,0.30000000000001137
lpJL9-mBNmk_00,25,4,1,607.1501955859028,1.5707963267948966,0.0,-1.5707963267948966,0.0,0.0,0.09999999999999432,0.0,0.0,1_4,1.0,0.08637281227925087,7029.413302219836,90.0,90.0,0.09999999999999432
lpJL9-mBNmk_00,26,4,1,607.1501955859028,0.0,0.0,-1.5707963267948966,0.0,0.0,0.0,0.0,0.0,1_4,1.0,-0.0,9999.0,0.0,90.0,0.0
lpJL9-mBNmk_00,27,4,1,607.0638269572648,1.5707963267948966,0.0,-1.5707963267948966,0.0,0.0,0.09999999999999432,0.0,0.0,1_4,1.0,0.08636862863795614,7028.753802517602,90.0,90.0,0.09999999999999432
lpJL9-mBNmk_00,28,4,1,607.9204306486171,-0.3805063771123453,1.5707963267948966,-1.3521273809209546,1.5707963267948966,0.5,-0.19999999999998863,0.0,0.5,1_4,1.0,-0.8566036913522339,9999.0,111.80140948635069,167.47119229084848,0.8602325267042534
lpJL9-mBNmk_00,29,4,1,607.7045437546111,-1.5707963267948966,-1.5707963267948966,-1.3843094251276802,0.0,0.0,-0.25,0.0,-0.5,1_4,1.0,0.21588689400596195,2814.9209638350194,0.0,79.31508759999731,0.25
lpJL9-mBNmk_00,30,4,1,607.4886830221614,1.5707963267948966,0.0,-1.3521273809209546,0.0,0.0,0.25,0.0,0.0,1_4,1.0,0.21586073244975523,2814.2621222855496,90.0,77.47119229084849,0.25
lpJL9-mBNmk_00,31,4,1,607.9204306486171,0.0,1.5707963267948966,-1.3370531459259944,1.5707963267948966,0.0,0.0,0.0,0.5,1_4,1.0,-0.4317476264557172,9999.0,90.0,166.60750224624886,0.5
lpJL9-mBNmk_00,32,4,1,607.9204306486171,0.0,0.0,-1.3734007669450157,1.5707963267948966,0.0,0.0,0.0,0.0,1_4,1.0,-0.0,9999.0,0.0,168.69006752597977,0.0
lpJL9-mBNmk_00,33,4,1,607.9204306486171,0.0,0.0,-1.3258176636680323,1.5707963267948966,0.0,0.0,0.0,0.0,1_4,1.0,-0.0,9999.0,0.0,165.96375653207352,0.0
lpJL9-mBNmk_00,34,4,1,607.618196320683,-1.5707963267948966,-1.5707963267948966,-1.3843094251276802,0.0,0.0,-0.15000000000000568,0.0,-0.5,1_4,1.0,0.30223432793411575,2010.4208561415896,0.0,79.31508759999731,0.3499999999999943
lpJL9-mBNmk_00,35,4,1,608.0499753309755,0.0,1.5707963267948966,-1.3971251284533224,1.5707963267948966,0.0,0.0,0.0,0.5,1_4,1.0,-0.4317790102925301,9999.0,90.0,170.0493733120484,0.5
lpJL9-mBNmk_00,36,4,1,607.236568398182,2.2264919530364287,0.0,-1.5707963267948966,1.5707963267948966,-0.5,0.6500000000000057,0.0,0.0,1_4,1.0,0.8134069327934412,746.5347834112761,127.56859202882725,180.0,0.8200609733428408
lpJL9-mBNmk_00,37,4,1,607.0206442123695,-1.5707963267948966,-1.5707963267948966,-1.5707963267948966,-1.5707963267948966,0.0,-0.75,0.0,-1.0,1_4,1.0,0.21592418581258244,2811.267491540991,0.0,0.0,0.25
lpJL9-mBNmk_00,38,4,1,607.7477190413798,-0.09966865249118455,1.5707963267948966,-1.4204248987877626,0.0,0.5,-0.05000000000001137,0.0,0.5,1_4,1.0,-0.7270748290103484,9999.0,95.71059313750094,81.38435181583591,0.7433034373659336
lpJL9-mBNmk_00,39,4,1,607.4525187205993,3.0419240010986086,0.0,-1.5707963267948966,0.0,-0.5,0.05000000000001137,0.0,0.0,1_4,1.0,0.2952003207805092,2057.7637487469383,174.28940686249908,90.0,0.5024937810560456
lpJL9-mBNmk_00,40,4,1,606.3730287537531,1.5707963267948966,-1.5707963267948966,-1.5707963267948966,-1.5707963267948966,0.0,0.75,0.0,-0.5,1_4,1.0,1.079489966846154,561.7217828576371,180.0,0.0,1.25
lpJL9-mBNmk_00,41,4,1,605.9414163101908,1.5707963267948966,0.0,-1.5707963267948966,-1.5707963267948966,0.0,0.5,0.0,0.0,1_4,1.0,0.43161244356235784,1403.9016375639933,90.0,0.0,0.5
lpJL9-mBNmk_00,42,4,1,606.4593638488898,-1.5707963267948966,1.5707963267948966,-1.5707963267948966,0.0,0.0,-0.09999999999999432,0.0,0.5,1_4,1.0,-0.5179475386989907,9999.0,180.0,90.0,0.5999999999999943
lpJL9-mBNmk_00,43,4,1,605.9414163101908,1.5707963267948966,-1.5707963267948966,1.5707963267948966,-1.5707963267948966,0.0,0.09999999999999432,0.0,-0.5,1_4,1.0,0.5179475386989907,1169.8895564447087,180.0,180.0,0.5999999999999943
lpJL9-mBNmk_00,44,4,1,605.9414163101908,0.0,0.0,1.5707963267948966,-1.5707963267948966,0.0,0.0,0.0,0.0,1_4,1.0,-0.0,9999.0,0.0,180.0,0.0
lpJL9-mBNmk_00,45,4,1,605.7256495312048,1.5707963267948966,0.0,1.5707963267948966,-1.5707963267948966,0.0,0.25,0.0,0.0,1_4,1.0,0.21576677898599428,2807.3165497387495,90.0,180.0,0.25
lpJL9-mBNmk_00,46,4,1,605.7256495312048,0.0,0.0,1.5707963267948966,-1.5707963267948966,0.0,0.0,0.0,0.0,1_4,1.0,-0.0,9999.0,0.0,180.0,0.0
lpJL9-mBNmk_00,47,4,1,605.2941949994234,1.5707963267948966,0.0,1.5707963267948966,-1.5707963267948966,0.0,0.5,0.0,0.0,1_4,1.0,0.4314545317813554,1402.9153721026698,90.0,180.0,0.5
lpJL9-mBNmk_00,48,4,1,604.3453669053813,1.5707963267948966,0.0,1.7444675251364707,-1.5707963267948966,0.0,1.0999999999999943,0.0,0.0,1_4,1.0,0.9488280940421419,636.938736005154,90.0,170.0493733120484,1.0999999999999943
lpJL9-mBNmk_00,49,4,1,604.4316028302954,-1.5707963267948966,0.0,1.7359450042095235,-1.5707963267948966,0.0,-0.09999999999999432,0.0,0.0,1_4,1.0,-0.08623592491414911,9999.0,90.0,170.53767779197437,0.09999999999999432
lpJL9-mBNmk_00,50,4,1,604.0004656455159,1.5707963267948966,0.0,1.7234456551901618,-1.5707963267948966,0.0,0.5,0.0,0.0,1_4,1.0,0.43113718477957264,1400.9472784267564,90.0,171.2538377374448,0.5
lpJL9-mBNmk_00,51,4,1,604.4747223829959,-1.5707963267948966,0.0,1.7539071440573815,-1.5707963267948966,0.0,-0.5500000000000114,0.0,0.0,1_4,1.0,-0.47425673748000463,9999.0,90.0,169.50852298766836,0.5500000000000114
lpJL9-mBNmk_00,52,4,1,604.5609646677495,-1.5707963267948966,0.0,1.7607846147136126,-1.5707963267948966,0.0,-0.09999999999999432,0.0,0.0,1_4,1.0,-0.08624228475366635,9999.0,90.0,169.11447294534125,0.09999999999999432
lpJL9-mBNmk_00,53,4,1,604.6472111901286,-1.5707963267948966,0.0,1.7681918866447774,-1.5707963267948966,0.0,-0.09999999999999432,0.0,0.0,1_4,1.0,-0.08624652237904229,9999.0,90.0,168.69006752597977,0.09999999999999432
lpJL9-mBNmk_00,54,4,1,603.871145195728,1.5707963267948966,0.0,1.7107209973690138,-1.5707963267948966,0.0,0.9000000000000057,0.0,0.0,1_4,1.0,0.7760659944005965,778.1182909091833,90.0,171.9829069263447,0.9000000000000057
lpJL9-mBNmk_00,55,4,1,604.5609646677495,-1.5707963267948966,0.0,1.750649826587375,-1.5707963267948966,0.0,-0.8000000000000114,0.0,0.0,1_4,1.0,-0.6898194720215542,9999.0,90.0,169.69515353123398,0.8000000000000114
lpJL9-mBNmk_00,56,4,1,604.5609646677495,0.0,0.0,1.5707963267948966,-1.5707963267948966,0.0,0.0,0.0,0.0,1_4,1.0,-0.0,9999.0,0.0,180.0,0.0
lpJL9-mBNmk_00,57,4,1,604.4747223829959,1.5707963267948966,0.0,1.5707963267948966,0.0,0.0,0.09999999999999432,0.0,0.0,1_4,1.0,0.08624228475366635,7009.029550985989,90.0,90.0,0.09999999999999432
lpJL9-mBNmk_00,58,4,1,604.99223961965,-1.5707963267948966,1.5707963267948966,1.741531538270179,0.0,0.0,-0.09999999999999432,0.0,0.5,1_4,1.0,-0.5175172366541574,9999.0,180.0,99.78240703180727,0.5999999999999943
lpJL9-mBNmk_00,59,4,1,604.4747223829959,1.5707963267948966,-1.5707963267948966,1.5707963267948966,-1.5707963267948966,0.0,0.09999999999999432,0.0,-0.5,1_4,1.0,0.5175172366541574,1168.028192241546,180.0,180.0,0.5999999999999943
lpJL9-mBNmk_00,60,4,1,604.8628460237908,-1.5707963267948966,0.0,1.5707963267948966,0.0,0.0,-0.44999999999998863,0.0,0.0,1_4,1.0,-0.3881236407949018,9999.0,90.0,90.0,0.44999999999998863
lpJL9-mBNmk_00,61,4,1,604.7334619483198,1.5707963267948966,0.0,1.5707963267948966,0.0,0.0,0.15000000000000568,0.0,0.0,1_4,1.0,0.1293840754709663,4673.940434686814,90.0,90.0,0.15000000000000568
lpJL9-mBNmk_00,62,4,1,604.6472111901286,1.5707963267948966,0.0,1.5707963267948966,-1.5707963267948966,0.0,0.09999999999999432,0.0,0.0,1_4,1.0,0.08625075819122685,7010.340823318483,90.0,180.0,0.09999999999999432
lpJL9-mBNmk_00,63,4,1,605.078507302978,-1.5707963267948966,0.0,1.5707963267948966,0.0,0.0,-0.5,0.0,0.0,1_4,1.0,-0.4312961128493953,9999.0,90.0,90.0,0.5
lpJL9-mBNmk_00,64,4,1,605.2941949994234,-1.5707963267948966,0.0,1.5707963267948966,0.0,0.0,-0.25,0.0,0.0,1_4,1.0,-0.21568769644545682,9999.0,90.0,90.0,0.25
lpJL9-mBNmk_00,65,4,1,605.2941949994234,0.0,0.0,1.5707963267948966,0.0,0.0,0.0,0.0,0.0,1_4,1.0,-0.0,9999.0,0.0,90.0,0.0
lpJL9-mBNmk_00,66,4,1,605.2079167525818,1.5707963267948966,0.0,1.5707963267948966,0.0,0.0,0.09999999999999432,0.0,0.0,1_4,1.0,0.08627824684162988,7014.606101854223,90.0,90.0,0.09999999999999432
lpJL9-mBNmk_00,67,4,1,605.078507302978,1.5707963267948966,0.0,1.5707963267948966,0.0,0.0,0.15000000000000568,0.0,0.0,1_4,1.0,0.12940944960382694,4675.690292751886,90.0,90.0,0.15000000000000568
lpJL9-mBNmk_00,68,4,1,605.078507302978,0.0,0.0,-1.5707963267948966,0.0,0.0,0.0,0.0,0.0,1_4,1.0,-0.0,9999.0,0.0,90.0,0.0
lpJL9-mBNmk_00,69,4,1,605.078507302978,0.0,0.0,-1.5707963267948966,0.0,0.0,0.0,0.0,0.0,1_4,1.0,-0.0,9999.0,0.0,90.0,0.0
lpJL9-mBNmk_00,70,4,1,604.7334619483198,1.5707963267948966,0.0,-1.5707963267948966,0.0,0.0,0.4000000000000057,0.0,0.0,1_4,1.0,0.34504535465816843,1752.6202100225946,90.0,90.0,0.4000000000000057
lpJL9-mBNmk_00,71,4,1,605.078507302978,-1.5707963267948966,0.0,-1.5707963267948966,0.0,0.0,-0.4000000000000057,0.0,0.0,1_4,1.0,-0.34504535465816843,9999.0,90.0,90.0,0.4000000000000057
lpJL9-mBNmk_00,72,4,1,604.8628460237908,1.5707963267948966,0.0,-1.5707963267948966,0.0,0.0,0.25,0.0,0.0,1_4,1.0,0.21566127918720213,2804.689132436922,90.0,90.0,0.25
lpJL9-mBNmk_00,73,4,1,604.8628460237908,0.0,0.0,-1.5707963267948966,0.0,0.0,0.0,0.0,0.0,1_4,1.0,-0.0,9999.0,0.0,90.0,0.0
lpJL9-mBNmk_00,74,4,1,604.99223961965,-1.5707963267948966,0.0,-1.5707963267948966,0.0,0.0,-0.15000000000000568,0.0,0.0,1_4,1.0,-0.12939359585925558,9999.0,90.0,90.0,0.15000000000000568
lpJL9-mBNmk_00,75,4,1,604.8628460237908,1.5707963267948966,0.0,-1.5707963267948966,0.0,0.0,0.15000000000000568,0.0,0.0,1_4,1.0,0.12939359585925558,4674.596466750288,90.0,90.0,0.15000000000000568
lpJL9-mBNmk_00,76,4,1,604.8628460237908,0.0,0.0,-1.5707963267948966,0.0,0.0,0.0,0.0,0.0,1_4,1.0,-0.0,9999.0,0.0,90.0,0.0
lpJL9-mBNmk_00,77,4,1,604.99223961965,-1.5707963267948966,0.0,-1.5707963267948966,0.0,0.0,-0.15000000000000568,0.0,0.0,1_4,1.0,-0.12939359585925558,9999.0,90.0,90.0,0.15000000000000568
lpJL9-mBNmk_00,78,4,1,604.5609646677495,1.5707963267948966,0.0,0.0,-1.5707963267948966,0.0,0.5,0.0,0.0,1_4,1.0,0.43127495190049103,1401.799390397338,90.0,90.0,0.5
lpJL9-mBNmk_00,79,4,1,604.7765889152787,-1.5707963267948966,0.0,-1.5707963267948966,0.0,0.0,-0.25,0.0,0.0,1_4,1.0,-0.21562424752914922,9999.0,90.0,90.0,0.25
lpJL9-mBNmk_00,80,4,1,604.8628460237908,-1.5707963267948966,0.0,0.0,0.0,0.0,-0.09999999999999432,0.0,0.0,1_4,1.0,-0.08625710851208623,9999.0,90.0,0.0,0.09999999999999432
lpJL9-mBNmk_00,81,4,1,605.0297286084378,0.19739555984986984,0.0,-0.09966865249118455,0.0,0.5,0.09999999999999432,0.0,0.0,1_4,1.0,-0.1668825846470554,9999.0,11.30993247401959,5.7105931375009344,0.5099019513592773
lpJL9-mBNmk_00,82,4,1,604.7765889152787,3.141592653589793,0.0,-1.5707963267948966,0.0,-0.5,0.0,0.0,0.0,1_4,1.0,0.25313969315914164,2389.102164768261,180.0,90.0,0.5
lpJL9-mBNmk_00,83,4,1,605.078507302978,-1.5707963267948966,0.0,0.0,0.0,0.0,-0.3499999999999943,0.0,0.0,1_4,1.0,-0.30191838769928836,9999.0,90.0,0.0,0.3499999999999943
lpJL9-mBNmk_00,84,4,1,604.9491073635864,1.5707963267948966,0.0,1.5707963267948966,0.0,0.0,0.15000000000000568,0.0,0.0,1_4,1.0,0.12939993939153283,4675.033931300054,90.0,90.0,0.15000000000000568
lpJL9-mBNmk_00,85,4,1,605.078507302978,-1.5707963267948966,0.0,1.5707963267948966,0.0,0.0,-0.15000000000000568,0.0,0.0,1_4,1.0,-0.12939993939153283,9999.0,90.0,90.0,0.15000000000000568
lpJL9-mBNmk_00,86,4,1,605.078507302978,0.0,0.0,1.5707963267948966,0.0,0.0,0.0,0.0,0.0,1_4,1.0,-0.0,9999.0,0.0,90.0,0.0
lpJL9-mBNmk_00,87,4,1,604.8628460237908,1.5707963267948966,0.0,1.5707963267948966,0.0,0.0,0.25,0.0,0.0,1_4,1.0,0.21566127918720213,2804.689132436922,90.0,90.0,0.25
lpJL9-mBNmk_00,88,4,1,604.8628460237908,0.0,0.0,1.5707963267948966,0.0,0.0,0.0,0.0,0.0,1_4,1.0,-0.0,9999.0,0.0,90.0,0.0
lpJL9-mBNmk_00,89,4,1,605.1647792130669,-1.5707963267948966,0.0,-1.5707963267948966,0.0,0.0,-0.3499999999999943,0.0,0.0,1_4,1.0,-0.30193318927615564,9999.0,90.0,90.0,0.3499999999999943
lpJL9-mBNmk_00,90,4,1,603.784936877362,1.5707963267948966,0.0,1.5707963267948966,0.0,0.0,1.5999999999999943,0.0,0.0,1_4,1.0,1.3798423357048932,437.5753093333799,90.0,90.0,1.5999999999999943
lpJL9-mBNmk_00,91,4,1,603.784936877362,0.0,0.0,1.5707963267948966,0.0,0.0,0.0,0.0,0.0,1_4,1.0,-0.0,9999.0,0.0,90.0,0.0
lpJL9-mBNmk_00,92,4,1,604.0866845908789,-1.5707963267948966,0.0,1.5707963267948966,0.0,0.0,-0.3499999999999943,0.0,0.0,1_4,1.0,-0.3017477135168747,9999.0,90.0,90.0,0.3499999999999943
lpJL9-mBNmk_00,93,4,1,603.871145195728,1.5707963267948966,0.0,1.5707963267948966,0.0,0.0,0.25,0.0,0.0,1_4,1.0,0.2155393951509268,2801.674119818701,90.0,90.0,0.25
lpJL9-mBNmk_00,94,4,1,603.784936877362,1.5707963267948966,0.0,1.5707963267948966,0.0,0.0,0.09999999999999432,0.0,0.0,1_4,1.0,0.08620831836594789,7003.789753957849,90.0,90.0,0.09999999999999432
lpJL9-mBNmk_00,95,4,1,603.784936877362,0.0,0.0,1.5707963267948966,0.0,0.0,0.0,0.0,0.0,1_4,1.0,-0.0,9999.0,0.0,90.0,0.0
lpJL9-mBNmk_00,96,4,1,604.0004656455159,-1.5707963267948966,0.0,1.5707963267948966,0.0,0.0,-0.25,0.0,0.0,1_4,1.0,-0.21552876815383115,9999.0,90.0,90.0,0.25
lpJL9-mBNmk_00,97,4,1,603.784936877362,1.5707963267948966,0.0,1.5707963267948966,0.0,0.0,0.25,0.0,0.0,1_4,1.0,0.21552876815383115,2801.4122757219006,90.0,90.0,0.25
lpJL9-mBNmk_00,98,4,1,603.784936877362,0.0,0.0,1.5707963267948966,0.0,0.0,0.0,0.0,0.0,1_4,1.0,-0.0,9999.0,0.0,90.0,0.0
lpJL9-mBNmk_00,99,4,1,604.2160209726319,-1.5707963267948966,0.0,1.5707963267948966,0.0,0.0,-0.5,0.0,0.0,1_4,1.0,-0.4310840952698527,9999.0,90.0,90.0,0.5
lpJL9-mBNmk_00,100,4,1,604.1297956565294,1.5707963267948966,0.0,1.5707963267948966,0.0,0.0,0.09999999999999432,0.0,0.0,1_4,1.0,0.08622531610251372,7006.408592788183,90.0,90.0,0.09999999999999432
lpJL9-mBNmk_00,101,4,1,604.2160209726319,-1.5707963267948966,0.0,2.2264919530364287,0.0,0.0,-0.09999999999999432,0.0,0.0,1_4,1.0,-0.08622531610251372,9999.0,90.0,127.56859202882725,0.09999999999999432
lpJL9-mBNmk_00,102,4,1,604.1297956565294,1.5707963267948966,0.0,1.5707963267948966,0.0,0.0,0.09999999999999432,0.0,0.0,1_4,1.0,0.08622531610251372,7006.408592788183,90.0,90.0,0.09999999999999432
lpJL9-mBNmk_00,103,4,1,603.784936877362,1.5707963267948966,0.0,1.5707963267948966,0.0,0.0,0.4000000000000057,0.0,0.0,1_4,1.0,0.344858779167339,1750.8179386797108,90.0,90.0,0.4000000000000057
lpJL9-mBNmk_00,104,4,1,604.2160209726319,-1.5707963267948966,0.0,1.5707963267948966,0.0,0.0,-0.5,0.0,0.0,1_4,1.0,-0.4310840952698527,9999.0,90.0,90.0,0.5
lpJL9-mBNmk_00,105,4,1,604.4693954204795,0.0,3.141592653589793,1.5707963267948966,3.141592653589793,0.0,0.0,-0.5,0.0,1_4,1.0,-0.253374447847591,9999.0,180.0,90.0,0.5
lpJL9-mBNmk_00,106,4,1,604.4316028302954,-1.5707963267948966,0.0,1.5707963267948966,0.0,0.0,-0.25,0.5,0.0,1_4,1.0,0.03779259018403991,15993.38917726659,90.0,90.0,0.5590169943749475
lpJL9-mBNmk_00,107,4,1,604.9866196867498,-1.5707963267948966,3.141592653589793,1.5707963267948966,3.141592653589793,0.0,-0.3499999999999943,-0.5,0.0,1_4,1.0,-0.5550168564543583,9999.0,90.00000000000001,90.0,0.6103277807866818
lpJL9-mBNmk_00,108,4,1,604.2160209726319,1.5707963267948966,0.0,1.5707963267948966,0.0,0.0,0.5999999999999943,0.5,0.0,1_4,1.0,0.7705987141179094,784.086464073934,90.0,90.0,0.7810249675906611
lpJL9-mBNmk_00,109,4,1,604.4316028302954,-1.5707963267948966,0.0,1.5707963267948966,0.0,0.0,-0.25,0.0,0.0,1_4,1.0,-0.2155818576635511,9999.0,90.0,90.0,0.25
lpJL9-mBNmk_00,110,4,1,604.6472111901286,-1.5707963267948966,0.0,-1.5707963267948966,0.0,0.0,-0.25,0.0,0.0,1_4,1.0,-0.21560835983314064,9999.0,90.0,90.0,0.25
lpJL9-mBNmk_00,111,4,1,604.7279884377768,1.5707963267948966,3.141592653589793,-1.5707963267948966,3.141592653589793,0.0,0.19999999999998863,-0.5,0.0,1_4,1.0,-0.08077724764825689,9999.0,90.0,90.00000000000001,0.5385164807134462
lpJL9-mBNmk_00,112,4,1,604.6472111901286,-1.5707963267948966,0.0,-1.5707963267948966,0.0,0.0,-0.19999999999998863,0.5,0.0,1_4,1.0,0.08077724764825689,7485.3653571244995,90.0,90.0,0.5385164807134462
lpJL9-mBNmk_00,113,4,1,604.6472111901286,0.0,0.0,-1.5707963267948966,0.0,0.0,0.0,0.0,0.0,1_4,1.0,-0.0,9999.0,0.0,90.0,0.0
lpJL9-mBNmk_00,114,4,1,604.5178429955563,1.5707963267948966,0.0,-1.5707963267948966,0.0,0.0,0.15000000000000568,0.0,0.0,1_4,1.0,0.12936819457229376,4672.847487700994,90.0,90.0,0.15000000000000568
lpJL9-mBNmk_00,115,4,1,604.4747223829959,1.5707963267948966,0.0,-1.5707963267948966,0.0,0.0,0.04999999999998295,0.0,0.0,1_4,1.0,0.043120612560414884,14018.231339735401,90.0,90.0,0.04999999999998295
lpJL9-mBNmk_00,116,4,1,605.0246461922027,-0.09966865249112826,3.141592653589793,-0.8760580505981886,3.141592653589793,0.5,-0.04999999999998295,-0.5,0.0,1_4,1.0,-0.5499238092068026,9999.0,174.2894068625023,129.8055710922655,1.0012492197250384
lpJL9-mBNmk_00,117,4,1,604.9004050254885,-2.8501358591119157,0.0,-1.5707963267948966,3.141592653589793,-0.5,-0.15000000000000568,0.0,0.0,1_4,1.0,0.1242411667142278,4868.759856520381,163.30075576600578,90.00000000000001,0.5220153254455291
lpJL9-mBNmk_00,118,4,1,604.8953959156905,0.5404195002706009,0.0,-0.9505468408120674,3.141592653589793,0.5,0.30000000000001137,0.0,0.0,1_4,1.0,0.005009109797924793,120759.06105437948,30.963756532074484,125.53767779197483,0.5830951894845359
lpJL9-mBNmk_00,119,4,1,604.5986871471025,1.5707963267948966,0.0,-0.29145679447787753,0.0,0.0,0.04999999999998295,0.5,0.0,1_4,1.0,0.29670876858801876,2037.6839215917817,90.0,16.699244233994225,0.5024937810560428
lpJL9-mBNmk_00,120,4,1,606.878282689371,-1.5707963267948966,3.141592653589793,-1.3808080388761805,3.141592653589793,0.0,-2.3499999999999943,-0.5,0.0,1_4,1.0,-2.279595542268453,9999.0,90.00000000000001,100.88552705465877,2.4026027553467872
lpJL9-mBNmk_00,121,4,1,603.8230804631436,1.5707963267948966,0.0,0.9827937232473289,0.0,0.0,3.25,0.5,0.0,1_4,1.0,3.0552022262273795,197.63768017698638,90.0,56.30993247402021,3.2882366094914763
lpJL9-mBNmk_00,122,4,1,604.0384921509556,-1.5707963267948966,0.0,0.6747409422235596,0.0,0.0,-0.25,0.0,0.0,1_4,1.0,-0.2154116878119794,9999.0,90.0,38.659808254090485,0.25
lpJL9-mBNmk_00,123,4,1,604.1677519530482,-1.5707963267948966,0.0,-0.29145679447787753,0.0,0.0,-0.15000000000000568,0.0,0.0,1_4,1.0,-0.12925980209263344,9999.0,90.0,16.699244233994225,0.15000000000000568
lpJL9-mBNmk_00,124,4,1,604.0384921509556,1.5707963267948966,0.0,0.7853981633974483,0.0,0.0,0.15000000000000568,0.0,0.0,1_4,1.0,0.12925980209263344,4673.057535072459,90.0,45.0,0.15000000000000568
lpJL9-mBNmk_00,125,4,1,604.378490682784,-0.19739555984986984,0.0,0.3805063771123698,0.0,0.5,-0.09999999999999432,0.0,0.0,1_4,1.0,-0.339998531828428,9999.0,11.30993247401959,21.8014094863521,0.5099019513592773
lpJL9-mBNmk_00,126,4,1,605.0631867830004,-1.5707963267948966,3.141592653589793,0.1488899476095028,3.141592653589793,0.0,-0.5,-0.5,0.0,1_4,1.0,-0.6846961002164562,9999.0,90.00000000000001,171.46923439005155,0.7071067811865476
lpJL9-mBNmk_00,127,4,1,604.2923547423052,1.5707963267948966,0.0,0.832981266674429,0.0,0.0,0.5999999999999943,0.5,0.0,1_4,1.0,0.770832040695268,783.9481532153893,90.0,47.726310993906104,0.7810249675906611
lpJL9-mBNmk_00,137,4,1,607.0206442123695,-1.8692952583810758,0.0,-1.5707963267948966,0.7853981633974483,-1.0,-3.25,0.0,0.0,1_4,10.0,-0.2728289470064283,9999.0,107.10272896905236,135.0,0.3400367627183861
lpJL9-mBNmk_00,138,4,1,607.4957119190225,-1.5707963267948966,0.0,-1.5707963267948966,0.7853981633974483,0.0,-0.5500000000000114,0.0,0.0,1_4,1.0,-0.47506770665302156,9999.0,90.0,135.0,0.5500000000000114
lpJL9-mBNmk_00,139,4,1,607.5821014480265,-1.5707963267948966,0.0,-1.5707963267948966,1.5707963267948966,0.0,-0.09999999999999432,0.0,0.0,1_4,1.0,-0.08638952900400909,9999.0,90.0,180.0,0.09999999999999432
lpJL9-mBNmk_00,140,4,1,607.6684951517562,-1.5707963267948966,0.0,-1.5707963267948966,0.7853981633974483,0.0,-0.09999999999999432,0.0,0.0,1_4,1.0,-0.08639370372975463,9999.0,90.0,135.0,0.09999999999999432
lpJL9-mBNmk_00,141,4,1,607.7116935685868,-1.5707963267948966,0.0,-1.5707963267948966,1.5707963267948966,0.0,-0.05000000000001137,0.0,0.0,1_4,1.0,-0.04319841683059167,9999.0,90.0,180.0,0.05000000000001137
lpJL9-mBNmk_00,142,4,1,607.6684951517562,1.5707963267948966,0.0,-1.5707963267948966,1.5707963267948966,0.0,0.05000000000001137,0.0,0.0,1_4,1.0,0.04319841683059167,14066.915867190433,90.0,180.0,0.05000000000001137
lpJL9-mBNmk_00,143,4,1,607.5389061615725,1.5707963267948966,0.0,-1.5707963267948966,1.5707963267948966,0.0,0.15000000000000568,0.0,0.0,1_4,1.0,0.12958899018371994,4688.198475042185,90.0,180.0,0.15000000000000568
lpJL9-mBNmk_00,144,4,1,607.8412950762723,-1.5707963267948966,0.0,-1.5707963267948966,1.5707963267948966,0.0,-0.3499999999999943,0.0,0.0,1_4,1.0,-0.30238891469980445,9999.0,90.0,180.0,0.3499999999999943
lpJL9-mBNmk_00,148,4,1,608.359794858273,-1.5707963267948966,0.0,-1.6967089524806942,-1.5707963267948966,0.0,-0.6000000000000227,0.0,0.0,1_4,4.0,-0.12962494550015435,9999.0,90.0,7.214262039206727,0.15000000000000568
lpJL9-mBNmk_00,436,47,1,485.2686111835382,0.0,1.5707963267948966,0.0,0.0,,,0.0,0.5,1_47,,0.0,9999.0,90.0,0.0,0.0
lpJL9-mBNmk_00,437,47,1,484.7115766102559,0.46364760900080615,0.0,0.46364760900080615,-1.5707963267948966,0.5,0.25,0.0,0.0,1_47,1.0,0.5570345732822943,870.1642588432541,26.565051177077994,116.56505117707799,0.5590169943749475
lpJL9-mBNmk_00,438,47,1,484.7115766102559,0.0,0.0,0.46364760900080615,-1.5707963267948966,0.0,0.0,0.0,0.0,1_47,1.0,-0.0,9999.0,0.0,116.56505117707799,0.0
lpJL9-mBNmk_00,439,47,1,485.0957534343091,0.0,0.0,0.4266274931268683,0.0,0.05000000000001137,0.0,0.5,0.0,1_47,1.0,-0.38417682405315645,9999.0,0.0,24.443954780416096,0.44999999999998863
lpJL9-mBNmk_00,444,47,1,483.95486618072147,0.0,2.0344439357957027,0.12435499454676144,1.5707963267948966,0.8499999999999943,0.0,-0.5,1.0,1_47,5.0,0.22817745071752144,2120.958335974429,116.56505117707799,82.8749836510982,0.33600595232822794
lpJL9-mBNmk_00,445,47,1,484.34467066336134,3.141592653589793,1.5707963267948966,0.13432144195296888,1.5707963267948966,-0.15000000000000568,0.0,0.0,0.5,1_47,1.0,-0.38980448263987455,9999.0,90.0,82.30394827798341,0.5220153254455291
lpJL9-mBNmk_00,446,47,1,484.0826479021945,0.0,-1.5707963267948966,0.1343214419529689,1.5707963267948966,0.0,0.0,0.0,-0.5,1_47,1.0,0.2620227611668611,1847.4831947668906,90.0,82.30394827798341,0.5
lpJL9-mBNmk_00,447,47,1,484.167842798342,3.141592653589793,0.0,0.14189705460416394,1.5707963267948966,-0.09999999999999432,0.0,0.0,0.0,1_47,1.0,-0.08519489614752729,9999.0,180.0,81.86989764584402,0.09999999999999432
lpJL9-mBNmk_00,448,47,1,483.95486618072147,0.0,0.0,0.12435499454676144,1.5707963267948966,0.25,0.0,0.0,0.0,1_47,1.0,0.21297661762054076,2272.338022772909,0.0,82.8749836510982,0.25
lpJL9-mBNmk_00,449,47,1,483.8270972155239,0.0,0.0,0.11575921772081042,1.5707963267948966,0.15000000000000568,0.0,0.0,0.0,1_47,1.0,0.12776896519756065,3786.734098279768,0.0,83.36748538486155,0.15000000000000568
lpJL9-mBNmk_00,0,5,1,306.0036764485028,0.0,0.0,0.0,0.0,,,,,1_5,,0.0,9999.0,0.0,0.0,0.0
lpJL9-mBNmk_00,1,5,1,306.0036764485028,0.0,0.0,0.0,0.0,0.0,0.0,0.0,0.0,1_5,1.0,-0.0,9999.0,0.0,0.0,0.0
lpJL9-mBNmk_00,2,5,1,306.0036764485028,0.0,0.0,0.0,0.0,0.0,0.0,0.0,0.0,1_5,1.0,-0.0,9999.0,0.0,0.0,0.0
lpJL9-mBNmk_00,3,5,1,306.0036764485028,0.0,0.0,0.0,0.0,0.0,0.0,0.0,0.0,1_5,1.0,-0.0,9999.0,0.0,0.0,0.0
lpJL9-mBNmk_00,4,5,1,306.0036764485028,0.0,0.0,0.0,0.0,0.0,0.0,0.0,0.0,1_5,1.0,-0.0,9999.0,0.0,0.0,0.0
lpJL9-mBNmk_00,5,5,1,306.0036764485028,0.0,0.0,0.0,0.0,0.0,0.0,0.0,0.0,1_5,1.0,-0.0,9999.0,0.0,0.0,0.0
lpJL9-mBNmk_00,6,5,1,306.0036764485028,0.0,0.0,0.0,0.0,0.0,0.0,0.0,0.0,1_5,1.0,-0.0,9999.0,0.0,0.0,0.0
lpJL9-mBNmk_00,7,5,1,305.753679454557,0.0,0.0,0.0,0.0,0.25,0.0,0.0,0.0,1_5,1.0,0.24999699394578556,1223.029423789243,0.0,0.0,0.25
lpJL9-mBNmk_00,8,5,1,306.0036764485028,3.141592653589793,0.0,0.0,0.0,-0.25,0.0,0.0,0.0,1_5,1.0,-0.24999699394578556,9999.0,180.0,0.0,0.25
lpJL9-mBNmk_00,9,5,1,306.0036764485028,0.0,0.0,0.0,0.0,0.0,0.0,0.0,0.0,1_5,1.0,-0.0,9999.0,0.0,0.0,0.0
lpJL9-mBNmk_00,10,5,1,306.0036764485028,0.0,0.0,0.0,0.0,0.0,0.0,0.0,0.0,1_5,1.0,-0.0,9999.0,0.0,0.0,0.0
lpJL9-mBNmk_00,11,5,1,306.0036764485028,0.0,0.0,0.0,0.0,0.0,0.0,0.0,0.0,1_5,1.0,-0.0,9999.0,0.0,0.0,0.0
lpJL9-mBNmk_00,12,5,1,306.0036764485028,0.0,0.0,0.0,0.0,0.0,0.0,0.0,0.0,1_5,1.0,-0.0,9999.0,0.0,0.0,0.0
lpJL9-mBNmk_00,13,5,1,305.753679454557,0.0,0.0,0.0,0.0,0.25,0.0,0.0,0.0,1_5,1.0,0.24999699394578556,1223.029423789243,0.0,0.0,0.25
lpJL9-mBNmk_00,14,5,1,305.753679454557,0.0,0.0,0.0,0.0,0.0,0.0,0.0,0.0,1_5,1.0,-0.0,9999.0,0.0,0.0,0.0
lpJL9-mBNmk_00,15,5,1,306.0036764485028,3.141592653589793,0.0,0.0,0.0,-0.25,0.0,0.0,0.0,1_5,1.0,-0.24999699394578556,9999.0,180.0,0.0,0.25
lpJL9-mBNmk_00,16,5,1,307.9423647372995,1.6704649792860586,0.0,1.6704649792860586,0.0,-1.5,15.0,0.0,0.0,1_5,1.0,-1.9386882887966976,9999.0,95.71059313749964,95.71059313749964,15.074813431681335
lpJL9-mBNmk_00,17,5,1,306.0036764485028,-1.4711276743037345,0.0,0.0,0.0,1.5,-15.0,0.0,0.0,1_5,1.0,1.9386882887966976,157.84057613430613,84.28940686250036,0.0,15.074813431681335
lpJL9-mBNmk_00,18,5,1,305.753679454557,0.0,0.0,0.0,0.0,0.25,0.0,0.0,0.0,1_5,1.0,0.24999699394578556,1223.029423789243,0.0,0.0,0.25
lpJL9-mBNmk_00,19,5,1,305.7036800563578,0.0,0.0,0.0,0.0,0.05000000000001137,0.0,0.0,0.0,1_5,1.0,0.04999939819919064,6114.14719110172,0.0,0.0,0.05000000000001137
lpJL9-mBNmk_00,20,5,1,305.503682465531,0.0,0.0,0.0,0.0,0.19999999999998863,0.0,0.0,0.0,1_5,1.0,0.19999759082679702,1527.5368128314353,0.0,0.0,0.19999999999998863
lpJL9-mBNmk_00,21,5,1,305.510228961323,1.5707963267948966,0.0,1.1071487177940904,0.0,0.0,1.0,0.0,0.0,1_5,1.0,-0.006546495791951656,9999.0,90.0,63.43494882292201,1.0
lpJL9-mBNmk_00,22,5,1,306.00653587791226,-2.356194490192345,0.0,1.5707963267948966,0.0,-0.5,-0.5,0.0,0.0,1_5,1.0,-0.49630691658927617,9999.0,135.0,90.0,0.7071067811865476
lpJL9-mBNmk_00,23,5,1,306.5065252160221,3.141592653589793,0.0,2.356194490192345,0.0,-0.5,0.0,0.0,0.0,1_5,1.0,-0.4999893381098559,9999.0,180.0,135.0,0.5
lpJL9-mBNmk_00,24,5,1,306.00653587791226,0.0,0.0,1.5707963267948966,0.0,0.5,0.0,0.0,0.0,1_5,1.0,0.4999893381098559,612.0261224663906,0.0,90.0,0.5
lpJL9-mBNmk_00,25,5,1,306.00653587791226,0.0,0.0,1.5707963267948966,0.0,0.0,0.0,0.0,0.0,1_5,1.0,-0.0,9999.0,0.0,90.0,0.0
lpJL9-mBNmk_00,26,5,1,306.5065252160221,3.141592653589793,0.0,2.356194490192345,0.0,-0.5,0.0,0.0,0.0,1_5,1.0,-0.4999893381098559,9999.0,180.0,135.0,0.5
lpJL9-mBNmk_00,27,5,1,306.5065252160221,0.0,0.0,2.5535900500422253,0.0,0.0,0.0,0.0,0.0,1_5,1.0,-0.0,9999.0,0.0,146.3099324740202,0.0
lpJL9-mBNmk_00,28,5,1,306.5036704511057,0.0,1.5707963267948966,2.356194490192345,1.5707963267948966,0.0,0.0,0.0,0.5,1_5,1.0,0.002854764916435215,107365.64285434791,90.0,45.0,0.5
lpJL9-mBNmk_00,29,5,1,306.5065252160221,0.0,-1.5707963267948966,2.356194490192345,0.0,0.0,0.0,0.0,-0.5,1_5,1.0,-0.002854764916435215,9999.0,90.0,135.0,0.5
lpJL9-mBNmk_00,30,5,1,306.5036704511057,-1.5707963267948966,0.0,3.141592653589793,0.0,0.0,-0.5,0.0,0.0,1_5,1.0,0.002854764916435215,107365.64285434791,90.0,180.0,0.5
lpJL9-mBNmk_00,31,5,1,307.0036644732437,2.356194490192345,1.5707963267948966,2.677945044588987,1.5707963267948966,-0.5,0.5,0.0,0.5,1_5,1.0,-0.4999940221380257,9999.0,45.0,63.43494882292201,0.5
lpJL9-mBNmk_00,32,5,1,306.8036668620504,0.0,0.0,2.582993338246237,1.5707963267948966,0.19999999999998863,0.0,0.0,0.0,1_5,1.0,0.1999976111932824,1534.0366568956072,0.0,57.99461679191686,0.19999999999998863
lpJL9-mBNmk_00,33,5,1,306.501631317029,-1.0303768265242956,0.0,3.141592653589793,1.5707963267948966,0.30000000000001137,-0.5,0.0,0.0,1_5,1.0,0.30203554502139696,1014.7866248501172,59.036243467925516,90.0,0.5830951894845359
lpJL9-mBNmk_00,34,5,1,306.5065252160221,1.5707963267948966,-1.5707963267948966,2.5535900500422253,0.0,0.0,0.5,0.0,-0.5,1_5,1.0,-0.0048938989930888965,9999.0,180.0,146.3099324740202,1.0
lpJL9-mBNmk_00,35,5,1,306.501631317029,-1.5707963267948966,1.5707963267948966,3.141592653589793,1.5707963267948966,0.0,-0.5,0.0,0.5,1_5,1.0,0.0048938989930888965,62629.33332908317,180.0,90.0,1.0
lpJL9-mBNmk_00,36,5,1,306.501631317029,0.0,0.0,-1.5042281630190728,1.5707963267948966,0.0,0.0,0.0,0.0,1_5,1.0,-0.0,9999.0,0.0,176.18592516570965,0.0
lpJL9-mBNmk_00,37,5,1,306.0102122478921,0.7853981633974483,-1.5707963267948966,1.5707963267948966,-1.5707963267948966,0.5,0.5,0.0,-1.0,1_5,1.0,0.4914190691368958,622.7072400453515,135.0,180.0,1.5811388300841898
lpJL9-mBNmk_00,38,5,1,306.00653587791226,0.0,1.5707963267948966,2.0344439357957027,0.0,0.0,0.0,0.0,0.5,1_5,1.0,0.003676369979871197,83236.05555299233,90.0,116.56505117707799,0.5
lpJL9-mBNmk_00,39,5,1,306.00653587791226,0.0,0.0,2.1112158270654975,0.0,0.0,0.0,0.0,0.0,1_5,1.0,-0.0,9999.0,0.0,120.96375653207448,0.0
lpJL9-mBNmk_00,40,5,1,306.0102122478921,0.0,-1.5707963267948966,2.356194490192345,-1.5707963267948966,0.0,0.0,0.0,-0.5,1_5,1.0,-0.003676369979871197,9999.0,90.0,135.0,0.5
lpJL9-mBNmk_00,41,5,1,306.00653587791226,-1.5707963267948966,0.0,-2.0344439357957027,-1.5707963267948966,0.0,-0.5,0.0,0.0,1_5,1.0,0.003676369979871197,83236.05555299233,90.0,26.565051177077994,0.5
lpJL9-mBNmk_00,42,5,1,306.00653587791226,1.5707963267948966,1.5707963267948966,0.0,0.0,0.0,0.5,0.0,0.5,1_5,1.0,-0.0,9999.0,0.0,0.0,0.0
lpJL9-mBNmk_00,43,5,1,306.2565305426155,-2.0344439357957027,-1.5707963267948966,-1.1071487177940904,-1.5707963267948966,-0.25,-0.5,0.0,-0.5,1_5,1.0,-0.2499946647032516,9999.0,26.565051177077994,26.565051177077994,0.25
lpJL9-mBNmk_00,44,5,1,306.2565305426155,0.0,0.0,-2.0344439357957027,-1.5707963267948966,0.0,0.0,0.0,0.0,1_5,1.0,-0.0,9999.0,0.0,26.565051177077994,0.0
lpJL9-mBNmk_00,45,5,1,306.00653587791226,0.0,0.0,-1.5707963267948966,-1.5707963267948966,0.25,0.0,0.0,0.0,1_5,1.0,0.2499946647032516,1224.0522662399528,0.0,0.0,0.25
lpJL9-mBNmk_00,46,5,1,305.7565412219336,0.0,0.0,-0.5880026035475676,-1.5707963267948966,0.25,0.0,0.0,0.0,1_5,1.0,0.24999465597863946,1223.052308958391,0.0,56.30993247402021,0.25
lpJL9-mBNmk_00,47,5,1,305.7565412219336,0.0,0.0,-0.5880026035475676,-1.5707963267948966,0.0,0.0,0.0,0.0,1_5,1.0,-0.0,9999.0,0.0,56.30993247402021,0.0
lpJL9-mBNmk_00,48,5,1,305.76471755256523,1.5707963267948966,0.0,0.5880026035475676,-1.5707963267948966,0.0,1.0,0.0,0.0,1_5,1.0,-0.008176330631613382,9999.0,90.0,123.6900675259798,1.0
lpJL9-mBNmk_00,49,5,1,306.0102122478921,-2.0344439357957027,0.0,0.0,-1.5707963267948966,-0.25,-0.5,0.0,0.0,1_5,1.0,-0.24549469532689727,9999.0,116.56505117707799,90.0,0.5590169943749475
lpJL9-mBNmk_00,50,5,1,305.76022059777495,0.0,0.0,0.5880026035475676,-1.5707963267948966,0.25,0.0,0.0,0.0,1_5,1.0,0.24999165011718105,1223.0817327476855,0.0,123.6900675259798,0.25
lpJL9-mBNmk_00,51,5,1,306.0102122478921,3.141592653589793,0.0,0.0,-1.5707963267948966,-0.25,0.0,0.0,0.0,1_5,1.0,-0.24999165011718105,9999.0,180.0,90.0,0.25
lpJL9-mBNmk_00,52,5,1,306.0102122478921,0.0,0.0,0.0,-1.5707963267948966,0.0,0.0,0.0,0.0,1_5,1.0,-0.0,9999.0,0.0,90.0,0.0
lpJL9-mBNmk_00,53,5,1,306.2602039116411,3.141592653589793,0.0,1.1071487177940904,-1.5707963267948966,-0.25,0.0,0.0,0.0,1_5,1.0,-0.24999166374897186,9999.0,180.0,153.434948822922,0.25
lpJL9-mBNmk_00,54,5,1,306.51019558898855,3.141592653589793,0.0,0.0,-1.5707963267948966,-0.25,0.0,0.0,0.0,1_5,1.0,-0.24999167734745242,9999.0,180.0,90.0,0.25
lpJL9-mBNmk_00,55,5,1,306.51019558898855,0.0,0.0,1.5707963267948966,-1.5707963267948966,0.0,0.0,0.0,0.0,1_5,1.0,-0.0,9999.0,0.0,180.0,0.0
lpJL9-mBNmk_00,56,5,1,306.51019558898855,0.0,0.0,1.5707963267948966,-1.5707963267948966,0.0,0.0,0.0,0.0,1_5,1.0,-0.0,9999.0,0.0,180.0,0.0
lpJL9-mBNmk_00,57,5,1,306.51019558898855,0.0,0.0,3.141592653589793,0.0,0.0,0.0,0.0,0.0,1_5,1.0,-0.0,9999.0,0.0,180.0,0.0
lpJL9-mBNmk_00,58,5,1,306.5065252160221,0.0,1.5707963267948966,3.141592653589793,0.0,0.0,0.0,0.0,0.5,1_5,1.0,0.0036703729664395723,83508.2777741106,90.0,180.0,0.5
lpJL9-mBNmk_00,59,5,1,307.51016243369907,3.141592653589793,-1.5707963267948966,3.141592653589793,-1.5707963267948966,-1.0,0.0,0.0,-0.5,1_5,1.0,-1.0036372176769532,9999.0,90.00000000000001,90.00000000000001,1.118033988749895
lpJL9-mBNmk_00,60,5,1,307.51016243369907,0.0,0.0,3.141592653589793,0.0,0.0,0.0,0.0,0.0,1_5,1.0,-0.0,9999.0,0.0,180.0,0.0
lpJL9-mBNmk_00,61,5,1,307.00651458886017,-0.7853981633974483,0.0,3.141592653589793,0.0,0.5,-0.5,0.0,0.0,1_5,1.0,0.5036478448388948,609.5658260725098,45.0,180.0,0.7071067811865476
lpJL9-mBNmk_00,62,5,1,307.2565092882493,3.141592653589793,0.0,-2.761086276477428,-1.5707963267948966,-0.25,0.0,0.0,0.0,1_5,1.0,-0.2499946993891058,9999.0,180.0,68.19859051364817,0.25
lpJL9-mBNmk_00,63,5,1,307.2601707022894,1.5707963267948966,0.0,2.677945044588987,0.0,0.0,0.5,0.0,0.0,1_5,1.0,-0.0036614140400956785,9999.0,90.0,153.434948822922,0.5
lpJL9-mBNmk_00,64,5,1,307.0101789843457,0.0,0.0,2.5535900500422253,0.0,0.25,0.0,0.0,0.0,1_5,1.0,0.24999171794365793,1228.0814000947757,0.0,146.3099324740202,0.25
lpJL9-mBNmk_00,65,5,1,307.0101789843457,0.0,0.0,2.677945044588987,0.0,0.0,0.0,0.0,0.0,1_5,1.0,-0.0,9999.0,0.0,153.434948822922,0.0
lpJL9-mBNmk_00,66,5,1,306.0102122478921,0.0,0.0,2.0344439357957027,0.0,1.0,0.0,0.0,0.0,1_5,1.0,0.9999667364535867,306.0203915713906,0.0,116.56505117707799,1.0
lpJL9-mBNmk_00,67,5,1,306.0102122478921,0.0,0.0,2.0344439357957027,0.0,0.0,0.0,0.0,0.0,1_5,1.0,-0.0,9999.0,0.0,116.56505117707799,0.0
lpJL9-mBNmk_00,68,5,1,306.7601872799011,3.141592653589793,0.0,-2.677945044588987,0.0,-0.75,0.0,0.0,0.0,1_5,1.0,-0.7499750320089902,9999.0,180.0,153.434948822922,0.75
lpJL9-mBNmk_00,69,5,1,306.7601872799011,0.0,0.0,3.141592653589793,0.0,0.0,0.0,0.0,0.0,1_5,1.0,-0.0,9999.0,0.0,180.0,0.0
lpJL9-mBNmk_00,70,5,1,306.0102122478921,0.0,0.0,3.141592653589793,0.0,0.75,0.0,0.0,0.0,1_5,1.0,0.7499750320089902,408.0271998231321,0.0,180.0,0.75
lpJL9-mBNmk_00,71,5,1,306.0102122478921,0.0,0.0,0.0,0.0,0.0,0.0,0.0,0.0,1_5,1.0,-0.0,9999.0,0.0,0.0,0.0
lpJL9-mBNmk_00,72,5,1,307.0101789843457,3.141592653589793,0.0,3.141592653589793,0.0,-1.0,0.0,0.0,0.0,1_5,1.0,-0.9999667364535867,9999.0,180.0,180.0,1.0
lpJL9-mBNmk_00,73,5,1,307.0101789843457,0.0,0.0,3.141592653589793,0.0,0.0,0.0,0.0,0.0,1_5,1.0,-0.0,9999.0,0.0,180.0,0.0
lpJL9-mBNmk_00,74,5,1,306.7601872799011,0.0,0.0,3.141592653589793,0.0,0.25,0.0,0.0,0.0,1_5,1.0,0.2499917044445965,1227.0814664087613,0.0,180.0,0.25
lpJL9-mBNmk_00,75,5,1,306.7601872799011,0.0,0.0,3.141592653589793,0.0,0.0,0.0,0.0,0.0,1_5,1.0,-0.0,9999.0,0.0,180.0,0.0
lpJL9-mBNmk_00,76,5,1,307.0101789843457,3.141592653589793,0.0,3.141592653589793,0.0,-0.25,0.0,0.0,0.0,1_5,1.0,-0.2499917044445965,9999.0,180.0,180.0,0.25
lpJL9-mBNmk_00,77,5,1,306.7601872799011,0.0,0.0,3.141592653589793,0.0,0.25,0.0,0.0,0.0,1_5,1.0,0.2499917044445965,1227.0814664087613,0.0,180.0,0.25
lpJL9-mBNmk_00,78,5,1,306.81018561970853,3.141592653589793,0.0,3.141592653589793,-1.5707963267948966,-0.05000000000001137,0.0,0.0,0.0,1_5,1.0,-0.049998339807416414,9999.0,180.0,90.00000000000001,0.05000000000001137
lpJL9-mBNmk_00,79,5,1,307.0101789843457,3.141592653589793,0.0,0.0,0.0,-0.19999999999998863,0.0,0.0,0.0,1_5,1.0,-0.1999933646371801,9999.0,180.0,0.0,0.19999999999998863
lpJL9-mBNmk_00,80,5,1,307.0101789843457,0.0,0.0,0.0,0.0,0.0,0.0,0.0,0.0,1_5,1.0,-0.0,9999.0,0.0,0.0,0.0
lpJL9-mBNmk_00,81,5,1,307.0101789843457,0.0,0.0,1.5707963267948966,0.0,0.0,0.0,0.0,0.0,1_5,1.0,-0.0,9999.0,0.0,90.0,0.0
lpJL9-mBNmk_00,82,5,1,307.0101789843457,0.0,0.0,1.1071487177940904,0.0,0.0,0.0,0.0,0.0,1_5,1.0,-0.0,9999.0,0.0,63.43494882292201,0.0
lpJL9-mBNmk_00,83,5,1,307.0101789843457,0.0,0.0,0.0,0.0,0.0,0.0,0.0,0.0,1_5,1.0,-0.0,9999.0,0.0,0.0,0.0
lpJL9-mBNmk_00,84,5,1,307.0101789843457,0.0,0.0,0.0,0.0,0.0,0.0,0.0,0.0,1_5,1.0,-0.0,9999.0,0.0,0.0,0.0
lpJL9-mBNmk_00,85,5,1,307.0101789843457,0.0,0.0,0.0,0.0,0.0,0.0,0.0,0.0,1_5,1.0,-0.0,9999.0,0.0,0.0,0.0
lpJL9-mBNmk_00,86,5,1,307.0101789843457,0.0,0.0,3.141592653589793,0.0,0.0,0.0,0.0,0.0,1_5,1.0,-0.0,9999.0,0.0,180.0,0.0
lpJL9-mBNmk_00,87,5,1,307.51016243369907,3.141592653589793,0.0,3.141592653589793,0.0,-0.5,0.0,0.0,0.0,1_5,1.0,-0.49998344935335126,9999.0,180.0,180.0,0.5
lpJL9-mBNmk_00,88,5,1,307.51016243369907,0.0,0.0,3.141592653589793,0.0,0.0,0.0,0.0,0.0,1_5,1.0,-0.0,9999.0,0.0,180.0,0.0
lpJL9-mBNmk_00,89,5,1,307.51016243369907,0.0,0.0,3.141592653589793,0.0,0.0,0.0,0.0,0.0,1_5,1.0,-0.0,9999.0,0.0,180.0,0.0
lpJL9-mBNmk_00,90,5,1,307.01465763054375,0.7853981633974483,0.0,2.677945044588987,0.0,0.5,0.5,0.0,0.0,1_5,1.0,0.4955048031553133,619.5997610427031,45.0,153.434948822922,0.7071067811865476
lpJL9-mBNmk_00,91,5,1,306.81466718525695,0.0,0.0,2.582993338246237,0.0,0.19999999999998863,0.0,0.0,0.0,1_5,1.0,0.19999044528680088,1534.1466275814444,0.0,147.99461679191685,0.19999999999998863
lpJL9-mBNmk_00,92,5,1,306.81466718525695,0.0,0.0,1.1902899496825512,0.0,0.0,0.0,0.0,0.0,1_5,1.0,-0.0,9999.0,0.0,68.19859051364931,0.0
lpJL9-mBNmk_00,93,5,1,306.81466718525695,0.0,0.0,1.1902899496825512,0.0,0.0,0.0,0.0,0.0,1_5,1.0,-0.0,9999.0,0.0,68.19859051364931,0.0
lpJL9-mBNmk_00,94,5,1,306.81466718525695,0.0,0.0,1.670464979286081,0.0,0.0,0.0,0.0,0.0,1_5,1.0,-0.0,9999.0,0.0,95.71059313750094,0.0
lpJL9-mBNmk_00,95,5,1,306.51468154070534,0.0,0.0,1.1071487177940904,0.0,0.30000000000001137,0.0,0.0,0.0,1_5,1.0,0.2999856445516116,1021.7644980940761,0.0,63.43494882292201,0.30000000000001137
lpJL9-mBNmk_00,96,5,1,306.51019558898855,-1.5707963267948966,0.0,0.0,0.0,0.0,-0.5,0.0,0.0,1_5,1.0,0.004485951716787895,68326.68181468103,90.0,0.0,0.5
lpJL9-mBNmk_00,97,5,1,306.51019558898855,0.0,0.0,0.0,0.0,0.0,0.0,0.0,0.0,1_5,1.0,-0.0,9999.0,0.0,0.0,0.0
lpJL9-mBNmk_00,98,5,1,306.51019558898855,0.0,0.0,0.0,0.0,0.0,0.0,0.0,0.0,1_5,1.0,-0.0,9999.0,0.0,0.0,0.0
lpJL9-mBNmk_00,99,5,1,306.3102022460238,0.0,0.0,0.0,0.0,0.19999999999998863,0.0,0.0,0.0,1_5,1.0,0.199993342964774,1531.6019908721462,0.0,0.0,0.19999999999998863
lpJL9-mBNmk_00,100,5,1,306.51019558898855,3.141592653589793,0.0,0.0,0.0,-0.19999999999998863,0.0,0.0,0.0,1_5,1.0,-0.199993342964774,9999.0,180.0,0.0,0.19999999999998863
lpJL9-mBNmk_00,101,5,1,306.51019558898855,0.0,0.0,0.0,0.0,0.0,0.0,0.0,0.0,1_5,1.0,-0.0,9999.0,0.0,0.0,0.0
lpJL9-mBNmk_00,102,5,1,306.51019558898855,0.0,0.0,0.0,0.0,0.0,0.0,0.0,0.0,1_5,1.0,-0.0,9999.0,0.0,0.0,0.0
lpJL9-mBNmk_00,103,5,1,306.51019558898855,0.0,0.0,0.0,0.0,0.0,0.0,0.0,0.0,1_5,1.0,-0.0,9999.0,0.0,0.0,0.0
lpJL9-mBNmk_00,104,5,1,306.51019558898855,0.0,0.0,0.0,0.0,0.0,0.0,0.0,0.0,1_5,1.0,-0.0,9999.0,0.0,0.0,0.0
lpJL9-mBNmk_00,105,5,1,306.0102122478921,0.0,3.141592653589793,0.0,3.141592653589793,0.0,0.0,-0.5,0.0,1_5,1.0,0.4999833410964243,612.0408163536723,180.0,180.0,0.5
lpJL9-mBNmk_00,106,5,1,307.0101789843457,3.141592653589793,0.0,0.0,0.0,-0.5,0.0,0.5,0.0,1_5,1.0,-0.9999667364535867,9999.0,180.0,0.0,1.0
lpJL9-mBNmk_00,107,5,1,305.8102189267063,0.0,3.141592653589793,0.0,3.141592653589793,0.6999999999999886,0.0,-0.5,0.0,1_5,1.0,1.19996005763943,254.8503318754612,180.0,180.0,1.1999999999999886
lpJL9-mBNmk_00,108,5,1,306.51468154070534,1.951302703907242,0.0,0.46364760900080615,0.0,-0.19999999999998863,0.5,0.5,0.0,1_5,1.0,-0.7044626139990555,9999.0,111.80140948635069,26.565051177077994,0.8602325267042534
lpJL9-mBNmk_00,109,5,1,306.51468154070534,0.0,0.0,0.46364760900080615,0.0,0.0,0.0,0.0,0.0,1_5,1.0,-0.0,9999.0,0.0,26.565051177077994,0.0
lpJL9-mBNmk_00,110,5,1,306.7646695758819,3.141592653589793,0.0,0.0,0.0,-0.25,0.0,0.0,0.0,1_5,1.0,-0.24998803517655688,9999.0,180.0,0.0,0.25
lpJL9-mBNmk_00,111,5,1,306.81018561970853,-2.4037775934693384,3.141592653589793,-2.356194490192345,3.141592653589793,-0.5500000000000114,-0.5,-0.5,0.0,1_5,1.0,-0.04551604382663754,9999.0,42.273689006093164,45.00000000000001,0.5024937810560456
lpJL9-mBNmk_00,112,5,1,307.01465763054375,1.0303768265242956,0.0,3.141592653589793,0.0,0.30000000000001137,0.5,0.5,0.0,1_5,1.0,-0.20447201083521804,9999.0,59.036243467925516,180.0,0.5385164807134462
lpJL9-mBNmk_00,113,5,1,307.01465763054375,0.0,0.0,3.141592653589793,0.0,0.0,0.0,0.0,0.0,1_5,1.0,-0.0,9999.0,0.0,180.0,0.0
lpJL9-mBNmk_00,114,5,1,307.01465763054375,0.0,0.0,3.141592653589793,0.0,0.0,0.0,0.0,0.0,1_5,1.0,-0.0,9999.0,0.0,180.0,0.0
lpJL9-mBNmk_00,115,5,1,307.01465763054375,0.0,0.0,3.141592653589793,0.0,0.0,0.0,0.0,0.0,1_5,1.0,-0.0,9999.0,0.0,180.0,0.0
lpJL9-mBNmk_00,116,5,1,307.0101789843457,-2.356194490192345,3.141592653589793,3.141592653589793,3.141592653589793,-0.5,-0.5,-0.5,0.0,1_5,1.0,0.00447864619803795,68549.7727234725,45.00000000000001,0.0,0.5
lpJL9-mBNmk_00,117,5,1,307.0101789843457,0.0,0.0,3.141592653589793,3.141592653589793,0.0,0.0,0.0,0.0,1_5,1.0,-0.0,9999.0,0.0,0.0,0.0
lpJL9-mBNmk_00,118,5,1,307.3101690474951,3.141592653589793,0.0,3.141592653589793,3.141592653589793,-0.30000000000001137,0.0,0.0,0.0,1_5,1.0,-0.29999006314938015,9999.0,180.0,0.0,0.30000000000001137
lpJL9-mBNmk_00,119,5,1,307.80649765721324,-1.5707963267948966,0.0,-2.819842099193151,0.0,0.0,-0.5,0.5,0.0,1_5,1.0,-0.4963286097181481,9999.0,90.0,161.565051177078,0.7071067811865476
lpJL9-mBNmk_00,120,5,1,306.80651883556845,0.0,3.141592653589793,-2.582993338246237,3.141592653589793,0.5,0.0,-0.5,0.0,1_5,1.0,0.9999788216447882,306.8130166306182,180.0,32.00538320808318,1.0
lpJL9-mBNmk_00,121,5,1,307.506503996257,3.141592653589793,0.0,-2.677945044588987,0.0,-0.19999999999998863,0.0,0.5,0.0,1_5,1.0,-0.6999851606885272,9999.0,180.0,153.434948822922,0.6999999999999886
lpJL9-mBNmk_00,122,5,1,307.506503996257,0.0,0.0,-2.677945044588987,0.0,0.0,0.0,0.0,0.0,1_5,1.0,-0.0,9999.0,0.0,153.434948822922,0.0
lpJL9-mBNmk_00,123,5,1,307.506503996257,0.0,0.0,-2.677945044588987,0.0,0.0,0.0,0.0,0.0,1_5,1.0,-0.0,9999.0,0.0,153.434948822922,0.0
lpJL9-mBNmk_00,124,5,1,307.7601541785421,2.0344439357957027,0.0,3.141592653589793,0.0,-0.25,0.5,0.0,0.0,1_5,1.0,-0.2536501822851278,9999.0,116.56505117707799,180.0,0.5590169943749475
lpJL9-mBNmk_00,125,5,1,307.7601541785421,0.0,0.0,3.141592653589793,0.0,0.0,0.0,0.0,0.0,1_5,1.0,-0.0,9999.0,0.0,180.0,0.0
lpJL9-mBNmk_00,126,5,1,307.0101789843457,0.0,3.141592653589793,3.141592653589793,3.141592653589793,0.25,0.0,-0.5,0.0,1_5,1.0,0.749975194196395,409.36044466551965,180.0,0.0,0.75
lpJL9-mBNmk_00,127,5,1,307.7601541785421,3.141592653589793,0.0,3.141592653589793,0.0,-0.25,0.0,0.5,0.0,1_5,1.0,-0.749975194196395,9999.0,180.0,180.0,0.75
lpJL9-mBNmk_00,128,5,1,307.5016260119611,-1.1071487177940904,1.5707963267948966,-2.356194490192345,1.5707963267948966,0.25,-0.5,0.0,1.0,1_5,1.0,0.25852816658101574,1189.4318134793966,153.434948822922,135.0,1.5206906325745548
lpJL9-mBNmk_00,129,5,1,307.50365851482155,0.0,-1.5707963267948966,-2.356194490192345,1.5707963267948966,0.0,0.0,0.0,-0.5,1_5,1.0,-0.0020325028604588624,9999.0,90.0,135.0,0.5
lpJL9-mBNmk_00,130,5,1,307.50365851482155,0.0,0.0,-2.214297435588181,1.5707963267948966,0.0,0.0,0.0,0.0,1_5,1.0,-0.0,9999.0,0.0,143.13010235415598,0.0
lpJL9-mBNmk_00,131,5,1,307.50365851482155,0.0,0.0,-1.951302703907242,0.7853981633974483,0.0,0.0,0.0,0.0,1_5,1.0,-0.0,9999.0,0.0,156.8014094863507,0.0
lpJL9-mBNmk_00,132,5,1,307.50365851482155,0.0,0.0,-2.0344439357957027,1.5707963267948966,0.0,0.0,0.0,0.0,1_5,1.0,-0.0,9999.0,0.0,153.434948822922,0.0
lpJL9-mBNmk_00,133,5,1,307.50365851482155,0.0,0.0,-2.0344439357957027,1.5707963267948966,0.0,0.0,0.0,0.0,1_5,1.0,-0.0,9999.0,0.0,153.434948822922,0.0
lpJL9-mBNmk_00,134,5,1,307.50365851482155,0.0,0.0,-2.0344439357957027,1.5707963267948966,0.0,0.0,0.0,0.0,1_5,1.0,-0.0,9999.0,0.0,153.434948822922,0.0
lpJL9-mBNmk_00,135,5,1,307.80365494906005,3.141592653589793,0.0,-2.245537269018456,1.5707963267948966,-0.30000000000001137,0.0,0.0,0.0,1_5,1.0,-0.2999964342384942,9999.0,180.0,141.34019174590952,0.30000000000001137
lpJL9-mBNmk_00,136,5,1,307.80365494906005,0.0,0.0,-2.1112158270654975,0.7853981633974483,0.0,0.0,0.0,0.0,1_5,1.0,-0.0,9999.0,0.0,165.96375653207448,0.0
lpJL9-mBNmk_00,137,5,1,307.80365494906005,0.0,0.0,-2.1112158270654975,0.7853981633974483,0.0,0.0,0.0,0.0,1_5,1.0,-0.0,9999.0,0.0,165.96375653207448,0.0
lpJL9-mBNmk_00,138,5,1,307.80365494906005,0.0,0.0,-1.5707963267948966,0.7853981633974483,0.0,0.0,0.0,0.0,1_5,1.0,-0.0,9999.0,0.0,135.0,0.0
lpJL9-mBNmk_00,139,5,1,307.50365851482155,0.0,0.0,0.0,1.5707963267948966,0.30000000000001137,0.0,0.0,0.0,1_5,1.0,0.2999964342384942,1025.0243783576414,0.0,90.0,0.30000000000001137
lpJL9-mBNmk_00,140,5,1,307.50365851482155,0.0,0.0,3.141592653589793,0.7853981633974483,0.0,0.0,0.0,0.0,1_5,1.0,-0.0,9999.0,0.0,135.0,0.0
lpJL9-mBNmk_00,141,5,1,307.50365851482155,0.0,0.0,0.0,1.5707963267948966,0.0,0.0,0.0,0.0,1_5,1.0,-0.0,9999.0,0.0,90.0,0.0
lpJL9-mBNmk_00,142,5,1,307.50365851482155,0.0,0.0,0.0,1.5707963267948966,0.0,0.0,0.0,0.0,1_5,1.0,-0.0,9999.0,0.0,90.0,0.0
lpJL9-mBNmk_00,143,5,1,307.50365851482155,0.0,0.0,0.0,1.5707963267948966,0.0,0.0,0.0,0.0,1_5,1.0,-0.0,9999.0,0.0,90.0,0.0
lpJL9-mBNmk_00,144,5,1,307.506503996257,1.5707963267948966,0.0,0.0,1.5707963267948966,0.0,0.5,0.0,0.0,1_5,1.0,-0.0028454814354290647,9999.0,90.0,90.0,0.5
lpJL9-mBNmk_00,145,5,1,307.80365494906005,-2.1112158270654975,0.0,-1.670464979286081,1.5707963267948966,-0.30000000000001137,-0.5,0.0,0.0,1_5,1.0,-0.29715095280306514,9999.0,120.96375653207448,174.28940686249908,0.5830951894845359
lpJL9-mBNmk_00,146,5,1,307.50365851482155,0.0,0.0,-1.5707963267948966,0.7853981633974483,0.30000000000001137,0.0,0.0,0.0,1_5,1.0,0.2999964342384942,1025.0243783576414,0.0,135.0,0.30000000000001137
lpJL9-mBNmk_00,147,5,1,307.50365851482155,0.0,0.0,-1.1071487177940904,1.5707963267948966,0.0,0.0,0.0,0.0,1_5,1.0,-0.0,9999.0,0.0,153.434948822922,0.0
lpJL9-mBNmk_00,148,5,1,307.50365851482155,0.0,0.0,0.0,-1.5707963267948966,0.0,0.0,0.0,0.0,1_5,1.0,-0.0,9999.0,0.0,90.0,0.0
lpJL9-mBNmk_00,149,5,1,307.50365851482155,0.0,0.0,0.0,0.0,0.0,0.0,0.0,0.0,1_5,1.0,-0.0,9999.0,0.0,0.0,0.0
lpJL9-mBNmk_00,150,5,1,307.50365851482155,0.0,0.0,0.0,0.0,0.0,0.0,0.0,0.0,1_5,1.0,-0.0,9999.0,0.0,0.0,0.0
lpJL9-mBNmk_00,151,5,1,307.50365851482155,0.0,0.0,0.0,0.0,0.0,0.0,0.0,0.0,1_5,1.0,-0.0,9999.0,0.0,0.0,0.0
lpJL9-mBNmk_00,152,5,1,307.50365851482155,0.0,0.0,0.0,0.0,0.0,0.0,0.0,0.0,1_5,1.0,-0.0,9999.0,0.0,0.0,0.0
lpJL9-mBNmk_00,153,5,1,307.80649765721324,2.1112158270654975,0.0,2.1112158270654975,0.0,-0.30000000000001137,0.5,0.0,0.0,1_5,1.0,-0.3028391423916901,9999.0,120.96375653207448,120.96375653207448,0.5830951894845359
lpJL9-mBNmk_00,154,5,1,307.80649765721324,0.0,0.0,2.1112158270654975,0.0,0.0,0.0,0.0,0.0,1_5,1.0,-0.0,9999.0,0.0,120.96375653207448,0.0
lpJL9-mBNmk_00,155,5,1,307.80365494906005,0.0,1.5707963267948966,1.5707963267948966,1.5707963267948966,0.0,0.0,0.0,0.5,1_5,1.0,0.002842708153195872,108278.31714030032,90.0,0.0,0.5
lpJL9-mBNmk_00,156,5,1,307.50365851482155,0.0,0.0,1.0303768265242956,1.5707963267948966,0.30000000000001137,0.0,0.0,0.0,1_5,1.0,0.2999964342384942,1025.0243783576414,0.0,30.963756532074484,0.30000000000001137
lpJL9-mBNmk_00,157,5,1,307.50365851482155,0.0,0.0,1.0303768265242956,1.5707963267948966,0.0,0.0,0.0,0.0,1_5,1.0,-0.0,9999.0,0.0,30.963756532074484,0.0
lpJL9-mBNmk_00,158,5,1,307.506503996257,0.0,-1.5707963267948966,1.0303768265242956,0.0,0.0,0.0,0.0,-0.5,1_5,1.0,-0.0028454814354290647,9999.0,90.0,59.036243467925516,0.5
lpJL9-mBNmk_00,159,5,1,307.80649765721324,3.141592653589793,0.0,2.1112158270654975,0.0,-0.30000000000001137,0.0,0.0,0.0,1_5,1.0,-0.299993660956261,9999.0,180.0,120.96375653207448,0.30000000000001137
lpJL9-mBNmk_00,160,5,1,307.5016260119611,-1.0303768265242956,1.5707963267948966,0.0,1.5707963267948966,0.30000000000001137,-0.5,0.0,0.5,1_5,1.0,0.30487164525214894,1008.6265180798857,149.03624346792552,90.0,1.0440306508910582
lpJL9-mBNmk_00,161,5,1,307.50365851482155,1.5707963267948966,0.0,1.5707963267948966,1.5707963267948966,0.0,0.5,0.0,0.0,1_5,1.0,-0.0020325028604588624,9999.0,90.0,0.0,0.5
lpJL9-mBNmk_00,162,5,1,307.5016260119611,-1.5707963267948966,0.0,0.0,1.5707963267948966,0.0,-0.5,0.0,0.0,1_5,1.0,0.0020325028604588624,151292.09999858934,90.0,90.0,0.5
lpJL9-mBNmk_00,163,5,1,307.50365851482155,1.5707963267948966,0.0,1.5707963267948966,1.5707963267948966,0.0,0.5,0.0,0.0,1_5,1.0,-0.0020325028604588624,9999.0,90.0,0.0,0.5
lpJL9-mBNmk_00,164,5,1,307.50365851482155,0.0,0.0,0.0,1.5707963267948966,0.0,0.0,0.0,0.0,1_5,1.0,-0.0,9999.0,0.0,90.0,0.0
lpJL9-mBNmk_00,165,5,1,307.50365851482155,0.0,0.0,1.0303768265242956,1.5707963267948966,0.0,0.0,0.0,0.0,1_5,1.0,-0.0,9999.0,0.0,30.963756532074484,0.0
lpJL9-mBNmk_00,166,5,1,307.50365851482155,0.0,0.0,1.5707963267948966,1.5707963267948966,0.0,0.0,0.0,0.0,1_5,1.0,-0.0,9999.0,0.0,0.0,0.0
lpJL9-mBNmk_00,167,5,1,307.50365851482155,0.0,0.0,1.5707963267948966,1.5707963267948966,0.0,0.0,0.0,0.0,1_5,1.0,-0.0,9999.0,0.0,0.0,0.0
lpJL9-mBNmk_00,168,5,1,307.50365851482155,0.0,0.0,1.5707963267948966,1.5707963267948966,0.0,0.0,0.0,0.0,1_5,1.0,-0.0,9999.0,0.0,0.0,0.0
lpJL9-mBNmk_00,169,5,1,307.5016260119611,-1.5707963267948966,0.0,0.0,1.5707963267948966,0.0,-0.5,0.0,0.0,1_5,1.0,0.0020325028604588624,151292.09999858934,90.0,90.0,0.5
lpJL9-mBNmk_00,170,5,1,307.001628660175,0.0,0.0,0.0,1.5707963267948966,0.5,0.0,0.0,0.0,1_5,1.0,0.49999735178607807,614.0065093615225,0.0,90.0,0.5
lpJL9-mBNmk_00,171,5,1,307.001628660175,0.0,0.0,0.0,1.5707963267948966,0.0,0.0,0.0,0.0,1_5,1.0,-0.0,9999.0,0.0,90.0,0.0
lpJL9-mBNmk_00,172,5,1,307.001628660175,0.0,0.0,0.0,1.5707963267948966,0.0,0.0,0.0,0.0,1_5,1.0,-0.0,9999.0,0.0,90.0,0.0
lpJL9-mBNmk_00,173,5,1,307.001628660175,0.0,0.0,-0.5585993153435561,1.5707963267948966,0.0,0.0,0.0,0.0,1_5,1.0,-0.0,9999.0,0.0,122.00538320808315,0.0
lpJL9-mBNmk_00,174,5,1,307.001628660175,0.0,0.0,-0.5585993153435561,1.5707963267948966,0.0,0.0,0.0,0.0,1_5,1.0,-0.0,9999.0,0.0,122.00538320808315,0.0
lpJL9-mBNmk_00,175,5,1,307.001628660175,0.0,0.0,-0.5585993153435561,0.0,0.0,0.0,0.0,0.0,1_5,1.0,-0.0,9999.0,0.0,32.00538320808313,0.0
lpJL9-mBNmk_00,176,5,1,306.3016323821994,3.141592653589793,3.141592653589793,-1.1902899496825512,3.141592653589793,-0.30000000000001137,0.0,-1.0,0.0,1_5,1.0,0.6999962779756288,437.5760872158004,0.0,111.8014094863507,0.6999999999999886
lpJL9-mBNmk_00,177,5,1,306.0016339825655,0.0,0.0,-0.7853981633974483,3.141592653589793,0.30000000000001137,0.0,0.0,0.0,1_5,1.0,0.2999983996338642,1020.0108879114956,0.0,135.0,0.30000000000001137
lpJL9-mBNmk_00,178,5,1,306.3016323821994,3.141592653589793,0.0,-1.1902899496825512,2.677945044588987,-0.30000000000001137,0.0,0.0,0.0,1_5,1.0,-0.2999983996338642,9999.0,180.0,138.36646066342868,0.30000000000001137
lpJL9-mBNmk_00,179,5,1,306.3016323821994,0.0,0.0,-0.7853981633974483,2.677945044588987,0.0,0.0,0.0,0.0,1_5,1.0,-0.0,9999.0,0.0,161.565051177078,0.0
lpJL9-mBNmk_00,180,5,1,307.0036644732437,1.951302703907242,0.0,1.5707963267948966,3.141592653589793,-0.19999999999998863,0.5,0.5,0.0,1_5,1.0,-0.7020320910443161,9999.0,111.80140948635069,90.0,0.8602325267042534
lpJL9-mBNmk_00,181,5,1,307.001628660175,-1.5707963267948966,0.0,-1.5707963267948966,3.141592653589793,0.0,-0.5,0.0,0.0,1_5,1.0,0.0020358130686872755,150800.49999783846,90.0,90.00000000000001,0.5
lpJL9-mBNmk_00,182,5,1,306.8036668620504,1.1902899496825512,0.0,1.1902899496825512,3.141592653589793,0.19999999999998863,0.5,0.0,0.0,1_5,1.0,0.19796179812459513,1549.8124879071431,68.19859051364931,111.80140948635069,0.5385164807134462
lpJL9-mBNmk_00,183,5,1,307.50365851482155,3.141592653589793,0.0,0.0,0.0,-0.19999999999998863,0.0,0.5,0.0,1_5,1.0,-0.6999916527711321,9999.0,180.0,0.0,0.6999999999999886
lpJL9-mBNmk_00,184,5,1,307.001628660175,-0.7853981633974483,0.0,-0.7853981633974483,0.0,0.5,-0.5,0.0,0.0,1_5,1.0,0.5020298546465369,611.5206612091326,45.0,45.0,0.7071067811865476
lpJL9-mBNmk_00,185,5,1,307.5016260119611,3.141592653589793,0.0,-1.5707963267948966,0.0,-0.5,0.0,0.0,0.0,1_5,1.0,-0.49999735178607807,9999.0,180.0,90.0,0.5
lpJL9-mBNmk_00,186,5,1,307.001628660175,0.0,0.0,-0.7853981633974483,0.0,0.5,0.0,0.0,0.0,1_5,1.0,0.49999735178607807,614.0065093615225,0.0,45.0,0.5
lpJL9-mBNmk_00,187,5,1,307.001628660175,0.0,0.0,-0.7853981633974483,0.0,0.0,0.0,0.0,0.0,1_5,1.0,-0.0,9999.0,0.0,45.0,0.0
lpJL9-mBNmk_00,188,5,1,307.001628660175,0.0,0.0,-0.7853981633974483,0.0,0.0,0.0,0.0,0.0,1_5,1.0,-0.0,9999.0,0.0,45.0,0.0
lpJL9-mBNmk_00,189,5,1,306.501631317029,0.0,3.141592653589793,0.0,3.141592653589793,0.0,0.0,-0.5,0.0,1_5,1.0,0.4999973431459921,613.006519971717,180.0,180.0,0.5
lpJL9-mBNmk_00,190,5,1,306.8016297218775,0.0,0.0,0.0,0.0,0.19999999999998863,0.0,0.5,0.0,1_5,1.0,-0.2999984048484521,9999.0,0.0,0.0,0.30000000000001137
lpJL9-mBNmk_00,191,5,1,306.501631317029,3.141592653589793,3.141592653589793,0.0,3.141592653589793,-0.19999999999998863,0.0,-0.5,0.0,1_5,1.0,0.2999984048484521,1021.6775368251112,0.0,180.0,0.30000000000001137
lpJL9-mBNmk_00,192,5,1,306.501631317029,0.0,0.0,0.0,3.141592653589793,0.0,0.0,0.0,0.0,1_5,1.0,-0.0,9999.0,0.0,180.0,0.0
lpJL9-mBNmk_00,193,5,1,306.501631317029,0.0,0.0,0.0,3.141592653589793,0.0,0.0,0.0,0.0,1_5,1.0,-0.0,9999.0,0.0,180.0,0.0
lpJL9-mBNmk_00,194,5,1,306.8016297218775,0.0,0.0,0.0,0.0,0.19999999999998863,0.0,0.5,0.0,1_5,1.0,-0.2999984048484521,9999.0,0.0,0.0,0.30000000000001137
lpJL9-mBNmk_00,195,5,1,307.001628660175,3.141592653589793,0.0,0.0,0.0,-0.19999999999998863,0.0,0.0,0.0,1_5,1.0,-0.19999893829754,9999.0,180.0,0.0,0.19999999999998863
lpJL9-mBNmk_00,196,5,1,307.001628660175,0.0,0.0,0.0,0.0,0.0,0.0,0.0,0.0,1_5,1.0,-0.0,9999.0,0.0,0.0,0.0
lpJL9-mBNmk_00,197,5,1,307.001628660175,0.0,0.0,0.0,0.0,0.0,0.0,0.0,0.0,1_5,1.0,-0.0,9999.0,0.0,0.0,0.0
lpJL9-mBNmk_00,198,5,1,307.001628660175,0.0,0.0,0.0,0.0,0.0,0.0,0.0,0.0,1_5,1.0,-0.0,9999.0,0.0,0.0,0.0
lpJL9-mBNmk_00,199,5,1,307.3016270702126,3.141592653589793,0.0,0.0,0.0,-0.30000000000001137,0.0,0.0,0.0,1_5,1.0,-0.2999984100375741,9999.0,180.0,0.0,0.30000000000001137
lpJL9-mBNmk_00,200,5,1,307.3016270702126,0.0,0.0,-1.1902899496825512,0.0,0.0,0.0,0.0,0.0,1_5,1.0,-0.0,9999.0,0.0,68.19859051364931,0.0
lpJL9-mBNmk_00,201,5,1,307.3016270702126,0.0,0.0,0.0,0.0,0.0,0.0,0.0,0.0,1_5,1.0,-0.0,9999.0,0.0,0.0,0.0
lpJL9-mBNmk_00,202,5,1,307.3016270702126,0.0,0.0,-1.5707963267948966,0.0,0.0,0.0,0.0,0.0,1_5,1.0,-0.0,9999.0,0.0,90.0,0.0
lpJL9-mBNmk_00,203,5,1,307.3016270702126,0.0,0.0,-1.1902899496825512,0.0,0.0,0.0,0.0,0.0,1_5,1.0,-0.0,9999.0,0.0,68.19859051364931,0.0
lpJL9-mBNmk_00,204,5,1,307.3016270702126,0.0,0.0,3.141592653589793,0.0,0.0,0.0,0.0,0.0,1_5,1.0,-0.0,9999.0,0.0,180.0,0.0
lpJL9-mBNmk_00,205,5,1,307.3016270702126,0.0,0.0,0.0,0.0,0.0,0.0,0.0,0.0,1_5,1.0,-0.0,9999.0,0.0,0.0,0.0
lpJL9-mBNmk_00,206,5,1,307.3016270702126,0.0,0.0,3.141592653589793,0.0,0.0,0.0,0.0,0.0,1_5,1.0,-0.0,9999.0,0.0,180.0,0.0
lpJL9-mBNmk_00,207,5,1,307.3016270702126,0.0,0.0,3.141592653589793,0.0,0.0,0.0,0.0,0.0,1_5,1.0,-0.0,9999.0,0.0,180.0,0.0
lpJL9-mBNmk_00,208,5,1,307.3016270702126,0.0,0.0,3.141592653589793,0.0,0.0,0.0,0.0,0.0,1_5,1.0,-0.0,9999.0,0.0,180.0,0.0
lpJL9-mBNmk_00,209,5,1,307.3016270702126,0.0,0.0,3.141592653589793,0.0,0.0,0.0,0.0,0.0,1_5,1.0,-0.0,9999.0,0.0,180.0,0.0
lpJL9-mBNmk_00,210,5,1,307.001628660175,0.0,0.0,3.141592653589793,0.0,0.30000000000001137,0.0,0.0,0.0,1_5,1.0,0.2999984100375741,1023.3441857965973,0.0,180.0,0.30000000000001137
lpJL9-mBNmk_00,211,5,1,307.001628660175,0.0,0.0,0.0,0.0,0.0,0.0,0.0,0.0,1_5,1.0,-0.0,9999.0,0.0,0.0,0.0
lpJL9-mBNmk_00,212,5,1,307.001628660175,0.0,0.0,0.0,0.0,0.0,0.0,0.0,0.0,1_5,1.0,-0.0,9999.0,0.0,0.0,0.0
lpJL9-mBNmk_00,213,5,1,307.3016270702126,3.141592653589793,0.0,3.141592653589793,0.0,-0.30000000000001137,0.0,0.0,0.0,1_5,1.0,-0.2999984100375741,9999.0,180.0,180.0,0.30000000000001137
lpJL9-mBNmk_00,214,5,1,307.3016270702126,0.0,0.0,3.141592653589793,0.0,0.0,0.0,0.0,0.0,1_5,1.0,-0.0,9999.0,0.0,180.0,0.0
lpJL9-mBNmk_00,215,5,1,307.3016270702126,0.0,0.0,3.141592653589793,0.0,0.0,0.0,0.0,0.0,1_5,1.0,-0.0,9999.0,0.0,180.0,0.0
lpJL9-mBNmk_00,216,5,1,307.3016270702126,0.0,0.0,3.141592653589793,0.0,0.0,0.0,0.0,0.0,1_5,1.0,-0.0,9999.0,0.0,180.0,0.0
lpJL9-mBNmk_00,217,5,1,307.001628660175,0.0,0.0,0.0,0.0,0.30000000000001137,0.0,0.0,0.0,1_5,1.0,0.2999984100375741,1023.3441857965973,0.0,0.0,0.30000000000001137
lpJL9-mBNmk_00,218,5,1,307.3016270702126,3.141592653589793,0.0,3.141592653589793,0.0,-0.30000000000001137,0.0,0.0,0.0,1_5,1.0,-0.2999984100375741,9999.0,180.0,180.0,0.30000000000001137
lpJL9-mBNmk_00,219,5,1,307.3016270702126,0.0,0.0,0.0,0.0,0.0,0.0,0.0,0.0,1_5,1.0,-0.0,9999.0,0.0,0.0,0.0
lpJL9-mBNmk_00,220,5,1,307.3016270702126,0.0,0.0,0.0,0.0,0.0,0.0,0.0,0.0,1_5,1.0,-0.0,9999.0,0.0,0.0,0.0
lpJL9-mBNmk_00,221,5,1,307.3016270702126,0.0,0.0,0.0,0.0,0.0,0.0,0.0,0.0,1_5,1.0,-0.0,9999.0,0.0,0.0,0.0
lpJL9-mBNmk_00,222,5,1,307.50365851482155,3.141592653589793,-1.5707963267948966,3.141592653589793,-1.5707963267948966,-0.19999999999998863,0.0,0.0,-0.5,1_5,1.0,-0.20203144460896283,9999.0,90.00000000000001,90.00000000000001,0.5385164807134462
lpJL9-mBNmk_00,223,5,1,307.50365851482155,0.0,0.0,3.141592653589793,-1.5707963267948966,0.0,0.0,0.0,0.0,1_5,1.0,-0.0,9999.0,0.0,90.00000000000001,0.0
lpJL9-mBNmk_00,224,5,1,307.50365851482155,0.0,0.0,3.141592653589793,-1.5707963267948966,0.0,0.0,0.0,0.0,1_5,1.0,-0.0,9999.0,0.0,90.00000000000001,0.0
lpJL9-mBNmk_00,225,5,1,307.50365851482155,0.0,0.0,3.141592653589793,-1.5707963267948966,0.0,0.0,0.0,0.0,1_5,1.0,-0.0,9999.0,0.0,90.00000000000001,0.0
lpJL9-mBNmk_00,226,5,1,307.3101690474951,1.1902899496825512,-1.5707963267948966,1.5707963267948966,-1.5707963267948966,0.19999999999998863,0.5,0.0,-0.5,1_5,1.0,0.193489467326458,1588.252700747774,158.1985905136493,180.0,1.0198039027185546
lpJL9-mBNmk_00,227,5,1,307.2565092882493,0.0,1.5707963267948966,1.471127674303712,-1.5707963267948966,0.05000000000001137,0.0,0.0,0.5,1_5,1.0,0.053659759245817895,5726.013564106627,90.0,174.28940686249908,0.5024937810560456
lpJL9-mBNmk_00,228,5,1,306.70366805762205,0.0,1.5707963267948966,0.6947382761966847,0.0,0.5500000000000114,0.0,0.0,0.5,1_5,1.0,0.552841230627223,554.7771241838332,90.0,39.80557109226413,0.7433034373659336
lpJL9-mBNmk_00,229,5,1,306.5036704511057,0.0,0.0,0.5585993153435561,0.0,0.19999999999998863,0.0,0.0,0.0,1_5,1.0,0.19999760651637644,1532.5366927629116,0.0,32.00538320808313,0.19999999999998863
lpJL9-mBNmk_00,230,5,1,306.0036764485028,-0.7853981633974483,-1.5707963267948966,0.0,-1.5707963267948966,0.5,-0.5,0.0,-0.5,1_5,1.0,0.4999940026028753,612.0146938873364,45.0,90.0,0.5
lpJL9-mBNmk_00,231,5,1,306.00653587791226,1.5707963267948966,1.5707963267948966,0.7853981633974483,0.0,0.0,1.0,0.0,0.5,1_5,1.0,-0.0028594294094546058,9999.0,0.0,45.0,0.5
lpJL9-mBNmk_00,232,5,1,305.5065465747011,0.0,3.141592653589793,0.7853981633974483,3.141592653589793,0.0,0.0,-0.5,0.0,1_5,1.0,0.49998930321117996,611.0261651851072,180.0,135.0,0.5
lpJL9-mBNmk_00,233,5,1,306.2602039116411,3.141592653589793,-0.7853981633974483,0.7610127542247244,-1.5707963267948966,-0.25,0.0,0.5,-0.5,1_5,1.0,-0.753657336940023,9999.0,135.0,133.60281897270332,0.9013878188659973
lpJL9-mBNmk_00,234,5,1,306.7601872799011,3.141592653589793,0.0,1.067953115867027,-1.5707963267948966,-0.5,0.0,0.0,0.0,1_5,1.0,-0.4999833682600183,9999.0,180.0,151.18920625702646,0.5
lpJL9-mBNmk_00,235,5,1,307.0101789843457,3.141592653589793,0.0,1.2793395323170191,-1.5707963267948966,-0.25,0.0,0.0,0.0,1_5,1.0,-0.2499917044445965,9999.0,180.0,163.30075576600578,0.25
lpJL9-mBNmk_00,236,5,1,307.00651458886017,3.141592653589793,2.356194490192345,1.7681918866447663,3.141592653589793,-0.5,0.0,-0.5,0.5,1_5,1.0,0.0036643954855435368,83780.94444227876,45.0,78.69006752598041,0.5
lpJL9-mBNmk_00,237,5,1,306.7565198981107,0.0,0.0,1.8157749899217608,3.141592653589793,0.25,0.0,0.0,0.0,1_5,1.0,0.24999469074947456,1227.0521385012871,0.0,75.96375653207352,0.25
lpJL9-mBNmk_00,238,5,1,307.506503996257,3.141592653589793,0.0,1.7681918866447663,0.0,-0.25,0.0,0.5,0.0,1_5,1.0,-0.7499840981462853,9999.0,180.0,101.30993247401959,0.75
lpJL9-mBNmk_00,239,5,1,307.506503996257,0.0,0.0,1.7681918866447663,0.0,0.0,0.0,0.0,0.0,1_5,1.0,-0.0,9999.0,0.0,101.30993247401959,0.0
lpJL9-mBNmk_00,240,5,1,307.7601541785421,3.141592653589793,-1.5707963267948966,1.9936502529278277,-1.5707963267948966,-0.25,0.0,0.0,-0.5,1_5,1.0,-0.2536501822851278,9999.0,90.00000000000001,155.77225468204637,0.5590169943749475
lpJL9-mBNmk_00,241,5,1,307.7601541785421,0.0,0.0,1.9936502529278277,-1.5707963267948966,0.0,0.0,0.0,0.0,1_5,1.0,-0.0,9999.0,0.0,155.77225468204637,0.0
lpJL9-mBNmk_00,242,5,1,307.7601541785421,0.0,0.0,1.8157749899217608,0.0,0.0,0.0,0.0,0.0,1_5,1.0,-0.0,9999.0,0.0,104.03624346792648,0.0
lpJL9-mBNmk_00,243,5,1,307.7601541785421,0.0,0.0,1.8157749899217608,0.0,0.0,0.0,0.0,0.0,1_5,1.0,-0.0,9999.0,0.0,104.03624346792648,0.0
lpJL9-mBNmk_00,244,5,1,307.7601541785421,0.0,0.0,1.8157749899217608,0.0,0.0,0.0,0.0,0.0,1_5,1.0,-0.0,9999.0,0.0,104.03624346792648,0.0
lpJL9-mBNmk_00,245,5,1,307.7601541785421,0.0,0.0,1.8157749899217608,0.0,0.0,0.0,0.0,0.0,1_5,1.0,-0.0,9999.0,0.0,104.03624346792648,0.0
lpJL9-mBNmk_00,246,5,1,307.7601541785421,0.0,0.0,2.3036114285813905,1.5707963267948966,0.0,0.0,0.0,0.0,1_5,1.0,-0.0,9999.0,0.0,41.987212495815925,0.0
lpJL9-mBNmk_00,247,5,1,307.51016243369907,0.0,0.0,2.0344439357957027,0.0,0.25,0.0,0.0,0.0,1_5,1.0,0.24999174484304376,1230.0812677905344,0.0,116.56505117707799,0.25
lpJL9-mBNmk_00,248,5,1,307.51016243369907,0.0,0.0,2.582993338246237,-1.5707963267948966,0.0,0.0,0.0,0.0,1_5,1.0,-0.0,9999.0,0.0,122.00538320808316,0.0
lpJL9-mBNmk_00,249,5,1,307.5146337981333,0.0,-1.5707963267948966,2.677945044588987,-1.5707963267948966,0.0,0.0,0.0,-0.5,1_5,1.0,-0.00447136443420959,9999.0,90.0,116.56505117707799,0.5
lpJL9-mBNmk_00,250,5,1,307.0101789843457,-1.5707963267948966,3.141592653589793,2.819842099193151,-2.356194490192345,0.0,-0.5,-0.5,0.0,1_5,1.0,0.5044548137875609,608.597976653734,90.00000000000001,63.43494882292201,0.7071067811865476
lpJL9-mBNmk_00,251,5,1,307.0036644732437,-1.5707963267948966,1.5707963267948966,-2.5535900500422253,-2.356194490192345,0.0,-0.5,0.0,0.5,1_5,1.0,0.006514511102011511,47126.12499477497,180.0,11.309932474020197,1.0
lpJL9-mBNmk_00,252,5,1,306.0102122478921,0.46364760900080615,-1.5707963267948966,-2.356194490192345,-1.5707963267948966,1.0,0.5,0.0,-0.5,1_5,1.0,0.9934522253515752,308.02710431253746,116.56505117707799,45.0,1.4142135623730951
lpJL9-mBNmk_00,253,5,1,307.0101789843457,3.141592653589793,0.0,-2.761086276477428,-2.356194490192345,-1.0,0.0,0.0,0.0,1_5,1.0,-0.9999667364535867,9999.0,180.0,23.19859051364819,1.0
lpJL9-mBNmk_00,254,5,1,307.0101789843457,0.0,0.0,-2.5535900500422253,-2.356194490192345,0.0,0.0,0.0,0.0,1_5,1.0,-0.0,9999.0,0.0,11.309932474020197,0.0
lpJL9-mBNmk_00,255,5,1,306.0102122478921,0.0,0.0,-0.7853981633974483,-2.356194490192345,1.0,0.0,0.0,0.0,1_5,1.0,0.9999667364535867,306.0203915713906,0.0,90.0,1.0
lpJL9-mBNmk_00,256,5,1,307.50365851482155,-2.677945044588987,0.7853981633974483,-1.5707963267948966,-0.7853981633974483,-1.0,-0.5,0.5,0.5,1_5,1.0,-1.4934462669294248,9999.0,161.565051177078,45.0,1.8027756377319946
lpJL9-mBNmk_00,257,5,1,307.50365851482155,0.0,0.0,-1.8157749899217608,-0.7853981633974483,0.0,0.0,0.0,0.0,1_5,1.0,-0.0,9999.0,0.0,59.03624346792648,0.0
lpJL9-mBNmk_00,258,5,1,307.50365851482155,0.0,0.0,-1.5707963267948966,-1.5707963267948966,0.0,0.0,0.0,0.0,1_5,1.0,-0.0,9999.0,0.0,0.0,0.0
lpJL9-mBNmk_00,259,5,1,307.50365851482155,0.0,0.0,-1.5707963267948966,-1.5707963267948966,0.0,0.0,0.0,0.0,1_5,1.0,-0.0,9999.0,0.0,0.0,0.0
lpJL9-mBNmk_00,260,5,1,307.5016260119611,0.0,1.5707963267948966,-1.3258176636680323,1.5707963267948966,0.0,0.0,0.0,0.5,1_5,1.0,0.0020325028604588624,151292.09999858934,90.0,165.96375653207352,0.5
lpJL9-mBNmk_00,261,5,1,307.50365851482155,0.0,-1.5707963267948966,-1.3258176636680323,0.0,0.0,0.0,0.0,-0.5,1_5,1.0,-0.0020325028604588624,9999.0,90.0,75.96375653207352,0.5
lpJL9-mBNmk_00,262,5,1,307.50365851482155,0.0,0.0,-1.3258176636680323,0.0,0.0,0.0,0.0,0.0,1_5,1.0,-0.0,9999.0,0.0,75.96375653207352,0.0
lpJL9-mBNmk_00,263,5,1,307.50365851482155,0.0,0.0,-1.3258176636680323,0.0,0.0,0.0,0.0,0.0,1_5,1.0,-0.0,9999.0,0.0,75.96375653207352,0.0
lpJL9-mBNmk_00,264,5,1,307.50365851482155,0.0,0.0,-1.3258176636680323,0.0,0.0,0.0,0.0,0.0,1_5,1.0,-0.0,9999.0,0.0,75.96375653207352,0.0
lpJL9-mBNmk_00,265,5,1,307.50365851482155,0.0,0.0,-1.3258176636680323,0.0,0.0,0.0,0.0,0.0,1_5,1.0,-0.0,9999.0,0.0,75.96375653207352,0.0
lpJL9-mBNmk_00,266,5,1,307.75365554287083,3.141592653589793,0.0,-1.5707963267948966,0.0,-0.25,0.0,0.0,0.0,1_5,1.0,-0.24999702804927892,9999.0,180.0,90.0,0.25
lpJL9-mBNmk_00,267,5,1,307.50365851482155,0.0,0.0,-1.5707963267948966,0.0,0.25,0.0,0.0,0.0,1_5,1.0,0.24999702804927892,1230.0292564046283,0.0,90.0,0.25
lpJL9-mBNmk_00,268,5,1,307.50365851482155,0.0,0.0,-1.5707963267948966,0.0,0.0,0.0,0.0,0.0,1_5,1.0,-0.0,9999.0,0.0,90.0,0.0
lpJL9-mBNmk_00,269,5,1,307.50365851482155,0.0,0.0,-1.5707963267948966,1.5707963267948966,0.0,0.0,0.0,0.0,1_5,1.0,-0.0,9999.0,0.0,180.0,0.0
lpJL9-mBNmk_00,270,5,1,307.50365851482155,0.0,0.0,-1.5707963267948966,0.7853981633974483,0.0,0.0,0.0,0.0,1_5,1.0,-0.0,9999.0,0.0,135.0,0.0
lpJL9-mBNmk_00,271,5,1,307.50365851482155,0.0,0.0,0.0,0.0,0.0,0.0,0.0,0.0,1_5,1.0,-0.0,9999.0,0.0,0.0,0.0
lpJL9-mBNmk_00,272,5,1,307.50365851482155,1.5707963267948966,1.5707963267948966,3.141592653589793,1.1071487177940904,0.0,0.5,0.0,0.5,1_5,1.0,-0.0,9999.0,0.0,116.56505117707799,0.0
lpJL9-mBNmk_00,273,5,1,307.50365851482155,0.0,0.0,0.0,1.1071487177940904,0.0,0.0,0.0,0.0,1_5,1.0,-0.0,9999.0,0.0,63.43494882292201,0.0
lpJL9-mBNmk_00,274,5,1,307.50365851482155,0.0,0.0,0.0,1.1071487177940904,0.0,0.0,0.0,0.0,1_5,1.0,-0.0,9999.0,0.0,63.43494882292201,0.0
lpJL9-mBNmk_00,275,5,1,307.50365851482155,0.0,0.0,3.141592653589793,1.1071487177940904,0.0,0.0,0.0,0.0,1_5,1.0,-0.0,9999.0,0.0,116.56505117707799,0.0
lpJL9-mBNmk_00,276,5,1,307.50365851482155,0.0,0.0,1.5707963267948966,1.5707963267948966,0.0,0.0,0.0,0.0,1_5,1.0,-0.0,9999.0,0.0,0.0,0.0
lpJL9-mBNmk_00,277,5,1,307.50365851482155,0.0,0.0,1.5707963267948966,1.5707963267948966,0.0,0.0,0.0,0.0,1_5,1.0,-0.0,9999.0,0.0,0.0,0.0
lpJL9-mBNmk_00,278,5,1,307.50365851482155,0.0,0.0,1.5707963267948966,1.5707963267948966,0.0,0.0,0.0,0.0,1_5,1.0,-0.0,9999.0,0.0,0.0,0.0
lpJL9-mBNmk_00,279,5,1,307.5016260119611,-1.5707963267948966,0.0,0.0,1.5707963267948966,0.0,-0.5,0.0,0.0,1_5,1.0,0.0020325028604588624,151292.09999858934,90.0,90.0,0.5
lpJL9-mBNmk_00,280,5,1,307.50365851482155,1.5707963267948966,0.0,1.5707963267948966,0.0,0.0,0.5,0.0,0.0,1_5,1.0,-0.0020325028604588624,9999.0,90.0,90.0,0.5
lpJL9-mBNmk_00,281,5,1,307.5016260119611,-1.5707963267948966,0.0,0.0,1.5707963267948966,0.0,-0.5,0.0,0.0,1_5,1.0,0.0020325028604588624,151292.09999858934,90.0,90.0,0.5
lpJL9-mBNmk_00,282,5,1,307.5016260119611,0.0,0.0,0.0,1.5707963267948966,0.0,0.0,0.0,0.0,1_5,1.0,-0.0,9999.0,0.0,90.0,0.0
lpJL9-mBNmk_00,283,5,1,307.5016260119611,0.0,0.0,0.0,1.5707963267948966,0.0,0.0,0.0,0.0,1_5,1.0,-0.0,9999.0,0.0,90.0,0.0
lpJL9-mBNmk_00,284,5,1,307.5016260119611,0.0,0.0,0.0,1.5707963267948966,0.0,0.0,0.0,0.0,1_5,1.0,-0.0,9999.0,0.0,90.0,0.0
lpJL9-mBNmk_00,285,5,1,307.5016260119611,0.0,0.0,0.0,1.5707963267948966,0.0,0.0,0.0,0.0,1_5,1.0,-0.0,9999.0,0.0,90.0,0.0
lpJL9-mBNmk_00,286,5,1,307.50365851482155,1.5707963267948966,0.0,1.1071487177940904,1.5707963267948966,0.0,0.5,0.0,0.0,1_5,1.0,-0.0020325028604588624,9999.0,90.0,26.565051177077994,0.5
lpJL9-mBNmk_00,287,5,1,307.50365851482155,0.0,0.0,1.5707963267948966,1.5707963267948966,0.0,0.0,0.0,0.0,1_5,1.0,-0.0,9999.0,0.0,0.0,0.0
lpJL9-mBNmk_00,288,5,1,307.50365851482155,0.0,0.0,1.5707963267948966,1.5707963267948966,0.0,0.0,0.0,0.0,1_5,1.0,-0.0,9999.0,0.0,0.0,0.0
lpJL9-mBNmk_00,289,5,1,307.5016260119611,-1.5707963267948966,0.0,0.0,1.5707963267948966,0.0,-0.5,0.0,0.0,1_5,1.0,0.0020325028604588624,151292.09999858934,90.0,90.0,0.5
lpJL9-mBNmk_00,290,5,1,307.5016260119611,0.0,0.0,0.0,1.5707963267948966,0.0,0.0,0.0,0.0,1_5,1.0,-0.0,9999.0,0.0,90.0,0.0
lpJL9-mBNmk_00,291,5,1,307.50365851482155,1.5707963267948966,0.0,1.5707963267948966,1.5707963267948966,0.0,0.5,0.0,0.0,1_5,1.0,-0.0020325028604588624,9999.0,90.0,0.0,0.5
lpJL9-mBNmk_00,292,5,1,307.5016260119611,-1.5707963267948966,0.0,-1.5707963267948966,0.0,0.0,-0.5,0.0,0.0,1_5,1.0,0.0020325028604588624,151292.09999858934,90.0,90.0,0.5
lpJL9-mBNmk_00,293,5,1,307.5016260119611,0.0,0.0,-1.5707963267948966,0.0,0.0,0.0,0.0,0.0,1_5,1.0,-0.0,9999.0,0.0,90.0,0.0
lpJL9-mBNmk_00,294,5,1,307.50365851482155,1.5707963267948966,0.0,0.0,0.0,0.0,0.5,0.0,0.0,1_5,1.0,-0.0020325028604588624,9999.0,90.0,0.0,0.5
lpJL9-mBNmk_00,295,5,1,307.5016260119611,-1.5707963267948966,0.0,-1.5707963267948966,0.0,0.0,-0.5,0.0,0.0,1_5,1.0,0.0020325028604588624,151292.09999858934,90.0,90.0,0.5
lpJL9-mBNmk_00,296,5,1,307.5016260119611,0.0,0.0,-1.5707963267948966,0.0,0.0,0.0,0.0,0.0,1_5,1.0,-0.0,9999.0,0.0,90.0,0.0
lpJL9-mBNmk_00,297,5,1,307.5016260119611,0.0,0.0,-1.5707963267948966,0.0,0.0,0.0,0.0,0.0,1_5,1.0,-0.0,9999.0,0.0,90.0,0.0
lpJL9-mBNmk_00,298,5,1,307.50365851482155,1.5707963267948966,0.0,0.0,0.0,0.0,0.5,0.0,0.0,1_5,1.0,-0.0020325028604588624,9999.0,90.0,0.0,0.5
lpJL9-mBNmk_00,299,5,1,307.50365851482155,0.0,0.0,1.5707963267948966,0.0,0.0,0.0,0.0,0.0,1_5,1.0,-0.0,9999.0,0.0,90.0,0.0
lpJL9-mBNmk_00,300,5,1,307.5016260119611,-1.5707963267948966,0.0,-1.5707963267948966,0.0,0.0,-0.5,0.0,0.0,1_5,1.0,0.0020325028604588624,151292.09999858934,90.0,90.0,0.5
lpJL9-mBNmk_00,301,5,1,307.5016260119611,0.0,0.0,0.0,0.0,0.0,0.0,0.0,0.0,1_5,1.0,-0.0,9999.0,0.0,0.0,0.0
lpJL9-mBNmk_00,302,5,1,307.5016260119611,0.0,0.0,0.0,0.0,0.0,0.0,0.0,0.0,1_5,1.0,-0.0,9999.0,0.0,0.0,0.0
lpJL9-mBNmk_00,303,5,1,307.5016260119611,0.0,0.0,0.0,0.0,0.0,0.0,0.0,0.0,1_5,1.0,-0.0,9999.0,0.0,0.0,0.0
lpJL9-mBNmk_00,304,5,1,307.5016260119611,0.0,0.0,0.0,0.0,0.0,0.0,0.0,0.0,1_5,1.0,-0.0,9999.0,0.0,0.0,0.0
lpJL9-mBNmk_00,305,5,1,307.5016260119611,0.0,0.0,0.0,0.0,0.0,0.0,0.0,0.0,1_5,1.0,-0.0,9999.0,0.0,0.0,0.0
lpJL9-mBNmk_00,306,5,1,307.5016260119611,0.0,0.0,-1.5707963267948966,0.0,0.0,0.0,0.0,0.0,1_5,1.0,-0.0,9999.0,0.0,90.0,0.0
lpJL9-mBNmk_00,307,5,1,307.5016260119611,0.0,0.0,-1.5707963267948966,0.0,0.0,0.0,0.0,0.0,1_5,1.0,-0.0,9999.0,0.0,90.0,0.0
lpJL9-mBNmk_00,308,5,1,307.5016260119611,0.0,0.0,-1.5707963267948966,0.0,0.0,0.0,0.0,0.0,1_5,1.0,-0.0,9999.0,0.0,90.0,0.0
lpJL9-mBNmk_00,309,5,1,307.5016260119611,0.0,0.0,0.0,0.0,0.0,0.0,0.0,0.0,1_5,1.0,-0.0,9999.0,0.0,0.0,0.0
lpJL9-mBNmk_00,310,5,1,307.5016260119611,0.0,0.0,0.0,0.0,0.0,0.0,0.0,0.0,1_5,1.0,-0.0,9999.0,0.0,0.0,0.0
lpJL9-mBNmk_00,311,5,1,307.5016260119611,0.0,0.0,-1.5707963267948966,0.0,0.0,0.0,0.0,0.0,1_5,1.0,-0.0,9999.0,0.0,90.0,0.0
lpJL9-mBNmk_00,312,5,1,307.5016260119611,0.0,0.0,0.0,0.0,0.0,0.0,0.0,0.0,1_5,1.0,-0.0,9999.0,0.0,0.0,0.0
lpJL9-mBNmk_00,313,5,1,307.5016260119611,0.0,0.0,0.0,0.0,0.0,0.0,0.0,0.0,1_5,1.0,-0.0,9999.0,0.0,0.0,0.0
lpJL9-mBNmk_00,314,5,1,307.5016260119611,0.0,0.0,-1.5707963267948966,0.0,0.0,0.0,0.0,0.0,1_5,1.0,-0.0,9999.0,0.0,90.0,0.0
lpJL9-mBNmk_00,315,5,1,307.5016260119611,0.0,0.0,0.0,0.0,0.0,0.0,0.0,0.0,1_5,1.0,-0.0,9999.0,0.0,0.0,0.0
lpJL9-mBNmk_00,316,5,1,307.5016260119611,0.0,0.0,0.0,0.0,0.0,0.0,0.0,0.0,1_5,1.0,-0.0,9999.0,0.0,0.0,0.0
lpJL9-mBNmk_00,317,5,1,307.5016260119611,0.0,0.0,0.0,0.0,0.0,0.0,0.0,0.0,1_5,1.0,-0.0,9999.0,0.0,0.0,0.0
lpJL9-mBNmk_00,318,5,1,307.5016260119611,0.0,0.0,-1.5707963267948966,0.0,0.0,0.0,0.0,0.0,1_5,1.0,-0.0,9999.0,0.0,90.0,0.0
lpJL9-mBNmk_00,319,5,1,307.5016260119611,0.0,0.0,-1.5707963267948966,0.0,0.0,0.0,0.0,0.0,1_5,1.0,-0.0,9999.0,0.0,90.0,0.0
lpJL9-mBNmk_00,320,5,1,307.5016260119611,0.0,0.0,0.0,0.0,0.0,0.0,0.0,0.0,1_5,1.0,-0.0,9999.0,0.0,0.0,0.0
lpJL9-mBNmk_00,321,5,1,307.5016260119611,0.0,0.0,0.0,0.0,0.0,0.0,0.0,0.0,1_5,1.0,-0.0,9999.0,0.0,0.0,0.0
lpJL9-mBNmk_00,322,5,1,307.5016260119611,0.0,0.0,0.0,0.0,0.0,0.0,0.0,0.0,1_5,1.0,-0.0,9999.0,0.0,0.0,0.0
lpJL9-mBNmk_00,323,5,1,307.5016260119611,0.0,0.0,0.0,0.0,0.0,0.0,0.0,0.0,1_5,1.0,-0.0,9999.0,0.0,0.0,0.0
lpJL9-mBNmk_00,324,5,1,307.8016244271625,3.141592653589793,0.0,3.141592653589793,0.0,-0.30000000000001137,0.0,0.0,0.0,1_5,1.0,-0.2999984152014008,9999.0,180.0,180.0,0.30000000000001137
lpJL9-mBNmk_00,325,5,1,307.5016260119611,0.0,0.0,0.0,0.0,0.30000000000001137,0.0,0.0,0.0,1_5,1.0,0.2999984152014008,1025.0108348256542,0.0,0.0,0.30000000000001137
lpJL9-mBNmk_00,326,5,1,307.5016260119611,0.0,0.0,0.0,0.0,0.0,0.0,0.0,0.0,1_5,1.0,-0.0,9999.0,0.0,0.0,0.0
lpJL9-mBNmk_00,327,5,1,307.5016260119611,0.0,0.0,0.0,0.0,0.0,0.0,0.0,0.0,1_5,1.0,-0.0,9999.0,0.0,0.0,0.0
lpJL9-mBNmk_00,328,5,1,307.5016260119611,0.0,0.0,0.0,0.0,0.0,0.0,0.0,0.0,1_5,1.0,-0.0,9999.0,0.0,0.0,0.0
lpJL9-mBNmk_00,329,5,1,307.5016260119611,0.0,0.0,0.0,0.0,0.0,0.0,0.0,0.0,1_5,1.0,-0.0,9999.0,0.0,0.0,0.0
lpJL9-mBNmk_00,330,5,1,307.5016260119611,0.0,0.0,0.0,0.0,0.0,0.0,0.0,0.0,1_5,1.0,-0.0,9999.0,0.0,0.0,0.0
lpJL9-mBNmk_00,331,5,1,307.5016260119611,0.0,0.0,0.0,0.0,0.0,0.0,0.0,0.0,1_5,1.0,-0.0,9999.0,0.0,0.0,0.0
lpJL9-mBNmk_00,332,5,1,307.5016260119611,0.0,0.0,0.0,0.0,0.0,0.0,0.0,0.0,1_5,1.0,-0.0,9999.0,0.0,0.0,0.0
lpJL9-mBNmk_00,333,5,1,307.5016260119611,0.0,0.0,0.0,0.0,0.0,0.0,0.0,0.0,1_5,1.0,-0.0,9999.0,0.0,0.0,0.0
lpJL9-mBNmk_00,334,5,1,307.5016260119611,0.0,0.0,0.0,0.0,0.0,0.0,0.0,0.0,1_5,1.0,-0.0,9999.0,0.0,0.0,0.0
lpJL9-mBNmk_00,335,5,1,307.5016260119611,0.0,0.0,0.0,0.0,0.0,0.0,0.0,0.0,1_5,1.0,-0.0,9999.0,0.0,0.0,0.0
lpJL9-mBNmk_00,336,5,1,307.50365851482155,1.5707963267948966,0.0,1.5707963267948966,0.0,0.0,0.5,0.0,0.0,1_5,1.0,-0.0020325028604588624,9999.0,90.0,90.0,0.5
lpJL9-mBNmk_00,337,5,1,307.50365851482155,0.0,0.0,1.5707963267948966,0.0,0.0,0.0,0.0,0.0,1_5,1.0,-0.0,9999.0,0.0,90.0,0.0
lpJL9-mBNmk_00,338,5,1,307.50365851482155,0.0,0.0,1.5707963267948966,0.0,0.0,0.0,0.0,0.0,1_5,1.0,-0.0,9999.0,0.0,90.0,0.0
lpJL9-mBNmk_00,339,5,1,307.50365851482155,0.0,0.0,1.5707963267948966,0.0,0.0,0.0,0.0,0.0,1_5,1.0,-0.0,9999.0,0.0,90.0,0.0
lpJL9-mBNmk_00,340,5,1,307.50365851482155,0.0,0.0,1.5707963267948966,0.0,0.0,0.0,0.0,0.0,1_5,1.0,-0.0,9999.0,0.0,90.0,0.0
lpJL9-mBNmk_00,341,5,1,307.50365851482155,0.0,0.0,1.5707963267948966,0.0,0.0,0.0,0.0,0.0,1_5,1.0,-0.0,9999.0,0.0,90.0,0.0
lpJL9-mBNmk_00,342,5,1,307.50365851482155,0.0,0.0,1.5707963267948966,0.0,0.0,0.0,0.0,0.0,1_5,1.0,-0.0,9999.0,0.0,90.0,0.0
lpJL9-mBNmk_00,343,5,1,307.50365851482155,0.0,0.0,1.5707963267948966,0.0,0.0,0.0,0.0,0.0,1_5,1.0,-0.0,9999.0,0.0,90.0,0.0
lpJL9-mBNmk_00,344,5,1,307.50365851482155,0.0,0.0,1.0303768265242956,0.0,0.0,0.0,0.0,0.0,1_5,1.0,-0.0,9999.0,0.0,59.036243467925516,0.0
lpJL9-mBNmk_00,345,5,1,307.50365851482155,0.0,0.0,1.5707963267948966,0.0,0.0,0.0,0.0,0.0,1_5,1.0,-0.0,9999.0,0.0,90.0,0.0
lpJL9-mBNmk_00,346,5,1,307.506503996257,0.0,-1.5707963267948966,1.5707963267948966,-1.5707963267948966,0.0,0.0,0.0,-0.5,1_5,1.0,-0.0028454814354290647,9999.0,90.0,180.0,0.5
lpJL9-mBNmk_00,347,5,1,307.506503996257,0.0,0.0,1.5707963267948966,-1.5707963267948966,0.0,0.0,0.0,0.0,1_5,1.0,-0.0,9999.0,0.0,180.0,0.0
lpJL9-mBNmk_00,348,5,1,307.506503996257,0.0,0.0,1.5707963267948966,-1.5707963267948966,0.0,0.0,0.0,0.0,1_5,1.0,-0.0,9999.0,0.0,180.0,0.0
lpJL9-mBNmk_00,349,5,1,307.506503996257,0.0,0.0,1.5707963267948966,-1.5707963267948966,0.0,0.0,0.0,0.0,1_5,1.0,-0.0,9999.0,0.0,180.0,0.0
lpJL9-mBNmk_00,350,5,1,307.306508229162,0.0,0.0,1.1902899496825512,-1.5707963267948966,0.19999999999998863,0.0,0.0,0.0,1_5,1.0,0.19999576709500388,1536.565061815445,0.0,158.1985905136493,0.19999999999998863
lpJL9-mBNmk_00,351,5,1,307.306508229162,0.0,0.0,1.1902899496825512,-1.5707963267948966,0.0,0.0,0.0,0.0,1_5,1.0,-0.0,9999.0,0.0,158.1985905136493,0.0
lpJL9-mBNmk_00,352,5,1,307.306508229162,0.0,0.0,1.1902899496825512,-1.5707963267948966,0.0,0.0,0.0,0.0,1_5,1.0,-0.0,9999.0,0.0,158.1985905136493,0.0
lpJL9-mBNmk_00,353,5,1,307.306508229162,0.0,0.0,1.1902899496825512,-1.5707963267948966,0.0,0.0,0.0,0.0,1_5,1.0,-0.0,9999.0,0.0,158.1985905136493,0.0
lpJL9-mBNmk_00,354,5,1,306.51019558898855,0.5585993153435561,0.0,0.7853981633974483,-1.5707963267948966,0.8000000000000114,0.5,0.0,0.0,1_5,1.0,0.7963126401734257,384.9118802412014,32.00538320808313,135.0,0.94339811320567
lpJL9-mBNmk_00,355,5,1,306.51019558898855,0.0,0.0,0.7853981633974483,-1.5707963267948966,0.0,0.0,0.0,0.0,1_5,1.0,-0.0,9999.0,0.0,135.0,0.0
lpJL9-mBNmk_00,356,5,1,306.5065252160221,-1.5707963267948966,0.0,0.0,-1.5707963267948966,0.0,-0.5,0.0,0.0,1_5,1.0,0.0036703729664395723,83508.2777741106,90.0,90.0,0.5
lpJL9-mBNmk_00,357,5,1,306.51019558898855,1.5707963267948966,0.0,0.46364760900080615,-1.5707963267948966,0.0,0.5,0.0,0.0,1_5,1.0,-0.0036703729664395723,9999.0,90.0,116.56505117707799,0.5
lpJL9-mBNmk_00,358,5,1,306.51019558898855,0.0,0.0,0.46364760900080615,-1.5707963267948966,0.0,0.0,0.0,0.0,1_5,1.0,-0.0,9999.0,0.0,116.56505117707799,0.0
lpJL9-mBNmk_00,359,5,1,307.0101789843457,3.141592653589793,0.0,0.7853981633974483,-1.5707963267948966,-0.5,0.0,0.0,0.0,1_5,1.0,-0.4999833953571624,9999.0,180.0,135.0,0.5
lpJL9-mBNmk_00,360,5,1,307.506503996257,3.141592653589793,1.5707963267948966,1.5707963267948966,0.0,-0.5,0.0,0.0,0.5,1_5,1.0,-0.4963250119112672,9999.0,90.0,90.0,0.7071067811865476
lpJL9-mBNmk_00,361,5,1,307.506503996257,0.0,0.0,1.5707963267948966,0.0,0.0,0.0,0.0,0.0,1_5,1.0,-0.0,9999.0,0.0,90.0,0.0
lpJL9-mBNmk_00,362,5,1,307.506503996257,0.0,0.0,1.5707963267948966,0.0,0.0,0.0,0.0,0.0,1_5,1.0,-0.0,9999.0,0.0,90.0,0.0
lpJL9-mBNmk_00,363,5,1,307.506503996257,0.0,0.0,1.5707963267948966,0.0,0.0,0.0,0.0,0.0,1_5,1.0,-0.0,9999.0,0.0,90.0,0.0
lpJL9-mBNmk_00,364,5,1,307.506503996257,0.0,0.0,1.5707963267948966,0.0,0.0,0.0,0.0,0.0,1_5,1.0,-0.0,9999.0,0.0,90.0,0.0
lpJL9-mBNmk_00,365,5,1,307.506503996257,0.0,0.0,1.5707963267948966,0.0,0.0,0.0,0.0,0.0,1_5,1.0,-0.0,9999.0,0.0,90.0,0.0
lpJL9-mBNmk_00,366,5,1,307.506503996257,0.0,0.0,1.5707963267948966,1.5707963267948966,0.0,0.0,0.0,0.0,1_5,1.0,-0.0,9999.0,0.0,0.0,0.0
lpJL9-mBNmk_00,367,5,1,307.2565092882493,0.0,0.0,1.1071487177940904,1.5707963267948966,0.25,0.0,0.0,0.0,1_5,1.0,0.24999470800770496,1229.0520536889903,0.0,26.565051177077994,0.25
lpJL9-mBNmk_00,368,5,1,307.2565092882493,0.0,0.0,1.1071487177940904,1.5707963267948966,0.0,0.0,0.0,0.0,1_5,1.0,-0.0,9999.0,0.0,26.565051177077994,0.0
lpJL9-mBNmk_00,369,5,1,307.2565092882493,0.0,0.0,1.1071487177940904,1.5707963267948966,0.0,0.0,0.0,0.0,1_5,1.0,-0.0,9999.0,0.0,26.565051177077994,0.0
lpJL9-mBNmk_00,370,5,1,307.2565092882493,0.0,0.0,1.471127674303712,1.5707963267948966,0.0,0.0,0.0,0.0,1_5,1.0,-0.0,9999.0,0.0,5.710593137500933,0.0
lpJL9-mBNmk_00,371,5,1,307.2565092882493,0.0,0.0,1.471127674303712,1.5707963267948966,0.0,0.0,0.0,0.0,1_5,1.0,-0.0,9999.0,0.0,5.710593137500933,0.0
lpJL9-mBNmk_00,372,5,1,307.2565092882493,0.0,0.0,1.471127674303712,1.5707963267948966,0.0,0.0,0.0,0.0,1_5,1.0,-0.0,9999.0,0.0,5.710593137500933,0.0
lpJL9-mBNmk_00,373,5,1,307.2565092882493,0.0,0.0,1.471127674303712,1.5707963267948966,0.0,0.0,0.0,0.0,1_5,1.0,-0.0,9999.0,0.0,5.710593137500933,0.0
lpJL9-mBNmk_00,374,5,1,307.2565092882493,0.0,0.0,3.141592653589793,1.5707963267948966,0.0,0.0,0.0,0.0,1_5,1.0,-0.0,9999.0,0.0,90.0,0.0
lpJL9-mBNmk_00,375,5,1,307.2565092882493,0.0,0.0,3.141592653589793,1.5707963267948966,0.0,0.0,0.0,0.0,1_5,1.0,-0.0,9999.0,0.0,90.0,0.0
lpJL9-mBNmk_00,376,5,1,307.2565092882493,0.0,0.0,2.5535900500422253,1.5707963267948966,0.0,0.0,0.0,0.0,1_5,1.0,-0.0,9999.0,0.0,56.309932474020194,0.0
lpJL9-mBNmk_00,377,5,1,307.2565092882493,0.0,0.0,3.141592653589793,1.5707963267948966,0.0,0.0,0.0,0.0,1_5,1.0,-0.0,9999.0,0.0,90.0,0.0
lpJL9-mBNmk_00,378,5,1,307.506503996257,3.141592653589793,0.0,3.141592653589793,1.5707963267948966,-0.25,0.0,0.0,0.0,1_5,1.0,-0.24999470800770496,9999.0,180.0,90.0,0.25
lpJL9-mBNmk_00,379,5,1,307.506503996257,0.0,0.0,3.141592653589793,1.5707963267948966,0.0,0.0,0.0,0.0,1_5,1.0,-0.0,9999.0,0.0,90.0,0.0
lpJL9-mBNmk_00,380,5,1,307.506503996257,0.0,0.0,0.0,0.0,0.0,0.0,0.0,0.0,1_5,1.0,-0.0,9999.0,0.0,0.0,0.0
lpJL9-mBNmk_00,381,5,1,307.506503996257,0.0,0.0,0.0,0.0,0.0,0.0,0.0,0.0,1_5,1.0,-0.0,9999.0,0.0,0.0,0.0
lpJL9-mBNmk_00,382,5,1,307.506503996257,0.0,0.0,0.0,0.0,0.0,0.0,0.0,0.0,1_5,1.0,-0.0,9999.0,0.0,0.0,0.0
lpJL9-mBNmk_00,383,5,1,307.506503996257,0.0,0.0,0.0,0.0,0.0,0.0,0.0,0.0,1_5,1.0,-0.0,9999.0,0.0,0.0,0.0
lpJL9-mBNmk_00,384,5,1,307.0101789843457,0.0,-1.5707963267948966,0.0,-1.5707963267948966,0.5,0.0,0.0,-0.5,1_5,1.0,0.4963250119112672,618.5668092810782,90.0,90.0,0.7071067811865476
lpJL9-mBNmk_00,385,5,1,307.0101789843457,0.0,0.0,0.0,-1.5707963267948966,0.0,0.0,0.0,0.0,1_5,1.0,-0.0,9999.0,0.0,90.0,0.0
lpJL9-mBNmk_00,386,5,1,307.00651458886017,0.0,1.5707963267948966,0.0,0.0,0.0,0.0,0.0,0.5,1_5,1.0,0.0036643954855435368,83780.94444227876,90.0,0.0,0.5
lpJL9-mBNmk_00,387,5,1,307.00651458886017,0.0,0.0,0.0,0.0,0.0,0.0,0.0,0.0,1_5,1.0,-0.0,9999.0,0.0,0.0,0.0
lpJL9-mBNmk_00,388,5,1,307.00651458886017,0.0,0.0,0.0,0.0,0.0,0.0,0.0,0.0,1_5,1.0,-0.0,9999.0,0.0,0.0,0.0
lpJL9-mBNmk_00,389,5,1,307.00651458886017,0.0,0.0,0.0,0.0,0.0,0.0,0.0,0.0,1_5,1.0,-0.0,9999.0,0.0,0.0,0.0
lpJL9-mBNmk_00,390,5,1,306.5065252160221,0.0,0.0,0.0,0.0,0.5,0.0,0.0,0.0,1_5,1.0,0.49998937283805844,613.026079886895,0.0,0.0,0.5
lpJL9-mBNmk_00,391,5,1,306.00653587791226,0.0,3.141592653589793,0.0,3.141592653589793,0.0,0.0,-0.5,0.0,1_5,1.0,0.4999893381098559,612.0261224663906,180.0,180.0,0.5
lpJL9-mBNmk_00,392,5,1,306.00653587791226,0.0,0.0,0.0,3.141592653589793,0.0,0.0,0.0,0.0,1_5,1.0,-0.0,9999.0,0.0,180.0,0.0
lpJL9-mBNmk_00,393,5,1,306.00653587791226,0.0,0.0,0.0,3.141592653589793,0.0,0.0,0.0,0.0,1_5,1.0,-0.0,9999.0,0.0,180.0,0.0
lpJL9-mBNmk_00,394,5,1,306.5065252160221,3.141592653589793,0.0,0.0,3.141592653589793,-0.5,0.0,0.0,0.0,1_5,1.0,-0.4999893381098559,9999.0,180.0,180.0,0.5
lpJL9-mBNmk_00,395,5,1,306.00653587791226,0.0,0.0,0.0,3.141592653589793,0.5,0.0,0.0,0.0,1_5,1.0,0.4999893381098559,612.0261224663906,0.0,180.0,0.5
lpJL9-mBNmk_00,396,5,1,306.00653587791226,0.0,0.0,0.0,3.141592653589793,0.0,0.0,0.0,0.0,1_5,1.0,-0.0,9999.0,0.0,180.0,0.0
lpJL9-mBNmk_00,397,5,1,306.00653587791226,0.0,0.0,0.0,3.141592653589793,0.0,0.0,0.0,0.0,1_5,1.0,-0.0,9999.0,0.0,180.0,0.0
lpJL9-mBNmk_00,398,5,1,306.80651883556845,3.141592653589793,0.0,0.0,0.0,-0.30000000000001137,0.0,0.5,0.0,1_5,1.0,-0.7999829576561979,9999.0,180.0,0.0,0.8000000000000114
lpJL9-mBNmk_00,399,5,1,306.30652947660127,0.0,3.141592653589793,0.0,3.141592653589793,0.0,0.0,-0.5,0.0,1_5,1.0,0.4999893589671842,612.6260969020044,180.0,180.0,0.5
lpJL9-mBNmk_00,400,5,1,306.80651883556845,0.0,0.0,0.0,0.0,0.0,0.0,0.5,0.0,1_5,1.0,-0.4999893589671842,9999.0,0.0,0.0,0.5
lpJL9-mBNmk_00,401,5,1,306.51019558898855,3.141592653589793,-2.356194490192345,0.0,-2.356194490192345,-0.19999999999998863,0.0,-0.5,-0.5,1_5,1.0,0.2963232465799024,1034.3778259946248,45.00000000000001,135.0,0.5830951894845359
lpJL9-mBNmk_00,402,5,1,306.51468154070534,0.0,-0.7853981633974483,0.0,-1.5707963267948966,0.5,0.0,0.5,-0.5,1_5,1.0,-0.004485951716787895,9999.0,45.0,90.0,0.5
lpJL9-mBNmk_00,403,5,1,306.2646935250618,0.0,0.0,0.0,-1.5707963267948966,0.25,0.0,0.0,0.0,1_5,1.0,0.24998801564356654,1225.1175030795662,0.0,90.0,0.25
lpJL9-mBNmk_00,404,5,1,307.01465763054375,3.141592653589793,0.0,0.0,-1.5707963267948966,-0.75,0.0,0.0,0.0,1_5,1.0,-0.749964105481979,9999.0,180.0,90.0,0.75
lpJL9-mBNmk_00,405,5,1,307.01465763054375,0.0,0.0,0.0,-1.5707963267948966,0.0,0.0,0.0,0.0,1_5,1.0,-0.0,9999.0,0.0,90.0,0.0
lpJL9-mBNmk_00,406,5,1,306.01470552899906,0.0,0.0,0.0,-1.5707963267948966,1.0,0.0,0.0,0.0,1_5,1.0,0.999952101544693,306.02936386280663,0.0,90.0,1.0
lpJL9-mBNmk_00,407,5,1,306.2699993469814,2.0344439357957027,0.0,0.5880026035475676,-1.5707963267948966,-0.25,0.5,0.0,0.0,1_5,1.0,-0.2552938179823627,9999.0,116.56505117707799,123.6900675259798,0.5590169943749475
lpJL9-mBNmk_00,408,5,1,306.2699993469814,0.0,0.0,0.5880026035475676,-1.5707963267948966,0.0,0.0,0.0,0.0,1_5,1.0,-0.0,9999.0,0.0,123.6900675259798,0.0
lpJL9-mBNmk_00,409,5,1,306.2646935250618,0.0,1.5707963267948966,0.5880026035475676,-1.5707963267948966,0.0,0.0,0.0,0.5,1_5,1.0,0.005305821919648679,57722.38461130653,90.0,123.6900675259798,0.5
lpJL9-mBNmk_00,410,5,1,306.01470552899906,0.0,0.0,0.7853981633974483,-1.5707963267948966,0.25,0.0,0.0,0.0,1_5,1.0,0.24998799606271405,1224.1175990395543,0.0,135.0,0.25
lpJL9-mBNmk_00,411,5,1,306.02001568524895,0.0,-1.5707963267948966,0.7853981633974483,-1.1071487177940904,0.0,0.0,0.0,-0.5,1_5,1.0,-0.005310156249890952,9999.0,90.0,108.43494882292201,0.5
lpJL9-mBNmk_00,412,5,1,306.02001568524895,0.0,0.0,0.7853981633974483,-1.1071487177940904,0.0,0.0,0.0,0.0,1_5,1.0,-0.0,9999.0,0.0,108.43494882292201,0.0
lpJL9-mBNmk_00,413,5,1,306.2699993469814,2.0344439357957027,1.5707963267948966,1.3258176636680323,-0.7853981633974483,-0.25,0.5,0.0,0.5,1_5,1.0,-0.24998366173247177,9999.0,26.565051177077994,120.96375653207352,0.25
lpJL9-mBNmk_00,414,5,1,306.51998303536425,-2.0344439357957027,-1.5707963267948966,0.7853981633974483,-1.1071487177940904,-0.25,-0.5,0.0,-0.5,1_5,1.0,-0.24998368838282659,9999.0,26.565051177077994,108.43494882292201,0.25
lpJL9-mBNmk_00,415,5,1,306.51998303536425,0.0,0.0,1.5707963267948966,-1.1071487177940904,0.0,0.0,0.0,0.0,1_5,1.0,-0.0,9999.0,0.0,153.434948822922,0.0
lpJL9-mBNmk_00,416,5,1,306.2699993469814,0.0,0.0,1.1071487177940904,-1.1071487177940904,0.25,0.0,0.0,0.0,1_5,1.0,0.24998368838282659,1225.159934747253,0.0,126.86989764584402,0.25
lpJL9-mBNmk_00,417,5,1,306.51468154070534,3.141592653589793,1.5707963267948966,1.5707963267948966,-0.7853981633974483,-0.25,0.0,0.0,0.5,1_5,1.0,-0.24468219372391786,9999.0,90.0,135.0,0.5590169943749475
lpJL9-mBNmk_00,418,5,1,306.51468154070534,0.0,0.0,1.0303768265242956,-1.5707963267948966,0.0,0.0,0.0,0.0,1_5,1.0,-0.0,9999.0,0.0,149.03624346792552,0.0
lpJL9-mBNmk_00,419,5,1,306.51998303536425,0.0,-1.5707963267948966,1.0303768265242956,-1.1071487177940904,0.0,0.0,0.0,-0.5,1_5,1.0,-0.005301494658908723,9999.0,90.0,122.47119229084753,0.5
lpJL9-mBNmk_00,420,5,1,306.51998303536425,0.0,0.0,1.0303768265242956,-1.5707963267948966,0.0,0.0,0.0,0.0,1_5,1.0,-0.0,9999.0,0.0,149.03624346792552,0.0
lpJL9-mBNmk_00,421,5,1,306.51998303536425,0.0,0.0,0.7853981633974483,-0.7853981633974483,0.0,0.0,0.0,0.0,1_5,1.0,-0.0,9999.0,0.0,90.0,0.0
lpJL9-mBNmk_00,422,5,1,306.51998303536425,0.0,0.0,1.5707963267948966,0.0,0.0,0.0,0.0,0.0,1_5,1.0,-0.0,9999.0,0.0,90.0,0.0
lpJL9-mBNmk_00,423,5,1,306.51998303536425,0.0,0.0,2.0344439357957027,0.0,0.0,0.0,0.0,0.0,1_5,1.0,-0.0,9999.0,0.0,116.56505117707799,0.0
lpJL9-mBNmk_00,424,5,1,306.51998303536425,0.0,0.0,0.7853981633974483,0.0,0.0,0.0,0.0,0.0,1_5,1.0,-0.0,9999.0,0.0,45.0,0.0
lpJL9-mBNmk_00,425,5,1,306.51468154070534,-1.5707963267948966,0.0,0.0,0.0,0.0,-0.5,0.0,0.0,1_5,1.0,0.005301494658908723,57816.65384225801,90.0,0.0,0.5
lpJL9-mBNmk_00,426,5,1,306.51468154070534,0.0,0.0,3.141592653589793,0.0,0.0,0.0,0.0,0.0,1_5,1.0,-0.0,9999.0,0.0,180.0,0.0
lpJL9-mBNmk_00,427,5,1,306.51998303536425,1.5707963267948966,0.0,3.141592653589793,0.0,0.0,0.5,0.0,0.0,1_5,1.0,-0.005301494658908723,9999.0,90.0,180.0,0.5
lpJL9-mBNmk_00,428,5,1,306.51998303536425,0.0,0.0,3.141592653589793,0.0,0.0,0.0,0.0,0.0,1_5,1.0,-0.0,9999.0,0.0,180.0,0.0
lpJL9-mBNmk_00,429,5,1,306.51998303536425,0.0,0.0,3.141592653589793,-1.5707963267948966,0.0,0.0,0.0,0.0,1_5,1.0,-0.0,9999.0,0.0,90.00000000000001,0.0
lpJL9-mBNmk_00,430,5,1,306.51998303536425,0.0,0.0,3.141592653589793,-1.5707963267948966,0.0,0.0,0.0,0.0,1_5,1.0,-0.0,9999.0,0.0,90.00000000000001,0.0
lpJL9-mBNmk_00,431,5,1,306.51998303536425,0.0,0.0,3.141592653589793,0.0,0.0,0.0,0.0,0.0,1_5,1.0,-0.0,9999.0,0.0,180.0,0.0
lpJL9-mBNmk_00,432,5,1,306.2646935250618,-1.1071487177940904,0.0,-2.0344439357957027,0.0,0.25,-0.5,0.0,0.0,1_5,1.0,0.25528951030247526,1199.6759802711417,63.43494882292201,116.56505117707799,0.5590169943749475
lpJL9-mBNmk_00,433,5,1,306.51468154070534,3.141592653589793,0.0,-1.8157749899217608,-1.5707963267948966,-0.25,0.0,0.0,0.0,1_5,1.0,-0.24998801564356654,9999.0,180.0,14.036243467926486,0.25
lpJL9-mBNmk_00,434,5,1,306.51998303536425,1.5707963267948966,0.0,0.0,0.0,0.0,0.5,0.0,0.0,1_5,1.0,-0.005301494658908723,9999.0,90.0,0.0,0.5
lpJL9-mBNmk_00,435,5,1,306.5261000306499,0.0,-1.5707963267948966,0.0,-1.5707963267948966,0.0,0.0,0.0,-0.5,1_5,1.0,-0.006116995285651683,9999.0,90.0,90.0,0.5
lpJL9-mBNmk_00,436,5,1,306.51998303536425,0.0,1.5707963267948966,3.141592653589793,0.0,0.0,0.0,0.0,0.5,1_5,1.0,0.006116995285651683,50109.5666616504,90.0,180.0,0.5
lpJL9-mBNmk_00,437,5,1,307.0199504918206,3.141592653589793,0.0,3.141592653589793,-1.5707963267948966,-0.5,0.0,0.0,0.0,1_5,1.0,-0.49996745645637475,9999.0,180.0,90.00000000000001,0.5
lpJL9-mBNmk_00,438,5,1,307.0199504918206,0.0,0.0,3.141592653589793,-1.5707963267948966,0.0,0.0,0.0,0.0,1_5,1.0,-0.0,9999.0,0.0,90.00000000000001,0.0
lpJL9-mBNmk_00,439,5,1,307.5199180540994,0.0,0.0,3.141592653589793,0.0,0.0,0.0,0.5,0.0,1_5,1.0,-0.49996756227875494,9999.0,0.0,180.0,0.5
lpJL9-mBNmk_00,444,5,1,307.0101789843457,0.0,2.0344439357957027,3.141592653589793,1.5707963267948966,0.0,0.0,-0.5,1.0,1_5,5.0,0.10194781395073278,3011.44445463746,116.56505117707799,90.0,0.223606797749979
lpJL9-mBNmk_00,445,5,1,307.0036644732437,-1.5707963267948966,1.5707963267948966,3.141592653589793,1.5707963267948966,0.0,-0.5,0.0,0.5,1_5,1.0,0.006514511102011511,47126.12499477497,180.0,90.0,1.0
lpJL9-mBNmk_00,446,5,1,307.0101789843457,1.5707963267948966,-1.5707963267948966,2.356194490192345,1.5707963267948966,0.0,0.5,0.0,-0.5,1_5,1.0,-0.006514511102011511,9999.0,180.0,45.0,1.0
lpJL9-mBNmk_00,447,5,1,307.0101789843457,0.0,0.0,3.141592653589793,1.5707963267948966,0.0,0.0,0.0,0.0,1_5,1.0,-0.0,9999.0,0.0,90.0,0.0
lpJL9-mBNmk_00,448,5,1,307.0101789843457,0.0,0.0,3.141592653589793,1.5707963267948966,0.0,0.0,0.0,0.0,1_5,1.0,-0.0,9999.0,0.0,90.0,0.0
lpJL9-mBNmk_00,449,5,1,306.51019558898855,0.0,0.0,0.0,1.5707963267948966,0.5,0.0,0.0,0.0,1_5,1.0,0.4999833953571624,613.0407498233685,0.0,90.0,0.5
lpJL9-mBNmk_00,434,50,1,419.24366423358146,0.0,0.0,0.0,0.0,,,0.0,0.0,1_50,,0.0,9999.0,0.0,0.0,0.0
lpJL9-mBNmk_00,435,50,1,417.2831772310022,2.62244653934327,-1.5707963267948966,2.62244653934327,-1.5707963267948966,-3.5,2.0,0.0,-0.5,1_50,1.0,1.9604870025792707,212.8466940520457,119.7448812969422,119.7448812969422,4.301162633521313
lpJL9-mBNmk_00,436,50,1,416.60202831959424,2.498091544796509,1.5707963267948966,2.5748634360662868,0.0,-2.0,1.5,0.0,0.5,1_50,1.0,0.681148911407945,611.6166690459384,53.13010235415599,147.52880770915152,2.23606797749979
lpJL9-mBNmk_00,437,50,1,415.40346652381226,2.626043646130817,0.0,2.5925675137821975,-1.5707963267948966,-3.0,1.6999999999999886,0.0,0.0,1_50,1.0,1.198561795781984,346.5849387037974,150.46121774044207,121.45682335755517,3.448187929913328
lpJL9-mBNmk_00,438,50,1,412.1520502193335,1.9705774250376922,0.0,2.4227626539681686,-1.5707963267948966,-1.5,3.5500000000000114,0.0,0.0,1_50,1.0,3.2514163044787665,126.76077488188811,112.90576965841711,131.18592516570965,3.8538941345086375
lpJL9-mBNmk_00,439,50,1,412.2377378406785,2.965653028137263,0.0,2.559181046097839,0.0,-4.5,0.8000000000000114,0.5,0.0,1_50,1.0,-0.0856876213450164,9999.0,169.91940201245754,146.63027295128114,5.063595560468867
lpJL9-mBNmk_00,447,50,1,400.9606464480024,2.47067432271643,0.0,2.526521912924812,1.5707963267948966,-16.0,12.699999999999989,0.0,0.0,1_50,8.0,1.4096364240845105,284.4425978197936,141.55921124299456,54.75904245791101,2.553459662888763
lpJL9-mBNmk_00,448,50,1,397.0491940553462,1.9849348772711073,0.0,2.47671482096151,1.5707963267948966,-2.0,4.550000000000011,0.0,0.0,1_50,1.0,3.9114523926562015,101.5094021854416,113.72839107595249,51.90530629859385,4.970160963188225
lpJL9-mBNmk_00,449,50,1,396.4785618416209,2.677945044588987,0.0,2.4870218862664015,1.5707963267948966,-2.5,1.25,0.0,0.0,1_50,1.0,0.5706322137253323,694.8057826130047,153.434948822922,52.49585763972984,2.7950849718747373
lpJL9-mBNmk_00,434,51,1,472.92969879253724,0.0,0.0,0.0,0.0,,,0.0,0.0,1_51,,0.0,9999.0,0.0,0.0,0.0
lpJL9-mBNmk_00,435,51,1,479.2738256988378,2.796435003747126,-1.5707963267948966,2.796435003747126,-1.5707963267948966,-8.900000000000006,3.1999999999999886,0.0,-0.5,1_51,1.0,-6.344126906300573,9999.0,109.77607660263915,109.77607660263915,9.638464608017193
lpJL9-mBNmk_00,436,51,1,480.70242614324303,2.387762946680118,1.5707963267948966,2.690355754877887,0.0,-2.4499999999999886,2.3000000000000114,0.0,0.5,1_51,1.0,-1.4286004444052196,9999.0,46.80873932249177,154.14603014323558,3.04014802271205
lpJL9-mBNmk_00,437,51,1,483.3736261940653,2.6677413170950333,0.0,2.6845238970420033,-1.5707963267948966,-3.9000000000000057,2.0,0.0,0.0,1_51,1.0,-2.6712000508222786,9999.0,152.85031830221686,116.18811069748084,4.38292140016223
lpJL9-mBNmk_00,444,51,1,527.8000000000001,2.949804511603088,2.0344439357957027,2.8062490537019555,1.5707963267948966,-10.300000000000011,2.0,-0.5,1.0,1_51,7.0,-6.346624829419251,9999.0,52.446297726428035,70.78622703970316,1.4072697549742588
lpJL9-mBNmk_00,445,51,1,535.5622559516307,2.7701934928045455,1.5707963267948966,2.8019068028209806,1.5707963267948966,-9.5,3.6999999999999886,0.0,0.5,1_51,1.0,-7.762255951630664,9999.0,68.72039557230464,70.53743439063634,10.024470060806204
lpJL9-mBNmk_00,446,51,1,535.874635525885,2.0878282792864327,-1.5707963267948966,2.7797906689260303,1.5707963267948966,-1.4499999999999886,2.5500000000000114,0.0,-0.5,1_51,1.0,-0.312379574254237,9999.0,150.3762512488265,69.27027325930945,3.3771289581536617
lpJL9-mBNmk_00,447,51,1,540.8471364443006,2.819842099193151,0.0,2.7825080115869945,1.5707963267948966,-6.0,2.0,0.0,0.0,1_51,1.0,-4.972500918415676,9999.0,161.565051177078,69.42596552527355,6.324555320336759
lpJL9-mBNmk_00,448,51,1,546.567838881872,2.64885272582221,0.0,2.7714149768077925,1.5707963267948966,-7.450000000000003,4.0,0.0,0.0,1_51,1.0,-5.72070243757139,9999.0,151.76808174133646,68.79038145043343,8.4559150894507
lpJL9-mBNmk_00,0,6,1,376.25132890130766,0.0,0.0,0.0,0.0,,,,,1_6,,0.0,9999.0,0.0,0.0,0.0
lpJL9-mBNmk_00,1,6,1,377.0013262576141,3.141592653589793,0.0,3.141592653589793,0.0,-0.75,0.0,0.0,0.0,1_6,1.0,-0.7499973563064373,9999.0,180.0,180.0,0.75
lpJL9-mBNmk_00,2,6,1,376.00132978488256,0.0,0.0,0.0,0.0,1.0,0.0,0.0,0.0,1_6,1.0,0.9999964727315387,376.0026560471926,0.0,0.0,1.0
lpJL9-mBNmk_00,3,6,1,380.05032890394926,-3.0187574147118985,0.0,-3.0107652575157364,0.0,-4.050000000000011,-0.5,0.0,0.0,1_6,1.0,-4.048999119066707,9999.0,172.96205923681535,172.50414236027015,4.080747480548152
lpJL9-mBNmk_00,4,6,1,380.05032890394926,0.0,0.0,-3.0107652575157364,0.0,0.0,0.0,0.0,0.0,1_6,1.0,-0.0,9999.0,0.0,172.50414236027015,0.0
lpJL9-mBNmk_00,5,6,1,383.70032577520703,3.141592653589793,0.0,-3.074579055544988,0.0,-3.6499999999999773,0.0,0.0,0.0,1_6,1.0,-3.6499968712577697,9999.0,180.0,176.16040366204652,3.6499999999999773
lpJL9-mBNmk_00,6,6,1,383.70032577520703,0.0,0.0,-3.074579055544988,0.0,0.0,0.0,0.0,0.0,1_6,1.0,-0.0,9999.0,0.0,176.16040366204652,0.0
lpJL9-mBNmk_00,7,6,1,378.05033064395013,0.0,0.0,-2.8706458032513744,0.0,5.649999999999977,0.0,0.0,0.0,1_6,1.0,5.649995131256901,66.91162060521083,0.0,164.47588900324584,5.649999999999977
lpJL9-mBNmk_00,8,6,1,376.5503319610806,0.0,0.0,-2.1112158270654975,0.0,1.5,0.0,0.0,0.0,1_6,1.0,1.4999986828695455,251.0337750702072,0.0,120.96375653207448,1.5
lpJL9-mBNmk_00,9,6,1,377.00033156484096,3.141592653589793,0.0,-2.5535900500422253,0.0,-0.44999999999998863,0.0,0.0,0.0,1_6,1.0,-0.44999960376037507,9999.0,180.0,146.3099324740202,0.44999999999998863
lpJL9-mBNmk_00,10,6,1,376.0513296080736,0.4844779290370282,0.0,0.0,0.0,0.9499999999999886,0.5,0.0,0.0,1_6,1.0,0.9490019567673471,396.2598042358564,27.758540601060314,0.0,1.0735455276791843
lpJL9-mBNmk_00,11,6,1,375.75133066963315,0.0,0.0,0.0,0.0,0.30000000000001137,0.0,0.0,0.0,1_6,1.0,0.2999989384404671,1252.508867607872,0.0,0.0,0.30000000000001137
lpJL9-mBNmk_00,12,6,1,375.75133066963315,0.0,0.0,0.0,0.0,0.0,0.0,0.0,0.0,1_6,1.0,-0.0,9999.0,0.0,0.0,0.0
lpJL9-mBNmk_00,13,6,1,375.4513317328892,0.0,0.0,0.0,0.0,0.30000000000001137,0.0,0.0,0.0,1_6,1.0,0.29999893674397526,1251.5088746908007,0.0,0.0,0.30000000000001137
lpJL9-mBNmk_00,14,6,1,375.75133066963315,3.141592653589793,0.0,0.0,0.0,-0.30000000000001137,0.0,0.0,0.0,1_6,1.0,-0.29999893674397526,9999.0,180.0,0.0,0.30000000000001137
lpJL9-mBNmk_00,15,6,1,375.0119998080061,1.2120256565243244,0.0,1.0121970114513341,0.0,0.75,2.0,0.0,0.0,1_6,1.0,0.7393308616270247,507.2316323746147,69.44395478041653,57.9946167919165,2.1360009363293826
lpJL9-mBNmk_00,16,6,1,374.966335155571,1.471127674303712,0.0,1.0912770348022969,0.0,0.05000000000001137,0.5,0.0,0.0,1_6,1.0,0.0456646524351072,8211.303823858629,84.28940686249906,62.52556837372266,0.5024937810560456
lpJL9-mBNmk_00,17,6,1,374.8053361413095,-1.4711276743037496,0.0,0.60374933339744,0.0,0.14999999999997726,-1.5,0.0,0.0,1_6,1.0,0.1609990142615061,2327.997707691079,84.28940686250122,34.59228868751015,1.5074813431681313
lpJL9-mBNmk_00,18,6,1,376.00033244666156,-2.2455372690184445,0.0,-1.1071487177940904,0.0,-1.1999999999999886,-1.5,0.0,0.0,1_6,1.0,-1.1949963053520491,9999.0,128.65980825408982,63.43494882292201,1.9209372712298476
lpJL9-mBNmk_00,19,6,1,382.95032641323075,3.141592653589793,0.0,-3.067103863375911,0.0,-6.949999999999989,0.0,0.0,0.0,1_6,1.0,-6.949993966569195,9999.0,180.0,175.73210669970916,6.949999999999989
lpJL9-mBNmk_00,20,6,1,384.550325055122,3.141592653589793,0.0,-3.0814244024347834,0.0,-1.6000000000000227,0.0,0.0,0.0,1_6,1.0,-1.5999986418912613,9999.0,180.0,176.5526131481348,1.6000000000000227
lpJL9-mBNmk_00,21,6,1,384.95032471735885,3.141592653589793,0.0,-3.0787823009356923,0.0,-0.39999999999997726,0.0,0.0,0.0,1_6,1.0,-0.39999966223683714,9999.0,180.0,176.40123188319168,0.39999999999997726
lpJL9-mBNmk_00,22,6,1,375.5013315555619,0.052860762242514715,0.0,0.0,0.0,9.449999999999989,0.5,0.0,0.0,1_6,1.0,9.448993161796977,39.73982466975882,3.02869857834059,0.0,9.463218268644118
lpJL9-mBNmk_00,23,6,1,374.77701703813165,1.35970299357215,0.0,0.6465131478772342,0.0,0.75,3.5,0.0,0.0,1_6,1.0,0.7243145174302299,517.4230365667527,77.9052429229879,37.042474773082795,3.5794552658190883
lpJL9-mBNmk_00,24,6,1,374.5213612065405,-1.1071487177940904,0.0,0.5626380655973023,0.0,0.25,-0.5,0.0,0.0,1_6,1.0,0.2556558315911275,1464.9435488157208,63.43494882292201,32.236786552130184,0.5590169943749475
lpJL9-mBNmk_00,25,6,1,374.3163635215538,-1.1902899496825512,0.0,0.30893074392374226,0.0,0.19999999999998863,-0.5,0.0,0.0,1_6,1.0,0.2049976849867221,1825.9541006319103,68.19859051364931,17.700427788667238,0.5385164807134462
lpJL9-mBNmk_00,26,6,1,374.31202224881855,-1.5707963267948966,0.0,0.2599401401885286,0.0,0.0,-0.5,0.0,0.0,1_6,1.0,0.004341272735246093,86221.72461311624,90.0,14.893472958841645,0.5
lpJL9-mBNmk_00,27,6,1,374.30834882486926,-1.5707963267948966,0.0,0.48995732625372834,0.0,0.0,-0.5,0.0,0.0,1_6,1.0,0.0036734239492943743,101896.3109054619,90.0,28.072486935852965,0.5
lpJL9-mBNmk_00,28,6,1,374.26636570763344,1.5374753309166418,1.5707963267948966,0.9894161429899945,1.5707963267948966,0.05000000000001137,1.5,0.0,0.5,1_6,1.0,0.041983117235815826,8914.687387442173,1.90915243299681,33.31063082456094,1.0012492197250398
lpJL9-mBNmk_00,29,6,1,374.26636570763344,-1.5707963267948966,-1.5707963267948966,0.828849058788979,0.0,0.0,-0.5,0.0,-0.5,1_6,1.0,-0.0,9999.0,0.0,47.48955292199915,0.0
lpJL9-mBNmk_00,30,6,1,374.7513342204401,-1.7681918866447774,0.0,0.0,0.0,-0.5,-2.5,0.0,0.0,1_6,1.0,-0.48496851280668807,9999.0,101.30993247402021,0.0,2.5495097567963922
lpJL9-mBNmk_00,31,6,1,373.95534827035164,1.0808390005411623,1.5707963267948966,0.6947382761967001,1.5707963267948966,0.8000000000000114,1.5,0.0,0.5,1_6,1.0,0.7959859500884932,469.8014433907752,28.072486935853302,50.19442890773498,1.280624847486577
lpJL9-mBNmk_00,32,6,1,373.97139262248385,1.5707963267948966,0.0,1.095785570529797,1.5707963267948966,0.0,2.0,0.0,0.0,1_6,1.0,-0.016044352132212225,9999.0,90.0,27.216111557307638,2.0
lpJL9-mBNmk_00,33,6,1,374.26202385494577,-1.862253121272774,0.0,1.1232763516377304,1.5707963267948966,-0.30000000000001137,-1.0,0.0,0.0,1_6,1.0,-0.29063123246191935,9999.0,106.69924423399421,25.641005824305076,1.0440306508910582
lpJL9-mBNmk_00,34,6,1,374.7513342204401,-1.7681918866447774,-1.5707963267948966,0.0,0.0,-0.5,-2.5,0.0,-0.5,1_6,1.0,-0.4893103654943616,9999.0,11.309932474020222,0.0,2.0615528128088303
lpJL9-mBNmk_00,35,6,1,374.4503338227915,0.0,1.5707963267948966,-1.3024301158889844,1.5707963267948966,0.30000000000001137,0.0,0.0,0.5,1_6,1.0,0.30100039764863595,1244.019399136792,90.0,164.6237487511735,0.5830951894845359
lpJL9-mBNmk_00,36,6,1,374.75033355555536,3.141592653589793,0.0,-1.4909663410826637,1.5707963267948966,-0.30000000000001137,0.0,0.0,0.0,1_6,1.0,-0.29999973276386527,9999.0,180.0,175.4260787400994,0.30000000000001137
lpJL9-mBNmk_00,37,6,1,376.5513278425665,-2.8706458032513744,-1.5707963267948966,-2.4329663814621227,-1.5707963267948966,-1.8000000000000114,-0.5,0.0,-1.0,1_6,1.0,-1.8009942870111217,9999.0,74.47588900324585,49.39870535499552,1.8681541692269514
lpJL9-mBNmk_00,38,6,1,375.00133333096295,0.3120421215625312,1.5707963267948966,0.46364760900080615,0.0,1.5500000000000114,0.5,0.0,0.5,1_6,1.0,1.5499945116035292,241.93720076015597,72.12130340415878,26.565051177077994,1.5500000000000114
lpJL9-mBNmk_00,39,6,1,375.05133315320984,3.141592653589793,0.0,0.06320683189746042,0.0,-0.05000000000001137,0.0,0.0,0.0,1_6,1.0,-0.049999822246888925,9999.0,180.0,3.621484704117351,0.05000000000001137
lpJL9-mBNmk_00,40,6,1,375.251332442671,-1.951302703907242,-1.5707963267948966,0.0,-1.5707963267948966,-0.19999999999998863,-0.5,0.0,-0.5,1_6,1.0,-0.19999928946117507,9999.0,21.801409486350696,90.0,0.19999999999998863
lpJL9-mBNmk_00,41,6,1,383.951302250689,3.141592653589793,0.0,0.0,-1.5707963267948966,-8.699999999999989,0.0,0.0,0.0,1_6,1.0,-8.699969808018011,9999.0,180.0,90.0,8.699999999999989
lpJL9-mBNmk_00,42,6,1,376.05033240245916,0.0,1.5707963267948966,-2.4037775934693384,0.0,7.899999999999977,0.0,0.0,0.5,1_6,1.0,7.900969848229863,47.59546481331145,90.0,137.72631099390685,7.915806970865297
lpJL9-mBNmk_00,43,6,1,375.4513317328892,0.0,-1.5707963267948966,-1.7440419932472588,-1.5707963267948966,0.6000000000000227,0.0,0.0,-0.5,1_6,1.0,0.599000669569989,626.7961803822664,90.0,9.926245506651554,0.781024967590683
lpJL9-mBNmk_00,44,6,1,375.251332442671,0.0,0.0,-1.781889660017643,-1.5707963267948966,0.19999999999998863,0.0,0.0,0.0,1_6,1.0,0.19999929021815888,1876.2633209015269,0.0,12.0947570770121,0.19999999999998863
lpJL9-mBNmk_00,45,6,1,375.0029999880001,1.1071487177940904,0.0,-1.8438050298816029,-1.5707963267948966,0.25,0.5,0.0,0.0,1_6,1.0,0.24833245467090137,1510.0845376210164,63.43494882292201,15.642246457208483,0.5590169943749475
lpJL9-mBNmk_00,46,6,1,374.9530003880486,0.0,0.0,-1.8850282258792246,-1.5707963267948966,0.05000000000001137,0.0,0.0,0.0,1_6,1.0,0.049999599951490836,7499.120007996557,0.0,18.004161605912795,0.05000000000001137
lpJL9-mBNmk_00,47,6,1,374.9530003880486,0.0,0.0,-1.9797041557458093,-1.5707963267948966,0.0,0.0,0.0,0.0,1_6,1.0,-0.0,9999.0,0.0,23.428692808744678,0.0
lpJL9-mBNmk_00,48,6,1,374.7530019893103,0.0,0.0,-1.7359450042095235,-1.5707963267948966,0.19999999999998863,0.0,0.0,0.0,1_6,1.0,0.19999839873833025,1873.7800120071054,0.0,9.462322208025622,0.19999999999998863
lpJL9-mBNmk_00,49,6,1,374.07138690362297,1.2977876237081902,0.0,0.0,-1.5707963267948966,0.6999999999999886,2.5,0.0,0.0,1_6,1.0,0.6816150856873264,548.8015080042092,74.35775354279151,90.0,2.5961509971494308
lpJL9-mBNmk_00,50,6,1,374.58337189469586,2.0344439357957027,0.0,1.5137155443886352,-1.5707963267948966,-0.5,1.0,0.0,0.0,1_6,1.0,-0.5119849910728931,9999.0,116.56505117707799,176.7295120768166,1.118033988749895
lpJL9-mBNmk_00,51,6,1,374.8333496368753,3.141592653589793,0.0,1.9726669742353626,-1.5707963267948966,-0.25,0.0,0.0,0.0,1_6,1.0,-0.24997774217945334,9999.0,180.0,156.9745079914714,0.25
lpJL9-mBNmk_00,52,6,1,375.0553325844068,-1.6539375586833378,0.0,-1.9222411207984549,-1.5707963267948966,-0.25,-3.0,0.0,0.0,1_6,1.0,-0.22198294753150094,9999.0,94.76364169072617,20.136303428248517,3.010398644698074
lpJL9-mBNmk_00,53,6,1,374.7713469570479,1.4219063791853936,0.0,3.141592653589793,-1.5707963267948966,0.30000000000001137,2.0,0.0,0.0,1_6,1.0,0.2839856273589021,1319.6842052975114,81.46923439005154,90.00000000000001,2.02237484161567
lpJL9-mBNmk_00,54,6,1,374.983336296428,1.7681918866447663,0.0,1.627877109201158,-1.5707963267948966,-0.19999999999998863,1.0,0.0,0.0,1_6,1.0,-0.21198933938006803,9999.0,101.30993247401959,176.7295120768166,1.0198039027185546
lpJL9-mBNmk_00,55,6,1,374.9770026281612,-1.5707963267948966,0.0,1.7359450042095235,-1.5707963267948966,0.0,-0.5,0.0,0.0,1_6,1.0,0.006333668266790937,59203.76420632301,90.0,170.53767779197437,0.5
lpJL9-mBNmk_00,56,6,1,374.97133557113403,-1.5707963267948966,0.0,1.6506263125071294,-1.5707963267948966,0.0,-0.5,0.0,0.0,1_6,1.0,0.0056670570271535325,66166.85411395549,90.0,175.4260787400994,0.5
lpJL9-mBNmk_00,57,6,1,374.82134410943036,0.0,0.0,1.0427218783685368,0.0,0.14999999999997726,0.0,0.0,0.0,1_6,1.0,0.14999146170367794,2498.9512059688086,0.0,59.74356283647073,0.14999999999997726
lpJL9-mBNmk_00,58,6,1,374.81634169283495,0.0,1.5707963267948966,1.4909663410826637,0.0,0.0,0.0,0.0,0.5,1_6,1.0,0.005002416595402792,74927.05466339813,90.0,85.4260787400994,0.5
lpJL9-mBNmk_00,59,6,1,374.8333496368753,1.5707963267948966,-1.5707963267948966,1.4994888620096063,-1.5707963267948966,0.0,1.0,0.0,-0.5,1_6,1.0,-0.017007944040358325,9999.0,180.0,175.91438322002512,1.5
lpJL9-mBNmk_00,60,6,1,374.7713469570479,-1.5208379310729425,0.0,1.4056476493802696,0.0,0.05000000000001137,-1.0,0.0,0.0,1_6,1.0,0.06200267982740115,6044.437885593186,87.1375947738876,80.53767779197437,1.0012492197250398
lpJL9-mBNmk_00,61,6,1,374.7713469570479,0.0,0.0,0.3152146997507114,0.0,0.0,0.0,0.0,0.0,1_6,1.0,-0.0,9999.0,0.0,18.06047193619921,0.0
lpJL9-mBNmk_00,62,6,1,375.0053332954079,-1.695151321341658,0.0,0.7610127542247244,-1.5707963267948966,-0.25,-2.0,0.0,0.0,1_6,1.0,-0.23398633836001181,9999.0,97.1250163489018,133.60281897270332,2.0155644370746373
lpJL9-mBNmk_00,63,6,1,375.0553325844068,3.141592653589793,0.0,1.1902899496825512,0.0,-0.05000000000001137,0.0,0.0,0.0,1_6,1.0,-0.04999928899889028,9999.0,180.0,68.19859051364931,0.05000000000001137
lpJL9-mBNmk_00,64,6,1,375.0029999880001,-1.471127674303712,0.0,1.1071487177940904,0.0,0.05000000000001137,-0.5,0.0,0.0,1_6,1.0,0.05233259640669985,7165.763324137126,84.28940686249906,63.43494882292201,0.5024937810560456
lpJL9-mBNmk_00,65,6,1,375.0553325844068,1.670464979286081,0.0,1.670464979286081,0.0,-0.05000000000001137,0.5,0.0,0.0,1_6,1.0,-0.05233259640669985,9999.0,95.71059313750094,95.71059313750094,0.5024937810560456
lpJL9-mBNmk_00,66,6,1,375.0553325844068,0.0,0.0,1.768191886644821,0.0,0.0,0.0,0.0,0.0,1_6,1.0,-0.0,9999.0,0.0,101.30993247402272,0.0
lpJL9-mBNmk_00,67,6,1,375.0029999880001,-1.471127674303712,0.0,3.141592653589793,0.0,0.05000000000001137,-0.5,0.0,0.0,1_6,1.0,0.05233259640669985,7165.763324137126,84.28940686249906,180.0,0.5024937810560456
lpJL9-mBNmk_00,68,6,1,375.0053332954079,1.5707963267948966,0.0,2.0344439357957027,0.0,0.0,0.5,0.0,0.0,1_6,1.0,-0.0023333074078095706,9999.0,90.0,116.56505117707799,0.5
lpJL9-mBNmk_00,69,6,1,375.0029999880001,-1.5707963267948966,0.0,-1.933943336741069,0.0,0.0,-0.5,0.0,0.0,1_6,1.0,0.0023333074078095706,160717.35714414078,90.0,110.806791012711,0.5
lpJL9-mBNmk_00,70,6,1,375.0553325844068,1.670464979286081,0.0,-1.7359450042095235,0.0,-0.05000000000001137,0.5,0.0,0.0,1_6,1.0,-0.05233259640669985,9999.0,95.71059313750094,99.46232220802563,0.5024937810560456
lpJL9-mBNmk_00,71,6,1,375.0029999880001,-1.471127674303712,0.0,-1.627877109201158,0.0,0.05000000000001137,-0.5,0.0,0.0,1_6,1.0,0.05233259640669985,7165.763324137126,84.28940686249906,93.27048792318338,0.5024937810560456
lpJL9-mBNmk_00,72,6,1,375.30532903224275,2.1112158270654975,0.0,3.141592653589793,0.0,-0.30000000000001137,0.5,0.0,0.0,1_6,1.0,-0.30232904424264007,9999.0,120.96375653207448,180.0,0.5830951894845359
lpJL9-mBNmk_00,73,6,1,375.30532903224275,0.0,0.0,-1.8391625377008087,0.0,0.0,0.0,0.0,0.0,1_6,1.0,-0.0,9999.0,0.0,105.37625124882649,0.0
lpJL9-mBNmk_00,74,6,1,375.30532903224275,0.0,0.0,-1.6869379536748943,0.0,0.0,0.0,0.0,0.0,1_6,1.0,-0.0,9999.0,0.0,96.65442504600702,0.0
lpJL9-mBNmk_00,75,6,1,375.0029999880001,-1.0303768265242956,0.0,-1.5874614505088411,0.0,0.30000000000001137,-0.5,0.0,0.0,1_6,1.0,0.30232904424264007,1240.3803310641704,59.036243467925516,90.9548412538724,0.5830951894845359
lpJL9-mBNmk_00,76,6,1,375.0029999880001,0.0,0.0,-1.5907936607680517,0.0,0.0,0.0,0.0,0.0,1_6,1.0,-0.0,9999.0,0.0,91.14576283817537,0.0
lpJL9-mBNmk_00,77,6,1,375.0029999880001,0.0,0.0,-1.6506263125071294,0.0,0.0,0.0,0.0,0.0,1_6,1.0,-0.0,9999.0,0.0,94.5739212599006,0.0
lpJL9-mBNmk_00,78,6,1,375.0029999880001,0.0,0.0,-1.6506263125071294,-1.5707963267948966,0.0,0.0,0.0,0.0,1_6,1.0,-0.0,9999.0,0.0,4.573921259900608,0.0
lpJL9-mBNmk_00,79,6,1,375.0029999880001,0.0,0.0,-1.627877109201158,0.0,0.0,0.0,0.0,0.0,1_6,1.0,-0.0,9999.0,0.0,93.27048792318338,0.0
lpJL9-mBNmk_00,80,6,1,375.0029999880001,0.0,0.0,-1.6704649792860586,0.0,0.0,0.0,0.0,0.0,1_6,1.0,-0.0,9999.0,0.0,95.71059313749964,0.0
lpJL9-mBNmk_00,81,6,1,375.0029999880001,0.0,0.0,-1.6704649792860586,0.0,0.0,0.0,0.0,0.0,1_6,1.0,-0.0,9999.0,0.0,95.71059313749964,0.0
lpJL9-mBNmk_00,82,6,1,375.30532903224275,2.1112158270654975,0.0,3.141592653589793,0.0,-0.30000000000001137,0.5,0.0,0.0,1_6,1.0,-0.30232904424264007,9999.0,120.96375653207448,180.0,0.5830951894845359
lpJL9-mBNmk_00,83,6,1,375.30532903224275,0.0,0.0,3.141592653589793,0.0,0.0,0.0,0.0,0.0,1_6,1.0,-0.0,9999.0,0.0,180.0,0.0
lpJL9-mBNmk_00,84,6,1,375.30532903224275,0.0,0.0,2.1112158270654975,0.0,0.0,0.0,0.0,0.0,1_6,1.0,-0.0,9999.0,0.0,120.96375653207448,0.0
lpJL9-mBNmk_00,85,6,1,375.30532903224275,0.0,0.0,3.141592653589793,0.0,0.0,0.0,0.0,0.0,1_6,1.0,-0.0,9999.0,0.0,180.0,0.0
lpJL9-mBNmk_00,86,6,1,375.30532903224275,0.0,0.0,3.141592653589793,0.0,0.0,0.0,0.0,0.0,1_6,1.0,-0.0,9999.0,0.0,180.0,0.0
lpJL9-mBNmk_00,87,6,1,375.02133272655306,1.4219063791853936,0.0,1.5707963267948966,0.0,0.30000000000001137,2.0,0.0,0.0,1_6,1.0,0.2839963056896977,1320.5148278805846,81.46923439005154,90.0,2.02237484161567
lpJL9-mBNmk_00,88,6,1,374.76200781295853,-1.3258176636680323,0.0,1.3258176636680323,0.0,0.25,-1.0,0.0,0.0,1_6,1.0,0.2593249135945257,1445.1446358097608,75.96375653207352,75.96375653207352,1.0307764064044151
lpJL9-mBNmk_00,89,6,1,374.7663438730858,1.5707963267948966,0.0,1.446441332248135,0.0,0.0,0.5,0.0,0.0,1_6,1.0,-0.004336060127286601,9999.0,90.0,82.8749836510982,0.5
lpJL9-mBNmk_00,90,6,1,384.25292777023833,-2.9340964271545906,0.0,-3.087298241681487,0.0,-9.5,-2.0,0.0,0.0,1_6,1.0,-9.486583897152514,9999.0,168.11134196037204,176.88915934650922,9.7082439194738
lpJL9-mBNmk_00,91,6,1,383.95293005783924,0.0,0.0,3.141592653589793,0.0,0.30000000000001137,0.0,0.0,0.0,1_6,1.0,0.29999771239909023,1279.85285950135,0.0,180.0,0.30000000000001137
lpJL9-mBNmk_00,92,6,1,384.0029296763242,3.141592653589793,0.0,-3.0841845389529934,0.0,-0.05000000000001137,0.0,0.0,0.0,1_6,1.0,-0.049999618484946495,9999.0,180.0,176.71075732150817,0.05000000000001137
lpJL9-mBNmk_00,93,6,1,384.0029296763242,0.0,0.0,-3.0841845389529934,0.0,0.0,0.0,0.0,0.0,1_6,1.0,-0.0,9999.0,0.0,176.71075732150817,0.0
lpJL9-mBNmk_00,94,6,1,384.0029296763242,0.0,0.0,-3.0841845389529934,0.0,0.0,0.0,0.0,0.0,1_6,1.0,-0.0,9999.0,0.0,176.71075732150817,0.0
lpJL9-mBNmk_00,95,6,1,383.951302250689,-1.471127674303712,0.0,-3.0857847424133555,0.0,0.05000000000001137,-0.5,0.0,0.0,1_6,1.0,0.05162742563516076,7436.963930062779,84.28940686249906,176.80244222614914,0.5024937810560456
lpJL9-mBNmk_00,96,6,1,384.00130208112574,3.141592653589793,0.0,-3.0860941483440762,0.0,-0.05000000000001137,0.0,0.0,0.0,1_6,1.0,-0.049999830436718185,9999.0,180.0,176.82016988013575,0.05000000000001137
lpJL9-mBNmk_00,97,6,1,384.00130208112574,0.0,0.0,-3.0860941483440762,0.0,0.0,0.0,0.0,0.0,1_6,1.0,-0.0,9999.0,0.0,176.82016988013575,0.0
lpJL9-mBNmk_00,98,6,1,384.0029296763242,1.5707963267948966,0.0,3.141592653589793,0.0,0.0,0.5,0.0,0.0,1_6,1.0,-0.0016275951984425774,9999.0,90.0,180.0,0.5
lpJL9-mBNmk_00,99,6,1,383.95293005783924,0.0,0.0,3.141592653589793,0.0,0.05000000000001137,0.0,0.0,0.0,1_6,1.0,0.049999618484946495,7679.117195132936,0.0,180.0,0.05000000000001137
lpJL9-mBNmk_00,100,6,1,383.95293005783924,0.0,0.0,3.141592653589793,0.0,0.0,0.0,0.0,0.0,1_6,1.0,-0.0,9999.0,0.0,180.0,0.0
lpJL9-mBNmk_00,101,6,1,384.202928151257,3.141592653589793,0.0,3.141592653589793,0.0,-0.25,0.0,0.0,0.0,1_6,1.0,-0.249998093417787,9999.0,180.0,180.0,0.25
lpJL9-mBNmk_00,102,6,1,384.0029296763242,0.0,0.0,-3.0841845389529934,0.0,0.19999999999998863,0.0,0.0,0.0,1_6,1.0,0.1999984749328405,1920.0292892496925,0.0,176.71075732150817,0.19999999999998863
lpJL9-mBNmk_00,103,6,1,384.00130208112574,-1.5707963267948966,0.0,-3.0271523483197296,0.0,0.0,-0.5,0.0,0.0,1_6,1.0,0.0016275951984425774,235931.7000004492,90.0,173.4430535018366,0.5
lpJL9-mBNmk_00,104,6,1,383.95293005783924,1.471127674303712,0.0,-3.083853435064689,0.0,0.05000000000001137,0.5,0.0,0.0,1_6,1.0,0.04837202328650392,7937.499901207655,84.28940686249906,176.69178646612795,0.5024937810560456
lpJL9-mBNmk_00,105,6,1,383.50293349595125,3.141592653589793,3.141592653589793,-3.0841845389529934,3.141592653589793,-0.05000000000001137,0.0,-0.5,0.0,1_6,1.0,0.44999656188798554,852.2352523915814,0.0,3.289242678491871,0.44999999999998863
lpJL9-mBNmk_00,106,6,1,383.7529315848936,0.0,0.0,-3.082489969979205,0.0,0.25,0.0,0.5,0.0,1_6,1.0,-0.2499980889423341,9999.0,0.0,176.6136656712163,0.25
lpJL9-mBNmk_00,107,6,1,383.5529331135404,3.141592653589793,3.141592653589793,-2.8720711158551753,3.141592653589793,-0.30000000000001137,0.0,-0.5,0.0,1_6,1.0,0.19999847135318305,1917.7793236039952,0.0,15.442446600069575,0.19999999999998863
lpJL9-mBNmk_00,108,6,1,376.5013280189062,-0.06612860336457291,0.0,-2.289626326416521,0.0,7.550000000000011,-0.5,0.5,0.0,1_6,1.0,7.051605094634226,53.39228770842501,3.7888898778846434,131.18592516570965,7.067708256570878
lpJL9-mBNmk_00,109,6,1,381.5029488745795,3.0419240010986313,0.0,-2.8535372065391673,0.0,-5.0,0.5,0.0,0.0,1_6,1.0,-5.001620855673309,9999.0,174.28940686250036,163.49563861824498,5.024937810560445
lpJL9-mBNmk_00,110,6,1,383.7013030991685,-2.918116052449159,0.0,-0.7378150601204546,0.0,-2.1999999999999886,-0.5,0.0,0.0,1_6,1.0,-2.198354224589025,9999.0,167.1957339347132,42.27368900609314,2.2561028345356844
lpJL9-mBNmk_00,111,6,1,381.50131061373827,0.0,3.141592653589793,-0.251002686643036,3.141592653589793,1.6999999999999886,0.0,-0.5,0.0,1_6,1.0,2.1999924854302435,173.41027896244364,180.0,165.61860540890933,2.1999999999999886
lpJL9-mBNmk_00,112,6,1,380.00131578719567,0.0,0.0,-0.12435499454676144,0.0,2.0,0.0,0.5,0.0,1_6,1.0,1.4999948265426042,253.33508427030733,0.0,7.1250163489017995,1.5
lpJL9-mBNmk_00,113,6,1,380.00131578719567,0.0,0.0,-0.12435499454676144,0.0,0.0,0.0,0.0,0.0,1_6,1.0,-0.0,9999.0,0.0,7.1250163489017995,0.0
lpJL9-mBNmk_00,114,6,1,380.00131578719567,0.0,0.0,-0.12435499454676144,0.0,0.0,0.0,0.0,0.0,1_6,1.0,-0.0,9999.0,0.0,7.1250163489017995,0.0
lpJL9-mBNmk_00,115,6,1,380.00296051478335,1.5707963267948966,0.0,0.12591262568579858,0.0,0.0,0.5,0.0,0.0,1_6,1.0,-0.0016447275876885215,9999.0,90.0,7.214262039206783,0.5
lpJL9-mBNmk_00,116,6,1,378.00132274900835,-0.3217505543966422,3.141592653589793,0.0,3.141592653589793,1.5,-0.5,-0.5,0.0,1_6,1.0,2.0016377657750013,188.84601860149877,161.565051177078,180.0,2.0615528128088303
lpJL9-mBNmk_00,117,6,1,376.5013280189062,0.0,0.0,0.0,3.141592653589793,1.5,0.0,0.0,0.0,1_6,1.0,1.4999947301021734,251.00176718171568,0.0,180.0,1.5
lpJL9-mBNmk_00,118,6,1,376.25132890130766,0.0,0.0,-0.0688564893010446,3.141592653589793,0.25,0.0,0.0,0.0,1_6,1.0,0.24999911759852012,1505.0106276996512,0.0,176.05481377096245,0.25
lpJL9-mBNmk_00,119,6,1,375.70133084672455,0.0,0.0,-0.06053201978210714,0.0,1.0500000000000114,0.0,0.5,0.0,1_6,1.0,0.5499980545831136,683.095745004949,0.0,3.468229258917148,0.5500000000000114
lpJL9-mBNmk_00,120,6,1,375.5013315555619,3.141592653589793,3.141592653589793,-0.0628103526541008,3.141592653589793,-0.30000000000001137,0.0,-0.5,0.0,1_6,1.0,0.19999929116266912,1877.5133120354333,0.0,176.40123188319168,0.19999999999998863
lpJL9-mBNmk_00,121,6,1,375.5529955944966,0.8379812250084026,0.0,0.0,0.0,0.44999999999998863,0.5,0.5,0.0,1_6,1.0,-0.051664038934745804,9999.0,48.01278750418406,0.0,0.5024937810560456
lpJL9-mBNmk_00,122,6,1,375.5529955944966,0.0,0.0,0.0,0.0,0.0,0.0,0.0,0.0,1_6,1.0,-0.0,9999.0,0.0,0.0,0.0
lpJL9-mBNmk_00,123,6,1,375.75299400004786,3.141592653589793,0.0,0.06053201978210714,0.0,-0.19999999999998863,0.0,0.0,0.0,1_6,1.0,-0.19999840555124138,9999.0,180.0,3.468229258917148,0.19999999999998863
lpJL9-mBNmk_00,124,6,1,375.75299400004786,0.0,0.0,0.0,0.0,0.0,0.0,0.0,0.0,1_6,1.0,-0.0,9999.0,0.0,0.0,0.0
lpJL9-mBNmk_00,125,6,1,375.75299400004786,0.0,0.0,0.0,0.0,0.0,0.0,0.0,0.0,1_6,1.0,-0.0,9999.0,0.0,0.0,0.0
lpJL9-mBNmk_00,126,6,1,375.2529979893565,0.0,3.141592653589793,0.0,3.141592653589793,0.0,0.0,-0.5,0.0,1_6,1.0,0.4999960106913477,750.5119840266161,180.0,180.0,0.5
lpJL9-mBNmk_00,127,6,1,375.75299400004786,0.0,0.0,0.0,0.0,0.0,0.0,0.5,0.0,1_6,1.0,-0.4999960106913477,9999.0,0.0,0.0,0.5
lpJL9-mBNmk_00,128,6,1,375.02133272655306,1.35970299357215,1.5707963267948966,1.2120256565243244,1.5707963267948966,0.75,3.5,0.0,1.0,1_6,1.0,0.731661273494808,512.5614082801586,12.0947570770121,20.55604521958347,2.6100766272276377
lpJL9-mBNmk_00,129,6,1,375.0163329776451,-1.5707963267948966,-1.5707963267948966,0.3671738338182192,1.5707963267948966,0.0,-1.0,0.0,-0.5,1_6,1.0,0.004999748907948742,75007.03332950051,0.0,68.96248897457818,0.5
lpJL9-mBNmk_00,130,6,1,375.0333318519835,1.5707963267948966,0.0,0.47734538237367247,1.5707963267948966,0.0,1.5,0.0,0.0,1_6,1.0,-0.016998874338412406,9999.0,90.0,62.65012421993008,1.5
lpJL9-mBNmk_00,131,6,1,375.0333318519835,0.0,0.0,0.5713374798336268,0.7853981633974483,0.0,0.0,0.0,0.0,1_6,1.0,-0.0,9999.0,0.0,12.2647737278924,0.0
lpJL9-mBNmk_00,132,6,1,375.0333318519835,0.0,0.0,0.7328151017865067,1.5707963267948966,0.0,0.0,0.0,0.0,1_6,1.0,-0.0,9999.0,0.0,48.012787504183336,0.0
lpJL9-mBNmk_00,133,6,1,375.0333318519835,0.0,0.0,0.7328151017865067,1.5707963267948966,0.0,0.0,0.0,0.0,1_6,1.0,-0.0,9999.0,0.0,48.012787504183336,0.0
lpJL9-mBNmk_00,134,6,1,375.0333318519835,0.0,0.0,0.7328151017865067,1.5707963267948966,0.0,0.0,0.0,0.0,1_6,1.0,-0.0,9999.0,0.0,48.012787504183336,0.0
lpJL9-mBNmk_00,135,6,1,375.0333318519835,0.0,0.0,0.6747409422235527,1.5707963267948966,0.0,0.0,0.0,0.0,1_6,1.0,-0.0,9999.0,0.0,51.340191745909905,0.0
lpJL9-mBNmk_00,136,6,1,375.0333318519835,0.0,0.0,0.9097531579442097,0.7853981633974483,0.0,0.0,0.0,0.0,1_6,1.0,-0.0,9999.0,0.0,7.125016348901801,0.0
lpJL9-mBNmk_00,137,6,1,375.0333318519835,0.0,0.0,1.1525719972156674,0.7853981633974483,0.0,0.0,0.0,0.0,1_6,1.0,-0.0,9999.0,0.0,21.037511025421818,0.0
lpJL9-mBNmk_00,138,6,1,375.0333318519835,0.0,0.0,1.1999050379822342,0.7853981633974483,0.0,0.0,0.0,0.0,1_6,1.0,-0.0,9999.0,0.0,23.749494492866766,0.0
lpJL9-mBNmk_00,139,6,1,375.0333318519835,0.0,0.0,1.41647755086878,1.5707963267948966,0.0,0.0,0.0,0.0,1_6,1.0,-0.0,9999.0,0.0,8.841814560191537,0.0
lpJL9-mBNmk_00,140,6,1,375.02699902806995,-1.5707963267948966,0.0,1.3258176636680323,0.7853981633974483,0.0,-0.5,0.0,0.0,1_6,1.0,0.006332823913567154,59219.55262716672,90.0,30.96375653207351,0.5
lpJL9-mBNmk_00,141,6,1,375.0163329776451,-1.5707963267948966,0.0,1.354246021818803,1.5707963267948966,0.0,-1.0,0.0,0.0,1_6,1.0,0.010666050424845253,35159.81249292528,90.0,12.407418527400987,1.0
lpJL9-mBNmk_00,142,6,1,375.0333318519835,1.5707963267948966,0.0,1.4341531643038068,1.5707963267948966,0.0,1.5,0.0,0.0,1_6,1.0,-0.016998874338412406,9999.0,90.0,7.829076510059761,1.5
lpJL9-mBNmk_00,143,6,1,374.540385005409,0.7853981633974483,0.0,1.299849476456476,1.5707963267948966,0.5,0.5,0.0,0.0,1_6,1.0,0.4929468465745117,759.7987239559207,45.0,15.524110996754258,0.7071067811865476
lpJL9-mBNmk_00,144,6,1,374.7480353517547,1.951302703907242,0.0,1.3638041325750734,1.5707963267948966,-0.19999999999998863,0.5,0.0,0.0,1_6,1.0,-0.20765034634570156,9999.0,111.80140948635069,11.859779120948104,0.5385164807134462
lpJL9-mBNmk_00,145,6,1,374.7480353517547,0.0,0.0,1.3638041325750734,1.5707963267948966,0.0,0.0,0.0,0.0,1_6,1.0,-0.0,9999.0,0.0,11.859779120948104,0.0
lpJL9-mBNmk_00,146,6,1,375.04033116452956,-2.1112158270654975,0.0,1.4056476493802696,0.7853981633974483,-0.30000000000001137,-0.5,0.0,0.0,1_6,1.0,-0.29229581277485295,9999.0,120.96375653207448,35.537677791974374,0.5830951894845359
lpJL9-mBNmk_00,147,6,1,374.7480353517547,1.0303768265242956,0.0,1.3638041325750734,1.5707963267948966,0.30000000000001137,0.5,0.0,0.0,1_6,1.0,0.29229581277485295,1282.0848570978756,59.036243467925516,11.859779120948104,0.5830951894845359
lpJL9-mBNmk_00,148,6,1,374.7480353517547,0.0,0.0,1.3734007669450086,-1.5707963267948966,0.0,0.0,0.0,0.0,1_6,1.0,-0.0,9999.0,0.0,168.69006752597937,0.0
lpJL9-mBNmk_00,149,6,1,374.7480353517547,0.0,0.0,1.4513674007765536,0.0,0.0,0.0,0.0,0.0,1_6,1.0,-0.0,9999.0,0.0,83.1572265873688,0.0
lpJL9-mBNmk_00,150,6,1,374.7480353517547,0.0,0.0,1.2793395323170191,0.0,0.0,0.0,0.0,0.0,1_6,1.0,-0.0,9999.0,0.0,73.30075576600578,0.0
lpJL9-mBNmk_00,151,6,1,374.7480353517547,0.0,0.0,1.2793395323170191,0.0,0.0,0.0,0.0,0.0,1_6,1.0,-0.0,9999.0,0.0,73.30075576600578,0.0
lpJL9-mBNmk_00,152,6,1,374.7480353517547,0.0,0.0,1.2793395323170191,0.0,0.0,0.0,0.0,0.0,1_6,1.0,-0.0,9999.0,0.0,73.30075576600578,0.0
lpJL9-mBNmk_00,153,6,1,375.04033116452956,-2.1112158270654975,0.0,1.5707963267948966,0.0,-0.30000000000001137,-0.5,0.0,0.0,1_6,1.0,-0.29229581277485295,9999.0,120.96375653207448,90.0,0.5830951894845359
lpJL9-mBNmk_00,154,6,1,375.04033116452956,0.0,0.0,1.5707963267948966,0.0,0.0,0.0,0.0,0.0,1_6,1.0,-0.0,9999.0,0.0,90.0,0.0
lpJL9-mBNmk_00,155,6,1,375.0333318519835,0.0,1.5707963267948966,1.5707963267948966,1.5707963267948966,0.0,0.0,0.0,0.5,1_6,1.0,0.006999312546042802,53581.452376207424,90.0,0.0,0.5
lpJL9-mBNmk_00,156,6,1,375.0333318519835,0.0,0.0,1.5707963267948966,1.5707963267948966,0.0,0.0,0.0,0.0,1_6,1.0,-0.0,9999.0,0.0,0.0,0.0
lpJL9-mBNmk_00,157,6,1,375.0333318519835,0.0,0.0,1.5707963267948966,1.5707963267948966,0.0,0.0,0.0,0.0,1_6,1.0,-0.0,9999.0,0.0,0.0,0.0
lpJL9-mBNmk_00,158,6,1,375.04033116452956,0.0,-1.5707963267948966,1.5707963267948966,0.0,0.0,0.0,0.0,-0.5,1_6,1.0,-0.006999312546042802,9999.0,90.0,90.0,0.5
lpJL9-mBNmk_00,159,6,1,375.04033116452956,0.0,0.0,1.5707963267948966,0.0,0.0,0.0,0.0,0.0,1_6,1.0,-0.0,9999.0,0.0,90.0,0.0
lpJL9-mBNmk_00,160,6,1,375.0333318519835,0.0,1.5707963267948966,1.5707963267948966,1.5707963267948966,0.0,0.0,0.0,0.5,1_6,1.0,0.006999312546042802,53581.452376207424,90.0,0.0,0.5
lpJL9-mBNmk_00,161,6,1,375.0333318519835,0.0,0.0,1.5707963267948966,1.5707963267948966,0.0,0.0,0.0,0.0,1_6,1.0,-0.0,9999.0,0.0,0.0,0.0
lpJL9-mBNmk_00,162,6,1,375.0333318519835,0.0,0.0,1.5707963267948966,1.5707963267948966,0.0,0.0,0.0,0.0,1_6,1.0,-0.0,9999.0,0.0,0.0,0.0
lpJL9-mBNmk_00,163,6,1,375.0333318519835,0.0,0.0,3.141592653589793,1.5707963267948966,0.0,0.0,0.0,0.0,1_6,1.0,-0.0,9999.0,0.0,90.0,0.0
lpJL9-mBNmk_00,164,6,1,375.0333318519835,0.0,0.0,-2.1112158270654975,1.5707963267948966,0.0,0.0,0.0,0.0,1_6,1.0,-0.0,9999.0,0.0,149.03624346792552,0.0
lpJL9-mBNmk_00,165,6,1,375.0333318519835,0.0,0.0,-2.1112158270654975,1.5707963267948966,0.0,0.0,0.0,0.0,1_6,1.0,-0.0,9999.0,0.0,149.03624346792552,0.0
lpJL9-mBNmk_00,166,6,1,375.0333318519835,0.0,0.0,0.0,1.5707963267948966,0.0,0.0,0.0,0.0,1_6,1.0,-0.0,9999.0,0.0,90.0,0.0
lpJL9-mBNmk_00,167,6,1,375.0333318519835,0.0,0.0,-2.1112158270654975,1.5707963267948966,0.0,0.0,0.0,0.0,1_6,1.0,-0.0,9999.0,0.0,149.03624346792552,0.0
lpJL9-mBNmk_00,168,6,1,374.783354086064,0.0,0.0,-1.670464979286081,1.5707963267948966,0.25,0.0,0.0,0.0,1_6,1.0,0.2499777659195388,1499.2667556149645,0.0,174.28940686249908,0.25
lpJL9-mBNmk_00,169,6,1,374.783354086064,0.0,0.0,-1.670464979286081,1.5707963267948966,0.0,0.0,0.0,0.0,1_6,1.0,-0.0,9999.0,0.0,174.28940686249908,0.0
lpJL9-mBNmk_00,170,6,1,374.783354086064,0.0,0.0,-1.670464979286081,1.5707963267948966,0.0,0.0,0.0,0.0,1_6,1.0,-0.0,9999.0,0.0,174.28940686249908,0.0
lpJL9-mBNmk_00,171,6,1,374.783354086064,0.0,0.0,-1.670464979286081,1.5707963267948966,0.0,0.0,0.0,0.0,1_6,1.0,-0.0,9999.0,0.0,174.28940686249908,0.0
lpJL9-mBNmk_00,172,6,1,374.4903903974039,1.0303768265242956,0.0,0.0,1.5707963267948966,0.30000000000001137,0.5,0.0,0.0,1_6,1.0,0.29296368866005196,1278.2826162185363,59.036243467925516,90.0,0.5830951894845359
lpJL9-mBNmk_00,173,6,1,374.783354086064,-2.1112158270654975,0.0,0.0,1.5707963267948966,-0.30000000000001137,-0.5,0.0,0.0,1_6,1.0,-0.29296368866005196,9999.0,120.96375653207448,90.0,0.5830951894845359
lpJL9-mBNmk_00,174,6,1,374.79035806701324,1.5707963267948966,0.0,1.1071487177940904,1.5707963267948966,0.0,0.5,0.0,0.0,1_6,1.0,-0.0070039809492641325,9999.0,90.0,26.565051177077994,0.5
lpJL9-mBNmk_00,175,6,1,374.79035806701324,0.0,0.0,1.1071487177940904,0.0,0.0,0.0,0.0,0.0,1_6,1.0,-0.0,9999.0,0.0,63.43494882292201,0.0
lpJL9-mBNmk_00,176,6,1,374.03342096662965,-2.0344439357957027,3.141592653589793,0.0,3.141592653589793,-0.25,-0.5,-1.0,0.0,1_6,1.0,0.7569371003835954,494.140689863239,63.43494882292201,180.0,0.9013878188659973
lpJL9-mBNmk_00,177,6,1,374.03342096662965,0.0,0.0,0.0,3.141592653589793,0.0,0.0,0.0,0.0,1_6,1.0,-0.0,9999.0,0.0,180.0,0.0
lpJL9-mBNmk_00,178,6,1,374.03342096662965,0.0,0.0,0.0,2.677945044588987,0.0,0.0,0.0,0.0,1_6,1.0,-0.0,9999.0,0.0,153.434948822922,0.0
lpJL9-mBNmk_00,179,6,1,373.9834254348714,0.0,0.0,0.0,2.677945044588987,0.05000000000001137,0.0,0.0,0.0,1_6,1.0,0.04999553175827032,7480.336987775045,0.0,153.434948822922,0.05000000000001137
lpJL9-mBNmk_00,180,6,1,374.53337634982546,3.141592653589793,0.0,0.0,3.141592653589793,-0.05000000000001137,0.0,0.5,0.0,1_6,1.0,-0.5499509149540813,9999.0,180.0,180.0,0.5500000000000114
lpJL9-mBNmk_00,181,6,1,374.2833986433275,0.0,0.0,0.0,3.141592653589793,0.25,0.0,0.0,0.0,1_6,1.0,0.24997770649798667,1497.267111882803,0.0,180.0,0.25
lpJL9-mBNmk_00,182,6,1,374.2833986433275,0.0,0.0,0.0,3.141592653589793,0.0,0.0,0.0,0.0,1_6,1.0,-0.0,9999.0,0.0,180.0,0.0
lpJL9-mBNmk_00,183,6,1,374.983336296428,3.141592653589793,0.0,0.0,0.0,-0.19999999999998863,0.0,0.5,0.0,1_6,1.0,-0.6999376531005055,9999.0,180.0,0.0,0.6999999999999886
lpJL9-mBNmk_00,184,6,1,374.4903903974039,0.7853981633974483,0.0,0.7378150601204546,0.0,0.5,0.5,0.0,0.0,1_6,1.0,0.4929458990240505,759.6987643853647,45.0,42.27368900609314,0.7071067811865476
lpJL9-mBNmk_00,185,6,1,374.4833808061447,-1.5707963267948966,0.0,0.0,0.0,0.0,-0.5,0.0,0.0,1_6,1.0,0.007009591259247827,53424.42475687649,90.0,0.0,0.5
lpJL9-mBNmk_00,186,6,1,374.4833808061447,0.0,0.0,0.0,0.0,0.0,0.0,0.0,0.0,1_6,1.0,-0.0,9999.0,0.0,0.0,0.0
lpJL9-mBNmk_00,187,6,1,374.4833808061447,0.0,0.0,0.0,0.0,0.0,0.0,0.0,0.0,1_6,1.0,-0.0,9999.0,0.0,0.0,0.0
lpJL9-mBNmk_00,188,6,1,374.4833808061447,0.0,0.0,0.0,0.0,0.0,0.0,0.0,0.0,1_6,1.0,-0.0,9999.0,0.0,0.0,0.0
lpJL9-mBNmk_00,189,6,1,373.9834254348714,0.0,3.141592653589793,0.0,3.141592653589793,0.0,0.0,-0.5,0.0,1_6,1.0,0.4999553712733018,748.0336184455801,180.0,180.0,0.5
lpJL9-mBNmk_00,190,6,1,374.7333585364399,3.141592653589793,0.0,0.0,0.0,-0.25,0.0,0.5,0.0,1_6,1.0,-0.7499331015685016,9999.0,180.0,0.0,0.75
lpJL9-mBNmk_00,191,6,1,373.9834254348714,0.0,3.141592653589793,0.0,3.141592653589793,0.25,0.0,-0.5,0.0,1_6,1.0,0.7499331015685016,498.6890492667637,180.0,180.0,0.75
lpJL9-mBNmk_00,192,6,1,373.9834254348714,0.0,0.0,-1.5707963267948966,3.141592653589793,0.0,0.0,0.0,0.0,1_6,1.0,-0.0,9999.0,0.0,90.00000000000001,0.0
lpJL9-mBNmk_00,193,6,1,373.9834254348714,0.0,0.0,0.0,3.141592653589793,0.0,0.0,0.0,0.0,1_6,1.0,-0.0,9999.0,0.0,180.0,0.0
lpJL9-mBNmk_00,194,6,1,374.7333585364399,3.141592653589793,0.0,-1.471127674303712,0.0,-0.25,0.0,0.5,0.0,1_6,1.0,-0.7499331015685016,9999.0,180.0,84.28940686249906,0.75
lpJL9-mBNmk_00,195,6,1,374.7333585364399,0.0,0.0,-1.471127674303712,0.0,0.0,0.0,0.0,0.0,1_6,1.0,-0.0,9999.0,0.0,84.28940686249906,0.0
lpJL9-mBNmk_00,196,6,1,374.983336296428,3.141592653589793,0.0,0.0,0.0,-0.25,0.0,0.0,0.0,1_6,1.0,-0.24997775998809857,9999.0,180.0,0.0,0.25
lpJL9-mBNmk_00,197,6,1,374.53337634982546,0.0,0.0,0.0,0.0,0.44999999999998863,0.0,0.0,0.0,1_6,1.0,0.4499599466025188,832.3704791455073,0.0,0.0,0.44999999999998863
lpJL9-mBNmk_00,198,6,1,375.0333318519835,3.141592653589793,0.0,0.0,0.0,-0.5,0.0,0.0,0.0,1_6,1.0,-0.49995550215805906,9999.0,180.0,0.0,0.5
lpJL9-mBNmk_00,199,6,1,375.0333318519835,0.0,0.0,3.141592653589793,0.0,0.0,0.0,0.0,0.0,1_6,1.0,-0.0,9999.0,0.0,180.0,0.0
lpJL9-mBNmk_00,200,6,1,374.783354086064,0.0,0.0,0.0,0.0,0.25,0.0,0.0,0.0,1_6,1.0,0.2499777659195388,1499.2667556149645,0.0,0.0,0.25
lpJL9-mBNmk_00,201,6,1,375.0333318519835,3.141592653589793,0.0,3.141592653589793,0.0,-0.25,0.0,0.0,0.0,1_6,1.0,-0.2499777659195388,9999.0,180.0,180.0,0.25
lpJL9-mBNmk_00,202,6,1,375.0333318519835,0.0,0.0,3.141592653589793,0.0,0.0,0.0,0.0,0.0,1_6,1.0,-0.0,9999.0,0.0,180.0,0.0
lpJL9-mBNmk_00,203,6,1,374.783354086064,0.0,0.0,0.0,0.0,0.25,0.0,0.0,0.0,1_6,1.0,0.2499777659195388,1499.2667556149645,0.0,0.0,0.25
lpJL9-mBNmk_00,204,6,1,375.0333318519835,3.141592653589793,0.0,-2.4037775934693384,0.0,-0.25,0.0,0.0,0.0,1_6,1.0,-0.2499777659195388,9999.0,180.0,137.72631099390685,0.25
lpJL9-mBNmk_00,205,6,1,375.08332740872396,3.141592653589793,0.0,3.141592653589793,0.0,-0.05000000000001137,0.0,0.0,0.0,1_6,1.0,-0.049995556740441316,9999.0,180.0,180.0,0.05000000000001137
lpJL9-mBNmk_00,206,6,1,375.02699902806995,-1.471127674303712,0.0,-2.4037775934693384,0.0,0.05000000000001137,-0.5,0.0,0.0,1_6,1.0,0.05632838065400847,6657.869348874706,84.28940686249906,137.72631099390685,0.5024937810560456
lpJL9-mBNmk_00,207,6,1,375.0333318519835,1.5707963267948966,0.0,3.141592653589793,0.0,0.0,0.5,0.0,0.0,1_6,1.0,-0.006332823913567154,9999.0,90.0,180.0,0.5
lpJL9-mBNmk_00,208,6,1,375.0769954289386,-1.670464979286081,0.0,-2.4468543773931084,0.0,-0.05000000000001137,-0.5,0.0,0.0,1_6,1.0,-0.04366357695505485,9999.0,95.71059313750094,140.19442890773587,0.5024937810560456
lpJL9-mBNmk_00,209,6,1,375.08332740872396,1.5707963267948966,0.0,3.141592653589793,0.0,0.0,0.5,0.0,0.0,1_6,1.0,-0.006331979785386466,9999.0,90.0,180.0,0.5
lpJL9-mBNmk_00,210,6,1,375.08332740872396,0.0,0.0,3.141592653589793,0.0,0.0,0.0,0.0,0.0,1_6,1.0,-0.0,9999.0,0.0,180.0,0.0
lpJL9-mBNmk_00,211,6,1,375.08332740872396,0.0,0.0,3.141592653589793,0.0,0.0,0.0,0.0,0.0,1_6,1.0,-0.0,9999.0,0.0,180.0,0.0
lpJL9-mBNmk_00,212,6,1,375.0333318519835,0.0,0.0,3.141592653589793,0.0,0.05000000000001137,0.0,0.0,0.0,1_6,1.0,0.049995556740441316,7501.333244452496,0.0,180.0,0.05000000000001137
lpJL9-mBNmk_00,213,6,1,375.0333318519835,0.0,0.0,3.141592653589793,0.0,0.0,0.0,0.0,0.0,1_6,1.0,-0.0,9999.0,0.0,180.0,0.0
lpJL9-mBNmk_00,214,6,1,375.0333318519835,0.0,0.0,3.141592653589793,0.0,0.0,0.0,0.0,0.0,1_6,1.0,-0.0,9999.0,0.0,180.0,0.0
lpJL9-mBNmk_00,215,6,1,375.0769954289386,-1.670464979286081,0.0,-2.1815222911841357,0.0,-0.05000000000001137,-0.5,0.0,0.0,1_6,1.0,-0.04366357695505485,9999.0,95.71059313750094,124.99202019856041,0.5024937810560456
lpJL9-mBNmk_00,216,6,1,374.7213498054254,-0.9600703624056575,0.0,-1.3258176636680323,0.0,0.35000000000002274,-0.5,0.0,0.0,1_6,1.0,0.3556456235131691,1053.6368931067416,55.00797980143959,75.96375653207352,0.6103277807866982
lpJL9-mBNmk_00,217,6,1,374.7213498054254,0.0,0.0,-1.7681918866447663,0.0,0.0,0.0,0.0,0.0,1_6,1.0,-0.0,9999.0,0.0,101.30993247401959,0.0
lpJL9-mBNmk_00,218,6,1,375.0713298827304,3.141592653589793,0.0,-1.6207547225168506,0.0,-0.35000000000002274,0.0,0.0,0.0,1_6,1.0,-0.3499800773050197,9999.0,180.0,92.86240522611239,0.35000000000002274
lpJL9-mBNmk_00,219,6,1,375.0713298827304,0.0,0.0,-1.6207547225168506,0.0,0.0,0.0,0.0,0.0,1_6,1.0,-0.0,9999.0,0.0,92.86240522611239,0.0
lpJL9-mBNmk_00,220,6,1,375.0713298827304,0.0,0.0,-1.862253121272774,0.0,0.0,0.0,0.0,0.0,1_6,1.0,-0.0,9999.0,0.0,106.69924423399421,0.0
lpJL9-mBNmk_00,221,6,1,375.0713298827304,0.0,0.0,-1.6207547225168506,0.0,0.0,0.0,0.0,0.0,1_6,1.0,-0.0,9999.0,0.0,92.86240522611239,0.0
lpJL9-mBNmk_00,222,6,1,374.7270206430276,0.0,-1.5707963267948966,-1.2793395323170191,-1.5707963267948966,0.35000000000002274,0.0,0.0,-0.5,1_6,1.0,0.3443092397028522,1088.3443644045879,90.0,16.699244233994218,0.6103277807866982
lpJL9-mBNmk_00,223,6,1,375.0769954289386,3.141592653589793,0.0,-1.862253121272774,-1.5707963267948966,-0.35000000000002274,0.0,0.0,0.0,1_6,1.0,-0.3499747859110016,9999.0,180.0,16.699244233994218,0.35000000000002274
lpJL9-mBNmk_00,224,6,1,375.0769954289386,0.0,0.0,-1.6207547225168506,-1.5707963267948966,0.0,0.0,0.0,0.0,1_6,1.0,-0.0,9999.0,0.0,2.8624052261123945,0.0
lpJL9-mBNmk_00,225,6,1,375.0769954289386,0.0,0.0,-1.5707963267948966,-1.5707963267948966,0.0,0.0,0.0,0.0,1_6,1.0,-0.0,9999.0,0.0,0.0,0.0
lpJL9-mBNmk_00,226,6,1,375.0979905304746,1.5707963267948966,-1.5707963267948966,1.670464979286081,-1.5707963267948966,0.0,1.0,0.0,-0.5,1_6,1.0,-0.020995101536016136,9999.0,180.0,174.28940686249908,1.5
lpJL9-mBNmk_00,227,6,1,375.090325788336,0.0,1.5707963267948966,3.141592653589793,-1.5707963267948966,0.0,0.0,0.0,0.5,1_6,1.0,0.007664742138615566,48937.10956022928,90.0,90.00000000000001,0.5
lpJL9-mBNmk_00,228,6,1,374.7333585364399,0.0,1.5707963267948966,0.9600703624056575,0.0,0.35000000000002274,0.0,0.0,0.5,1_6,1.0,0.35696725189609424,1049.7695700263198,90.0,55.00797980143959,0.6103277807866982
lpJL9-mBNmk_00,229,6,1,374.74036345181713,1.5707963267948966,0.0,0.9600703624056575,0.0,0.0,0.5,0.0,0.0,1_6,1.0,-0.007004915377251564,9999.0,90.0,55.00797980143959,0.5
lpJL9-mBNmk_00,230,6,1,374.9770026281612,-1.7359450042095235,-1.5707963267948966,-1.471127674303712,-1.5707963267948966,-0.25,-1.5,0.0,-0.5,1_6,1.0,-0.23663917634405607,9999.0,9.462322208025622,5.710593137500933,1.0307764064044151
lpJL9-mBNmk_00,231,6,1,374.9553340065987,-1.5707963267948966,1.5707963267948966,-1.5374753309166418,0.0,0.0,-2.0,0.0,0.5,1_6,1.0,0.02166862156246907,17304.069524017927,180.0,88.0908475670032,2.5
lpJL9-mBNmk_00,232,6,1,374.51201582859795,1.6207547225168506,3.141592653589793,-1.5707963267948966,3.141592653589793,-0.05000000000001137,1.0,-0.5,0.0,1_6,1.0,0.4433181780007658,844.7928246875341,87.1375947738876,90.00000000000001,1.0965856099730606
lpJL9-mBNmk_00,233,6,1,375.02699902806995,1.5707963267948966,-0.7853981633974483,-1.5707963267948966,-1.5707963267948966,0.0,1.0,0.5,-0.5,1_6,1.0,-0.5149831994719989,9999.0,135.0,0.0,1.5811388300841898
lpJL9-mBNmk_00,234,6,1,375.02699902806995,0.0,0.0,-1.5707963267948966,-1.5707963267948966,0.0,0.0,0.0,0.0,1_6,1.0,-0.0,9999.0,0.0,0.0,0.0
lpJL9-mBNmk_00,235,6,1,375.0333318519835,1.5707963267948966,0.0,0.0,-1.5707963267948966,0.0,0.5,0.0,0.0,1_6,1.0,-0.006332823913567154,9999.0,90.0,90.0,0.5
lpJL9-mBNmk_00,236,6,1,374.5213612065405,-1.5707963267948966,2.356194490192345,3.141592653589793,3.141592653589793,0.0,-0.5,-0.5,0.5,1_6,1.0,0.5119706454430002,731.5289744443708,135.0,0.0,1.118033988749895
lpJL9-mBNmk_00,237,6,1,374.5213612065405,0.0,0.0,3.141592653589793,3.141592653589793,0.0,0.0,0.0,0.0,1_6,1.0,-0.0,9999.0,0.0,0.0,0.0
lpJL9-mBNmk_00,238,6,1,375.02133272655306,0.0,0.0,0.0,0.0,0.0,0.0,0.5,0.0,1_6,1.0,-0.49997152001253653,9999.0,0.0,0.0,0.5
lpJL9-mBNmk_00,239,6,1,375.0163329776451,-1.5707963267948966,0.0,-1.471127674303712,0.0,0.0,-0.5,0.0,0.0,1_6,1.0,0.004999748907948742,75007.03332950051,90.0,84.28940686249906,0.5
lpJL9-mBNmk_00,240,6,1,374.9770026281612,1.471127674303712,-1.5707963267948966,0.0,-1.5707963267948966,0.05000000000001137,0.5,0.0,-0.5,1_6,1.0,0.03933034948391878,9534.036883691566,174.28940686249908,90.0,1.0012492197250398
lpJL9-mBNmk_00,241,6,1,374.9770026281612,0.0,0.0,0.0,-1.5707963267948966,0.0,0.0,0.0,0.0,1_6,1.0,-0.0,9999.0,0.0,90.0,0.0
lpJL9-mBNmk_00,242,6,1,374.9770026281612,0.0,0.0,3.141592653589793,0.0,0.0,0.0,0.0,0.0,1_6,1.0,-0.0,9999.0,0.0,180.0,0.0
lpJL9-mBNmk_00,243,6,1,374.9770026281612,0.0,0.0,0.0,0.0,0.0,0.0,0.0,0.0,1_6,1.0,-0.0,9999.0,0.0,0.0,0.0
lpJL9-mBNmk_00,244,6,1,374.9770026281612,0.0,0.0,0.0,0.0,0.0,0.0,0.0,0.0,1_6,1.0,-0.0,9999.0,0.0,0.0,0.0
lpJL9-mBNmk_00,245,6,1,374.9770026281612,0.0,0.0,0.0,0.0,0.0,0.0,0.0,0.0,1_6,1.0,-0.0,9999.0,0.0,0.0,0.0
lpJL9-mBNmk_00,246,6,1,375.0333318519835,1.670464979286081,0.0,-1.471127674303712,1.5707963267948966,-0.05000000000001137,0.5,0.0,0.0,1_6,1.0,-0.05632922382233119,9999.0,95.71059313750094,174.28940686249908,0.5024937810560456
lpJL9-mBNmk_00,247,6,1,375.0333318519835,0.0,0.0,-1.471127674303712,0.0,0.0,0.0,0.0,0.0,1_6,1.0,-0.0,9999.0,0.0,84.28940686249906,0.0
lpJL9-mBNmk_00,248,6,1,374.983336296428,0.0,0.0,-2.0344439357957027,-1.5707963267948966,0.05000000000001137,0.0,0.0,0.0,1_6,1.0,0.04999555555554025,7500.333422235054,0.0,26.565051177077994,0.05000000000001137
lpJL9-mBNmk_00,249,6,1,374.983336296428,-1.5707963267948966,-1.5707963267948966,-1.7359450042095235,-1.5707963267948966,0.0,-0.5,0.0,-0.5,1_6,1.0,-0.0,9999.0,0.0,9.462322208025622,0.0
lpJL9-mBNmk_00,250,6,1,374.4980674182445,1.5707963267948966,3.141592653589793,1.5707963267948966,-2.356194490192345,0.0,1.0,-0.5,0.0,1_6,1.0,0.48526887818348996,771.7331241601676,90.0,135.0,1.118033988749895
lpJL9-mBNmk_00,251,6,1,374.4903903974039,0.0,1.5707963267948966,1.5707963267948966,-2.356194490192345,0.0,0.0,0.0,0.5,1_6,1.0,0.0076770208405605445,48780.69216887266,90.0,135.0,0.5
lpJL9-mBNmk_00,252,6,1,374.8480225371344,3.141592653589793,-1.5707963267948966,1.7196862744043995,-1.5707963267948966,-0.35000000000002274,0.0,0.0,-0.5,1_6,1.0,-0.3576321397304696,9999.0,90.00000000000001,171.46923439005155,0.6103277807866982
lpJL9-mBNmk_00,253,6,1,374.7980289435898,0.0,0.0,1.8157749899217608,-2.356194490192345,0.05000000000001137,0.0,0.0,0.0,1_6,1.0,0.04999359354457056,7496.921152696253,0.0,120.96375653207352,0.05000000000001137
lpJL9-mBNmk_00,254,6,1,374.7980289435898,0.0,0.0,1.8157749899217608,-2.356194490192345,0.0,0.0,0.0,0.0,1_6,1.0,-0.0,9999.0,0.0,120.96375653207352,0.0
lpJL9-mBNmk_00,255,6,1,374.8480225371344,3.141592653589793,0.0,2.1112158270654975,-2.356194490192345,-0.05000000000001137,0.0,0.0,0.0,1_6,1.0,-0.04999359354457056,9999.0,180.0,104.03624346792553,0.05000000000001137
lpJL9-mBNmk_00,256,6,1,375.49028283032834,3.141592653589793,0.7853981633974483,1.9936502529278277,-0.7853981633974483,-0.14999999999997726,0.0,0.5,0.5,1_6,1.0,-0.6422602931939423,9999.0,135.0,159.22774531795363,0.8200609733428182
lpJL9-mBNmk_00,257,6,1,375.49028283032834,0.0,0.0,1.9936502529278277,-0.7853981633974483,0.0,0.0,0.0,0.0,1_6,1.0,-0.0,9999.0,0.0,159.22774531795363,0.0
lpJL9-mBNmk_00,258,6,1,375.49028283032834,0.0,0.0,1.9936502529278277,-1.5707963267948966,0.0,0.0,0.0,0.0,1_6,1.0,-0.0,9999.0,0.0,155.77225468204637,0.0
lpJL9-mBNmk_00,259,6,1,375.75831660789623,-1.6704649792860624,0.0,-2.0344439357957027,-1.5707963267948966,-0.30000000000001137,-3.0,0.0,0.0,1_6,1.0,-0.2680337775678936,9999.0,95.71059313749986,26.565051177077994,3.0149626863362684
lpJL9-mBNmk_00,260,6,1,375.75831660789623,1.5707963267948966,1.5707963267948966,-2.060753653048631,1.5707963267948966,0.0,0.5,0.0,0.5,1_6,1.0,-0.0,9999.0,0.0,151.9275130641467,0.0
lpJL9-mBNmk_00,261,6,1,375.49028283032834,1.4513674007765536,-1.5707963267948966,2.0344439357957027,0.0,0.30000000000001137,2.5,0.0,-0.5,1_6,1.0,0.2680337775678936,1400.9065806462238,173.1572265873688,116.56505117707799,3.0149626863362684
lpJL9-mBNmk_00,262,6,1,375.49028283032834,0.0,0.0,2.0344439357957027,0.0,0.0,0.0,0.0,0.0,1_6,1.0,-0.0,9999.0,0.0,116.56505117707799,0.0
lpJL9-mBNmk_00,263,6,1,375.4832919052457,-1.5707963267948966,0.0,2.356194490192345,0.0,0.0,-0.5,0.0,0.0,1_6,1.0,0.00699092508261856,53710.10094769927,90.0,135.0,0.5
lpJL9-mBNmk_00,264,6,1,375.49028283032834,1.5707963267948966,0.0,2.0344439357957027,0.0,0.0,0.5,0.0,0.0,1_6,1.0,-0.00699092508261856,9999.0,90.0,116.56505117707799,0.5
lpJL9-mBNmk_00,265,6,1,375.49028283032834,0.0,0.0,2.0344439357957027,0.0,0.0,0.0,0.0,0.0,1_6,1.0,-0.0,9999.0,0.0,116.56505117707799,0.0
lpJL9-mBNmk_00,266,6,1,375.49028283032834,0.0,0.0,2.3036114285813905,0.0,0.0,0.0,0.0,0.0,1_6,1.0,-0.0,9999.0,0.0,131.98721249581592,0.0
lpJL9-mBNmk_00,267,6,1,375.49028283032834,0.0,0.0,2.3036114285813905,0.0,0.0,0.0,0.0,0.0,1_6,1.0,-0.0,9999.0,0.0,131.98721249581592,0.0
lpJL9-mBNmk_00,268,6,1,375.49028283032834,0.0,0.0,2.356194490192345,0.0,0.0,0.0,0.0,0.0,1_6,1.0,-0.0,9999.0,0.0,135.0,0.0
lpJL9-mBNmk_00,269,6,1,375.49028283032834,0.0,0.0,2.0344439357957027,1.5707963267948966,0.0,0.0,0.0,0.0,1_6,1.0,-0.0,9999.0,0.0,26.565051177077994,0.0
lpJL9-mBNmk_00,270,6,1,375.49028283032834,0.0,0.0,3.141592653589793,0.7853981633974483,0.0,0.0,0.0,0.0,1_6,1.0,-0.0,9999.0,0.0,135.0,0.0
lpJL9-mBNmk_00,271,6,1,375.49028283032834,0.0,0.0,3.141592653589793,0.0,0.0,0.0,0.0,0.0,1_6,1.0,-0.0,9999.0,0.0,180.0,0.0
lpJL9-mBNmk_00,272,6,1,375.28330964752485,0.0,1.5707963267948966,0.0,1.1071487177940904,0.19999999999998863,0.0,0.0,0.5,1_6,1.0,0.20697318280349464,1813.1977513426361,90.0,63.43494882292201,0.5385164807134462
lpJL9-mBNmk_00,273,6,1,375.28330964752485,0.0,0.0,0.0,1.1071487177940904,0.0,0.0,0.0,0.0,1_6,1.0,-0.0,9999.0,0.0,63.43494882292201,0.0
lpJL9-mBNmk_00,274,6,1,375.53328747262873,3.141592653589793,0.0,3.141592653589793,1.1071487177940904,-0.25,0.0,0.0,0.0,1_6,1.0,-0.24997782510388333,9999.0,180.0,116.56505117707799,0.25
lpJL9-mBNmk_00,275,6,1,375.28330964752485,0.0,0.0,0.0,1.1071487177940904,0.25,0.0,0.0,0.0,1_6,1.0,0.24997782510388333,1501.2664002959793,0.0,63.43494882292201,0.25
lpJL9-mBNmk_00,276,6,1,375.58328304119186,3.141592653589793,0.0,3.141592653589793,1.5707963267948966,-0.30000000000001137,0.0,0.0,0.0,1_6,1.0,-0.2999733936670168,9999.0,180.0,90.0,0.30000000000001137
lpJL9-mBNmk_00,277,6,1,375.28330964752485,0.0,0.0,0.0,1.5707963267948966,0.30000000000001137,0.0,0.0,0.0,1_6,1.0,0.2999733936670168,1251.0553188063914,0.0,90.0,0.30000000000001137
lpJL9-mBNmk_00,278,6,1,375.53328747262873,3.141592653589793,0.0,3.141592653589793,1.5707963267948966,-0.25,0.0,0.0,0.0,1_6,1.0,-0.24997782510388333,9999.0,180.0,90.0,0.25
lpJL9-mBNmk_00,279,6,1,375.53328747262873,0.0,0.0,1.4876550949064553,1.5707963267948966,0.0,0.0,0.0,0.0,1_6,1.0,-0.0,9999.0,0.0,4.763641690726179,0.0
lpJL9-mBNmk_00,280,6,1,375.53328747262873,0.0,0.0,1.4711276743037345,0.0,0.0,0.0,0.0,0.0,1_6,1.0,-0.0,9999.0,0.0,84.28940686250036,0.0
lpJL9-mBNmk_00,281,6,1,375.53328747262873,0.0,0.0,3.141592653589793,1.5707963267948966,0.0,0.0,0.0,0.0,1_6,1.0,-0.0,9999.0,0.0,90.0,0.0
lpJL9-mBNmk_00,282,6,1,375.58328304119186,3.141592653589793,0.0,3.141592653589793,1.5707963267948966,-0.05000000000001137,0.0,0.0,0.0,1_6,1.0,-0.049995568563133475,9999.0,180.0,90.0,0.05000000000001137
lpJL9-mBNmk_00,283,6,1,375.58328304119186,0.0,0.0,1.768191886644821,1.5707963267948966,0.0,0.0,0.0,0.0,1_6,1.0,-0.0,9999.0,0.0,11.309932474022714,0.0
lpJL9-mBNmk_00,284,6,1,375.58328304119186,0.0,0.0,3.141592653589793,1.5707963267948966,0.0,0.0,0.0,0.0,1_6,1.0,-0.0,9999.0,0.0,90.0,0.0
lpJL9-mBNmk_00,285,6,1,375.58328304119186,0.0,0.0,3.141592653589793,1.5707963267948966,0.0,0.0,0.0,0.0,1_6,1.0,-0.0,9999.0,0.0,90.0,0.0
lpJL9-mBNmk_00,286,6,1,375.0333318519835,0.0,0.0,0.0,1.5707963267948966,0.5500000000000114,0.0,0.0,0.0,1_6,1.0,0.5499511892083433,681.9393051806022,0.0,90.0,0.5500000000000114
lpJL9-mBNmk_00,287,6,1,375.0333318519835,0.0,0.0,0.0,1.5707963267948966,0.0,0.0,0.0,0.0,1_6,1.0,-0.0,9999.0,0.0,90.0,0.0
lpJL9-mBNmk_00,288,6,1,375.0333318519835,0.0,0.0,0.0,1.5707963267948966,0.0,0.0,0.0,0.0,1_6,1.0,-0.0,9999.0,0.0,90.0,0.0
lpJL9-mBNmk_00,289,6,1,375.0333318519835,0.0,0.0,0.0,1.5707963267948966,0.0,0.0,0.0,0.0,1_6,1.0,-0.0,9999.0,0.0,90.0,0.0
lpJL9-mBNmk_00,290,6,1,375.08332740872396,3.141592653589793,0.0,0.0,1.5707963267948966,-0.05000000000001137,0.0,0.0,0.0,1_6,1.0,-0.049995556740441316,9999.0,180.0,90.0,0.05000000000001137
lpJL9-mBNmk_00,291,6,1,375.0333318519835,0.0,0.0,0.0,1.5707963267948966,0.05000000000001137,0.0,0.0,0.0,1_6,1.0,0.049995556740441316,7501.333244452496,0.0,90.0,0.05000000000001137
lpJL9-mBNmk_00,292,6,1,375.08332740872396,3.141592653589793,0.0,0.0,0.0,-0.05000000000001137,0.0,0.0,0.0,1_6,1.0,-0.049995556740441316,9999.0,180.0,0.0,0.05000000000001137
lpJL9-mBNmk_00,293,6,1,375.08332740872396,0.0,0.0,0.0,0.0,0.0,0.0,0.0,0.0,1_6,1.0,-0.0,9999.0,0.0,0.0,0.0
lpJL9-mBNmk_00,294,6,1,375.0333318519835,0.0,0.0,0.0,0.0,0.05000000000001137,0.0,0.0,0.0,1_6,1.0,0.049995556740441316,7501.333244452496,0.0,0.0,0.05000000000001137
lpJL9-mBNmk_00,295,6,1,375.0333318519835,0.0,0.0,0.0,0.0,0.0,0.0,0.0,0.0,1_6,1.0,-0.0,9999.0,0.0,0.0,0.0
lpJL9-mBNmk_00,296,6,1,375.0333318519835,0.0,0.0,0.0,0.0,0.0,0.0,0.0,0.0,1_6,1.0,-0.0,9999.0,0.0,0.0,0.0
lpJL9-mBNmk_00,297,6,1,375.0333318519835,0.0,0.0,0.0,0.0,0.0,0.0,0.0,0.0,1_6,1.0,-0.0,9999.0,0.0,0.0,0.0
lpJL9-mBNmk_00,298,6,1,375.0333318519835,0.0,0.0,0.0,0.0,0.0,0.0,0.0,0.0,1_6,1.0,-0.0,9999.0,0.0,0.0,0.0
lpJL9-mBNmk_00,299,6,1,375.0333318519835,0.0,0.0,0.0,0.0,0.0,0.0,0.0,0.0,1_6,1.0,-0.0,9999.0,0.0,0.0,0.0
lpJL9-mBNmk_00,300,6,1,375.0333318519835,0.0,0.0,0.0,0.0,0.0,0.0,0.0,0.0,1_6,1.0,-0.0,9999.0,0.0,0.0,0.0
lpJL9-mBNmk_00,301,6,1,375.0333318519835,0.0,0.0,0.0,0.0,0.0,0.0,0.0,0.0,1_6,1.0,-0.0,9999.0,0.0,0.0,0.0
lpJL9-mBNmk_00,302,6,1,375.08332740872396,3.141592653589793,0.0,0.0,0.0,-0.05000000000001137,0.0,0.0,0.0,1_6,1.0,-0.049995556740441316,9999.0,180.0,0.0,0.05000000000001137
lpJL9-mBNmk_00,303,6,1,375.08332740872396,0.0,0.0,0.0,0.0,0.0,0.0,0.0,0.0,1_6,1.0,-0.0,9999.0,0.0,0.0,0.0
lpJL9-mBNmk_00,304,6,1,375.08332740872396,0.0,0.0,0.0,0.0,0.0,0.0,0.0,0.0,1_6,1.0,-0.0,9999.0,0.0,0.0,0.0
lpJL9-mBNmk_00,305,6,1,375.0333318519835,0.0,0.0,0.0,0.0,0.05000000000001137,0.0,0.0,0.0,1_6,1.0,0.049995556740441316,7501.333244452496,0.0,0.0,0.05000000000001137
lpJL9-mBNmk_00,306,6,1,375.0333318519835,0.0,0.0,0.0,0.0,0.0,0.0,0.0,0.0,1_6,1.0,-0.0,9999.0,0.0,0.0,0.0
lpJL9-mBNmk_00,307,6,1,375.0333318519835,0.0,0.0,0.0,0.0,0.0,0.0,0.0,0.0,1_6,1.0,-0.0,9999.0,0.0,0.0,0.0
lpJL9-mBNmk_00,308,6,1,375.0333318519835,0.0,0.0,0.0,0.0,0.0,0.0,0.0,0.0,1_6,1.0,-0.0,9999.0,0.0,0.0,0.0
lpJL9-mBNmk_00,309,6,1,375.08332740872396,3.141592653589793,0.0,3.141592653589793,0.0,-0.05000000000001137,0.0,0.0,0.0,1_6,1.0,-0.049995556740441316,9999.0,180.0,180.0,0.05000000000001137
lpJL9-mBNmk_00,310,6,1,375.08332740872396,0.0,0.0,0.0,0.0,0.0,0.0,0.0,0.0,1_6,1.0,-0.0,9999.0,0.0,0.0,0.0
lpJL9-mBNmk_00,311,6,1,375.08332740872396,0.0,0.0,3.141592653589793,0.0,0.0,0.0,0.0,0.0,1_6,1.0,-0.0,9999.0,0.0,180.0,0.0
lpJL9-mBNmk_00,312,6,1,375.08332740872396,0.0,0.0,0.0,0.0,0.0,0.0,0.0,0.0,1_6,1.0,-0.0,9999.0,0.0,0.0,0.0
lpJL9-mBNmk_00,313,6,1,375.0333318519835,0.0,0.0,0.0,0.0,0.05000000000001137,0.0,0.0,0.0,1_6,1.0,0.049995556740441316,7501.333244452496,0.0,0.0,0.05000000000001137
lpJL9-mBNmk_00,314,6,1,375.08332740872396,3.141592653589793,0.0,3.141592653589793,0.0,-0.05000000000001137,0.0,0.0,0.0,1_6,1.0,-0.049995556740441316,9999.0,180.0,180.0,0.05000000000001137
lpJL9-mBNmk_00,315,6,1,375.08332740872396,0.0,0.0,3.141592653589793,0.0,0.0,0.0,0.0,0.0,1_6,1.0,-0.0,9999.0,0.0,180.0,0.0
lpJL9-mBNmk_00,316,6,1,375.08332740872396,0.0,0.0,3.141592653589793,0.0,0.0,0.0,0.0,0.0,1_6,1.0,-0.0,9999.0,0.0,180.0,0.0
lpJL9-mBNmk_00,317,6,1,375.08332740872396,0.0,0.0,3.141592653589793,0.0,0.0,0.0,0.0,0.0,1_6,1.0,-0.0,9999.0,0.0,180.0,0.0
lpJL9-mBNmk_00,318,6,1,375.08332740872396,0.0,0.0,3.141592653589793,0.0,0.0,0.0,0.0,0.0,1_6,1.0,-0.0,9999.0,0.0,180.0,0.0
lpJL9-mBNmk_00,319,6,1,375.08332740872396,0.0,0.0,3.141592653589793,0.0,0.0,0.0,0.0,0.0,1_6,1.0,-0.0,9999.0,0.0,180.0,0.0
lpJL9-mBNmk_00,320,6,1,375.0333318519835,0.0,0.0,0.0,0.0,0.05000000000001137,0.0,0.0,0.0,1_6,1.0,0.049995556740441316,7501.333244452496,0.0,0.0,0.05000000000001137
lpJL9-mBNmk_00,321,6,1,375.08332740872396,3.141592653589793,0.0,3.141592653589793,0.0,-0.05000000000001137,0.0,0.0,0.0,1_6,1.0,-0.049995556740441316,9999.0,180.0,180.0,0.05000000000001137
lpJL9-mBNmk_00,322,6,1,375.08332740872396,0.0,0.0,0.0,0.0,0.0,0.0,0.0,0.0,1_6,1.0,-0.0,9999.0,0.0,0.0,0.0
lpJL9-mBNmk_00,323,6,1,375.08332740872396,0.0,0.0,0.0,0.0,0.0,0.0,0.0,0.0,1_6,1.0,-0.0,9999.0,0.0,0.0,0.0
lpJL9-mBNmk_00,324,6,1,375.0333318519835,0.0,0.0,0.0,0.0,0.05000000000001137,0.0,0.0,0.0,1_6,1.0,0.049995556740441316,7501.333244452496,0.0,0.0,0.05000000000001137
lpJL9-mBNmk_00,325,6,1,375.0333318519835,0.0,0.0,0.0,0.0,0.0,0.0,0.0,0.0,1_6,1.0,-0.0,9999.0,0.0,0.0,0.0
lpJL9-mBNmk_00,326,6,1,375.08332740872396,3.141592653589793,0.0,3.141592653589793,0.0,-0.05000000000001137,0.0,0.0,0.0,1_6,1.0,-0.049995556740441316,9999.0,180.0,180.0,0.05000000000001137
lpJL9-mBNmk_00,327,6,1,375.0333318519835,0.0,0.0,0.0,0.0,0.05000000000001137,0.0,0.0,0.0,1_6,1.0,0.049995556740441316,7501.333244452496,0.0,0.0,0.05000000000001137
lpJL9-mBNmk_00,328,6,1,375.0333318519835,0.0,0.0,0.0,0.0,0.0,0.0,0.0,0.0,1_6,1.0,-0.0,9999.0,0.0,0.0,0.0
lpJL9-mBNmk_00,329,6,1,375.0333318519835,0.0,0.0,0.0,0.0,0.0,0.0,0.0,0.0,1_6,1.0,-0.0,9999.0,0.0,0.0,0.0
lpJL9-mBNmk_00,330,6,1,375.0333318519835,0.0,0.0,0.0,0.0,0.0,0.0,0.0,0.0,1_6,1.0,-0.0,9999.0,0.0,0.0,0.0
lpJL9-mBNmk_00,331,6,1,375.0333318519835,0.0,0.0,0.0,0.0,0.0,0.0,0.0,0.0,1_6,1.0,-0.0,9999.0,0.0,0.0,0.0
lpJL9-mBNmk_00,332,6,1,375.0333318519835,0.0,0.0,0.0,0.0,0.0,0.0,0.0,0.0,1_6,1.0,-0.0,9999.0,0.0,0.0,0.0
lpJL9-mBNmk_00,333,6,1,375.0333318519835,0.0,0.0,0.0,0.0,0.0,0.0,0.0,0.0,1_6,1.0,-0.0,9999.0,0.0,0.0,0.0
lpJL9-mBNmk_00,334,6,1,374.983336296428,0.0,0.0,0.0,0.0,0.05000000000001137,0.0,0.0,0.0,1_6,1.0,0.04999555555554025,7500.333422235054,0.0,0.0,0.05000000000001137
lpJL9-mBNmk_00,335,6,1,374.983336296428,0.0,0.0,0.0,0.0,0.0,0.0,0.0,0.0,1_6,1.0,-0.0,9999.0,0.0,0.0,0.0
lpJL9-mBNmk_00,336,6,1,374.7333585364399,0.0,0.0,0.0,0.0,0.25,0.0,0.0,0.0,1_6,1.0,0.24997775998809857,1499.0667911988687,0.0,0.0,0.25
lpJL9-mBNmk_00,337,6,1,374.7333585364399,0.0,0.0,0.0,0.0,0.0,0.0,0.0,0.0,1_6,1.0,-0.0,9999.0,0.0,0.0,0.0
lpJL9-mBNmk_00,338,6,1,374.58337189469586,0.0,0.0,0.0,0.0,0.14999999999997726,0.0,0.0,0.0,1_6,1.0,0.14998664174402165,2497.4448893521308,0.0,0.0,0.14999999999997726
lpJL9-mBNmk_00,339,6,1,374.7333585364399,3.141592653589793,0.0,0.0,0.0,-0.14999999999997726,0.0,0.0,0.0,1_6,1.0,-0.14998664174402165,9999.0,180.0,0.0,0.14999999999997726
lpJL9-mBNmk_00,340,6,1,374.7333585364399,0.0,0.0,0.0,0.0,0.0,0.0,0.0,0.0,1_6,1.0,-0.0,9999.0,0.0,0.0,0.0
lpJL9-mBNmk_00,341,6,1,374.7333585364399,0.0,0.0,0.0,0.0,0.0,0.0,0.0,0.0,1_6,1.0,-0.0,9999.0,0.0,0.0,0.0
lpJL9-mBNmk_00,342,6,1,374.7333585364399,0.0,0.0,0.0,0.0,0.0,0.0,0.0,0.0,1_6,1.0,-0.0,9999.0,0.0,0.0,0.0
lpJL9-mBNmk_00,343,6,1,374.7333585364399,0.0,0.0,0.0,0.0,0.0,0.0,0.0,0.0,1_6,1.0,-0.0,9999.0,0.0,0.0,0.0
lpJL9-mBNmk_00,344,6,1,374.7333585364399,0.0,0.0,0.0,0.0,0.0,0.0,0.0,0.0,1_6,1.0,-0.0,9999.0,0.0,0.0,0.0
lpJL9-mBNmk_00,345,6,1,374.7333585364399,0.0,0.0,0.0,0.0,0.0,0.0,0.0,0.0,1_6,1.0,-0.0,9999.0,0.0,0.0,0.0
lpJL9-mBNmk_00,346,6,1,374.79035806701324,3.141592653589793,-1.5707963267948966,0.0,-1.5707963267948966,-0.05000000000001137,0.0,0.0,-0.5,1_6,1.0,-0.056999530573364154,9999.0,90.00000000000001,90.0,0.5024937810560456
lpJL9-mBNmk_00,347,6,1,374.79035806701324,0.0,0.0,0.0,-1.5707963267948966,0.0,0.0,0.0,0.0,1_6,1.0,-0.0,9999.0,0.0,90.0,0.0
lpJL9-mBNmk_00,348,6,1,374.79035806701324,0.0,0.0,0.0,-1.5707963267948966,0.0,0.0,0.0,0.0,1_6,1.0,-0.0,9999.0,0.0,90.0,0.0
lpJL9-mBNmk_00,349,6,1,374.79035806701324,0.0,0.0,0.0,-1.5707963267948966,0.0,0.0,0.0,0.0,1_6,1.0,-0.0,9999.0,0.0,90.0,0.0
lpJL9-mBNmk_00,350,6,1,375.090325788336,3.141592653589793,0.0,3.141592653589793,-1.5707963267948966,-0.30000000000001137,0.0,0.0,0.0,1_6,1.0,-0.2999677213227301,9999.0,180.0,90.00000000000001,0.30000000000001137
lpJL9-mBNmk_00,351,6,1,374.79035806701324,0.0,0.0,0.0,-1.5707963267948966,0.30000000000001137,0.0,0.0,0.0,1_6,1.0,0.2999677213227301,1249.4356273213236,0.0,90.0,0.30000000000001137
lpJL9-mBNmk_00,352,6,1,374.74036345181713,0.0,0.0,0.0,-1.5707963267948966,0.05000000000001137,0.0,0.0,0.0,1_6,1.0,0.04999461519611259,7495.61451732017,0.0,90.0,0.05000000000001137
lpJL9-mBNmk_00,353,6,1,375.090325788336,3.141592653589793,0.0,3.141592653589793,-1.5707963267948966,-0.35000000000002274,0.0,0.0,0.0,1_6,1.0,-0.3499623365188427,9999.0,180.0,90.00000000000001,0.35000000000002274
lpJL9-mBNmk_00,354,6,1,374.74036345181713,0.0,0.0,0.0,-1.5707963267948966,0.35000000000002274,0.0,0.0,0.0,1_6,1.0,0.3499623365188427,1070.8019816630763,0.0,90.0,0.35000000000002274
lpJL9-mBNmk_00,355,6,1,374.79035806701324,3.141592653589793,0.0,0.0,-1.5707963267948966,-0.05000000000001137,0.0,0.0,0.0,1_6,1.0,-0.04999461519611259,9999.0,180.0,90.0,0.05000000000001137
lpJL9-mBNmk_00,356,6,1,374.79035806701324,0.0,0.0,3.141592653589793,-1.5707963267948966,0.0,0.0,0.0,0.0,1_6,1.0,-0.0,9999.0,0.0,90.00000000000001,0.0
lpJL9-mBNmk_00,357,6,1,374.74036345181713,0.0,0.0,0.0,-1.5707963267948966,0.05000000000001137,0.0,0.0,0.0,1_6,1.0,0.04999461519611259,7495.61451732017,0.0,90.0,0.05000000000001137
lpJL9-mBNmk_00,358,6,1,374.79035806701324,3.141592653589793,0.0,3.141592653589793,-1.5707963267948966,-0.05000000000001137,0.0,0.0,0.0,1_6,1.0,-0.04999461519611259,9999.0,180.0,90.00000000000001,0.05000000000001137
lpJL9-mBNmk_00,359,6,1,374.79035806701324,0.0,0.0,3.141592653589793,-1.5707963267948966,0.0,0.0,0.0,0.0,1_6,1.0,-0.0,9999.0,0.0,90.00000000000001,0.0
lpJL9-mBNmk_00,360,6,1,375.0333318519835,3.141592653589793,1.5707963267948966,3.141592653589793,0.0,-0.25,0.0,0.0,0.5,1_6,1.0,-0.24297378497027466,9999.0,90.0,180.0,0.5590169943749475
lpJL9-mBNmk_00,361,6,1,375.0333318519835,0.0,0.0,3.141592653589793,0.0,0.0,0.0,0.0,0.0,1_6,1.0,-0.0,9999.0,0.0,180.0,0.0
lpJL9-mBNmk_00,362,6,1,375.0333318519835,0.0,0.0,3.141592653589793,0.0,0.0,0.0,0.0,0.0,1_6,1.0,-0.0,9999.0,0.0,180.0,0.0
lpJL9-mBNmk_00,363,6,1,375.0333318519835,0.0,0.0,3.141592653589793,0.0,0.0,0.0,0.0,0.0,1_6,1.0,-0.0,9999.0,0.0,180.0,0.0
lpJL9-mBNmk_00,364,6,1,375.0333318519835,0.0,0.0,3.141592653589793,0.0,0.0,0.0,0.0,0.0,1_6,1.0,-0.0,9999.0,0.0,180.0,0.0
lpJL9-mBNmk_00,365,6,1,375.0333318519835,0.0,0.0,3.141592653589793,0.0,0.0,0.0,0.0,0.0,1_6,1.0,-0.0,9999.0,0.0,180.0,0.0
lpJL9-mBNmk_00,366,6,1,375.0333318519835,0.0,0.0,3.141592653589793,1.5707963267948966,0.0,0.0,0.0,0.0,1_6,1.0,-0.0,9999.0,0.0,90.0,0.0
lpJL9-mBNmk_00,367,6,1,374.7333585364399,0.0,0.0,0.0,1.5707963267948966,0.30000000000001137,0.0,0.0,0.0,1_6,1.0,0.2999733155436388,1249.2223111822934,0.0,90.0,0.30000000000001137
lpJL9-mBNmk_00,368,6,1,374.7333585364399,0.0,0.0,0.0,1.5707963267948966,0.0,0.0,0.0,0.0,1_6,1.0,-0.0,9999.0,0.0,90.0,0.0
lpJL9-mBNmk_00,369,6,1,374.7333585364399,0.0,0.0,0.0,1.5707963267948966,0.0,0.0,0.0,0.0,1_6,1.0,-0.0,9999.0,0.0,90.0,0.0
lpJL9-mBNmk_00,370,6,1,374.7333585364399,0.0,0.0,0.0,1.5707963267948966,0.0,0.0,0.0,0.0,1_6,1.0,-0.0,9999.0,0.0,90.0,0.0
lpJL9-mBNmk_00,371,6,1,374.7333585364399,0.0,0.0,0.0,1.5707963267948966,0.0,0.0,0.0,0.0,1_6,1.0,-0.0,9999.0,0.0,90.0,0.0
lpJL9-mBNmk_00,372,6,1,375.08332740872396,3.141592653589793,0.0,3.141592653589793,1.5707963267948966,-0.35000000000002274,0.0,0.0,0.0,1_6,1.0,-0.34996887228408013,9999.0,180.0,90.0,0.35000000000002274
lpJL9-mBNmk_00,373,6,1,375.08332740872396,0.0,0.0,0.0,1.5707963267948966,0.0,0.0,0.0,0.0,1_6,1.0,-0.0,9999.0,0.0,90.0,0.0
lpJL9-mBNmk_00,374,6,1,375.08332740872396,0.0,0.0,3.141592653589793,1.5707963267948966,0.0,0.0,0.0,0.0,1_6,1.0,-0.0,9999.0,0.0,90.0,0.0
lpJL9-mBNmk_00,375,6,1,375.08332740872396,0.0,0.0,3.141592653589793,1.5707963267948966,0.0,0.0,0.0,0.0,1_6,1.0,-0.0,9999.0,0.0,90.0,0.0
lpJL9-mBNmk_00,376,6,1,375.08332740872396,0.0,0.0,3.141592653589793,1.5707963267948966,0.0,0.0,0.0,0.0,1_6,1.0,-0.0,9999.0,0.0,90.0,0.0
lpJL9-mBNmk_00,377,6,1,375.08332740872396,0.0,0.0,3.141592653589793,1.5707963267948966,0.0,0.0,0.0,0.0,1_6,1.0,-0.0,9999.0,0.0,90.0,0.0
lpJL9-mBNmk_00,378,6,1,375.08332740872396,0.0,0.0,3.141592653589793,1.5707963267948966,0.0,0.0,0.0,0.0,1_6,1.0,-0.0,9999.0,0.0,90.0,0.0
lpJL9-mBNmk_00,379,6,1,375.08332740872396,0.0,0.0,3.141592653589793,1.5707963267948966,0.0,0.0,0.0,0.0,1_6,1.0,-0.0,9999.0,0.0,90.0,0.0
lpJL9-mBNmk_00,380,6,1,375.08332740872396,0.0,0.0,3.141592653589793,0.0,0.0,0.0,0.0,0.0,1_6,1.0,-0.0,9999.0,0.0,180.0,0.0
lpJL9-mBNmk_00,381,6,1,375.08332740872396,0.0,0.0,3.141592653589793,0.0,0.0,0.0,0.0,0.0,1_6,1.0,-0.0,9999.0,0.0,180.0,0.0
lpJL9-mBNmk_00,382,6,1,374.7333585364399,0.0,0.0,0.0,0.0,0.35000000000002274,0.0,0.0,0.0,1_6,1.0,0.34996887228408013,1070.7619683165926,0.0,0.0,0.35000000000002274
lpJL9-mBNmk_00,383,6,1,374.7333585364399,0.0,0.0,0.0,0.0,0.0,0.0,0.0,0.0,1_6,1.0,-0.0,9999.0,0.0,0.0,0.0
lpJL9-mBNmk_00,384,6,1,375.5029959933742,-1.76819188664478,-1.5707963267948966,-1.695151321341658,-1.5707963267948966,-0.8000000000000114,-4.0,0.0,-0.5,1_6,1.0,-0.7696374569343334,9999.0,11.309932474020375,7.125016348901801,3.590264614203251
lpJL9-mBNmk_00,385,6,1,375.5029959933742,0.0,0.0,-1.695151321341658,-1.5707963267948966,0.0,0.0,0.0,0.0,1_6,1.0,-0.0,9999.0,0.0,7.125016348901801,0.0
lpJL9-mBNmk_00,386,6,1,375.5013315555619,0.0,1.5707963267948966,-1.695151321341658,0.0,0.0,0.0,0.0,0.5,1_6,1.0,0.0016644378123373826,225602.4999986287,90.0,97.1250163489018,0.5
lpJL9-mBNmk_00,387,6,1,375.5013315555619,0.0,0.0,-1.76819188664478,0.0,0.0,0.0,0.0,0.0,1_6,1.0,-0.0,9999.0,0.0,101.30993247402037,0.0
lpJL9-mBNmk_00,388,6,1,375.50033288933315,-1.5707963267948966,0.0,-1.7467359522474268,0.0,0.0,-0.5,0.0,0.0,1_6,1.0,0.0009986662287246872,376001.8333340991,90.0,100.08059798754246,0.5
lpJL9-mBNmk_00,389,6,1,375.5013315555619,1.5707963267948966,0.0,-1.76819188664478,0.0,0.0,0.5,0.0,0.0,1_6,1.0,-0.0009986662287246872,9999.0,90.0,101.30993247402037,0.5
lpJL9-mBNmk_00,390,6,1,375.50532619391697,1.5707963267948966,0.0,-1.8313987185422411,0.0,0.0,1.0,0.0,0.0,1_6,1.0,-0.003994638355095503,9999.0,90.0,104.93141717813775,1.0
lpJL9-mBNmk_00,391,6,1,374.5213612065405,1.3258176636680323,3.141592653589793,-1.862253121272774,3.141592653589793,0.5,2.0,-0.5,0.0,1_6,1.0,0.9839649873764529,380.6246828000733,104.03624346792648,73.30075576600579,2.23606797749979
lpJL9-mBNmk_00,392,6,1,374.57509260494083,1.5707963267948966,0.0,1.5507989928217414,3.141592653589793,0.0,3.5,0.0,0.0,1_6,1.0,-0.053731398400316266,9999.0,90.0,91.14576283817537,3.5
lpJL9-mBNmk_00,393,6,1,375.0253858074144,1.6252877830356298,0.0,1.602036160225165,3.141592653589793,-0.30000000000001137,5.5,0.0,0.0,1_6,1.0,-0.4502932024735742,9999.0,93.12213046211582,88.21008939175393,5.508175741568166
lpJL9-mBNmk_00,394,6,1,374.8353805339085,-1.560796660108229,0.0,1.6373644905707165,3.141592653589793,0.05000000000001137,-5.0,0.0,0.0,1_6,1.0,0.19000527350590346,1972.763037665175,89.42706130231639,86.18592516570986,5.000249993750312
lpJL9-mBNmk_00,395,6,1,374.8580564693788,1.5707963267948966,0.0,1.6207547225168364,3.141592653589793,0.0,1.0,0.0,0.0,1_6,1.0,-0.022675935470317654,9999.0,90.0,87.13759477388842,1.0
lpJL9-mBNmk_00,396,6,1,374.5581430165415,0.0,0.0,1.5458015331759707,3.141592653589793,0.30000000000001137,0.0,0.0,0.0,1_6,1.0,0.299913452837302,1248.8874356020735,0.0,91.43209618416498,0.30000000000001137
lpJL9-mBNmk_00,397,6,1,375.41277615446177,1.650626312507137,0.0,1.6142472221864275,3.141592653589793,-0.6000000000000227,7.5,0.0,0.0,1_6,1.0,-0.8546331379202456,9999.0,94.57392125990104,87.51044707800084,7.523961722390673
lpJL9-mBNmk_00,398,6,1,375.38525543766366,-1.5413930385908914,0.0,1.6539375586833378,0.0,0.25,-8.5,0.5,0.0,1_6,1.0,0.02752071679810797,13640.097319829662,88.3153156821037,94.76364169072617,8.503675675847475
lpJL9-mBNmk_00,399,6,1,375.38513556079977,1.5930148921216143,3.141592653589793,1.6082787634865572,3.141592653589793,-0.19999999999998863,9.0,-0.5,0.0,1_6,1.0,0.00011987686389147711,3131422.723075495,88.72696997994336,87.85241457170154,9.004998611882181
lpJL9-mBNmk_00,400,6,1,375.3749325674265,-1.5497468046578513,0.0,1.6704649792860586,0.0,0.19999999999998863,-9.5,0.5,0.0,1_6,1.0,0.010202993373241043,36790.667095002376,88.79395122078012,95.71059313749964,9.504735661763561
lpJL9-mBNmk_00,401,6,1,374.7980289435898,-1.5458015331759707,-2.356194490192345,1.951302703907242,-2.356194490192345,0.05000000000001137,-2.0,-0.5,-0.5,1_6,1.0,0.5769036238366994,649.671822913842,46.43209618416497,113.19859051364932,1.5976545308670498
lpJL9-mBNmk_00,402,6,1,375.0063366131298,0.0,-0.7853981633974483,2.0344439357957027,-1.5707963267948966,0.30000000000001137,0.0,0.5,-0.5,1_6,1.0,-0.20830766953997681,9999.0,45.0,153.434948822922,0.5385164807134462
lpJL9-mBNmk_00,403,6,1,374.5564042971365,0.0,0.0,1.1902899496825512,-1.5707963267948966,0.44999999999998863,0.0,0.0,0.0,1_6,1.0,0.4499323159932942,832.4727764224851,0.0,158.1985905136493,0.44999999999998863
lpJL9-mBNmk_00,404,6,1,374.5480610015222,-1.5707963267948966,0.0,1.3258176636680323,-1.5707963267948966,0.0,-0.5,0.0,0.0,1_6,1.0,0.008343295614281487,44892.09999468271,90.0,165.96375653207352,0.5
lpJL9-mBNmk_00,405,6,1,374.5480610015222,0.0,0.0,1.3258176636680323,-1.5707963267948966,0.0,0.0,0.0,0.0,1_6,1.0,-0.0,9999.0,0.0,165.96375653207352,0.0
lpJL9-mBNmk_00,406,6,1,374.4903903974039,-1.471127674303712,0.0,1.2793395323170265,-1.5707963267948966,0.05000000000001137,-0.5,0.0,0.0,1_6,1.0,0.05767060411830016,6493.609632200295,84.28940686249906,163.3007557660062,0.5024937810560456
lpJL9-mBNmk_00,407,6,1,374.79035806701324,3.141592653589793,0.0,1.35970299357215,-1.5707963267948966,-0.30000000000001137,0.0,0.0,0.0,1_6,1.0,-0.2999676696093161,9999.0,180.0,167.90524292298792,0.30000000000001137
lpJL9-mBNmk_00,408,6,1,375.0119998080061,-1.6704649792860586,0.0,1.2490457723982544,-1.5707963267948966,-0.25,-2.5,0.0,0.0,1_6,1.0,-0.22164174099287948,9999.0,95.71059313749964,161.565051177078,2.5124689052802225
lpJL9-mBNmk_00,409,6,1,375.0083332407428,0.0,1.5707963267948966,1.1071487177940904,-1.5707963267948966,0.0,0.0,0.0,0.5,1_6,1.0,0.0036665672633375834,102277.77272504805,90.0,153.434948822922,0.5
lpJL9-mBNmk_00,410,6,1,375.0083332407428,0.0,0.0,0.0,-1.5707963267948966,0.0,0.0,0.0,0.0,1_6,1.0,-0.0,9999.0,0.0,90.0,0.0
lpJL9-mBNmk_00,411,6,1,375.06199820829625,3.141592653589793,-1.5707963267948966,-1.5957911204138224,-1.1071487177940904,-0.05000000000001137,0.0,0.0,-0.5,1_6,1.0,-0.053664967553459064,9999.0,90.00000000000001,27.99714736124297,0.5024937810560456
lpJL9-mBNmk_00,412,6,1,375.05833212981685,-1.5707963267948966,0.0,-1.5791294672350344,-1.1071487177940904,0.0,-0.5,0.0,0.0,1_6,1.0,0.0036660784793980383,102305.04726985566,90.0,27.042504954387688,0.5
lpJL9-mBNmk_00,413,6,1,375.05299958805824,-1.5707963267948966,1.5707963267948966,-1.5499660067586796,-0.7853981633974483,0.0,-0.5,0.0,0.5,1_6,1.0,0.005332541758605203,70332.87624664723,180.0,43.80651057601797,1.0
lpJL9-mBNmk_00,414,6,1,375.0553325844068,0.0,-1.5707963267948966,-1.542232668956138,-1.1071487177940904,0.0,0.0,0.0,-0.5,1_6,1.0,-0.0023329963485707594,9999.0,90.0,24.928474135461368,0.5
lpJL9-mBNmk_00,415,6,1,375.31199021614003,1.8157749899217608,0.0,-1.5779390624643115,-1.1071487177940904,-0.25,1.0,0.0,0.0,1_6,1.0,-0.2566576317332192,9999.0,104.03624346792648,26.974299785113026,1.0307764064044151
lpJL9-mBNmk_00,416,6,1,375.31199021614003,0.0,0.0,-1.6207547225168426,-1.1071487177940904,0.0,0.0,0.0,0.0,1_6,1.0,-0.0,9999.0,0.0,29.42745640318993,0.0
lpJL9-mBNmk_00,417,6,1,375.45832325306094,3.141592653589793,1.5707963267948966,-1.5638998844065466,-0.7853981633974483,-0.14999999999997726,0.0,0.0,0.5,1_6,1.0,-0.1463330369209075,9999.0,90.0,44.60486295749242,0.522015325445521
lpJL9-mBNmk_00,418,6,1,375.2583276890734,0.0,0.0,-1.5624631863547587,-1.5707963267948966,0.19999999999998863,0.0,0.0,0.0,1_6,1.0,0.19999556398755658,1876.3332556337168,0.0,0.4774537773096902,0.19999999999998863
lpJL9-mBNmk_00,419,6,1,375.2619918137194,0.0,-1.5707963267948966,-1.5541312030809558,-1.1071487177940904,0.0,0.0,0.0,-0.5,1_6,1.0,-0.003664124646036271,9999.0,90.0,25.610209923205804,0.5
lpJL9-mBNmk_00,420,6,1,375.46198542595494,3.141592653589793,0.0,-1.5980622952504868,-1.5707963267948966,-0.19999999999998863,0.0,0.0,0.0,1_6,1.0,-0.1999936122355166,9999.0,180.0,1.562224916842157,0.19999999999998863
lpJL9-mBNmk_00,421,6,1,375.5583210368265,-1.768191886644821,0.0,-1.6456561745056661,-0.7853981633974483,-0.10000000000002274,-0.5,0.0,0.0,1_6,1.0,-0.09633561087156295,9999.0,101.30993247402272,49.289153328819175,0.509901951359283
lpJL9-mBNmk_00,422,6,1,375.4663134024143,1.471127674303712,0.0,-1.7359450042095235,0.0,0.10000000000002274,1.0,0.0,0.0,1_6,1.0,0.09200763441219806,4080.8169430844127,84.28940686249906,99.46232220802563,1.0049875621120912
lpJL9-mBNmk_00,423,6,1,376.5083000413138,-2.3805798993650686,0.0,-2.0344439357957027,0.0,-1.0500000000000114,-1.0,0.0,0.0,1_6,1.0,-1.041986638899516,9999.0,136.39718102729668,116.56505117707799,1.4500000000000082
lpJL9-mBNmk_00,424,6,1,376.0119678946403,0.7853981633974483,0.0,-2.0344439357957027,0.0,0.5,0.5,0.0,0.0,1_6,1.0,0.49633214667352377,757.5813301933324,45.0,116.56505117707799,0.7071067811865476
lpJL9-mBNmk_00,425,6,1,376.01628954075915,1.5707963267948966,0.0,-2.1112158270654806,0.0,0.0,0.5,0.0,0.0,1_6,1.0,-0.00432164611885355,9999.0,90.0,120.96375653207352,0.5
lpJL9-mBNmk_00,426,6,1,376.0119678946403,-1.5707963267948966,0.0,-2.1257920541334867,0.0,0.0,-0.5,0.0,0.0,1_6,1.0,0.00432164611885355,87006.65384290859,90.0,121.79891282429462,0.5
lpJL9-mBNmk_00,427,6,1,376.7119456560941,3.141592653589793,0.0,-2.233222620628045,0.0,-0.6999999999999886,0.0,0.0,0.0,1_6,1.0,-0.6999777614537948,9999.0,180.0,127.95423087513232,0.6999999999999886
lpJL9-mBNmk_00,428,6,1,376.46195358893834,0.0,0.0,3.141592653589793,0.0,0.25,0.0,0.0,0.0,1_6,1.0,0.24999206715574473,1505.8955984967436,0.0,180.0,0.25
lpJL9-mBNmk_00,429,6,1,376.7582945337767,-2.1112158270654975,0.0,-2.8632929945846817,-1.5707963267948966,-0.30000000000001137,-0.5,0.0,0.0,1_6,1.0,-0.2963409448383345,9999.0,120.96375653207448,74.05460409907714,0.5830951894845359
lpJL9-mBNmk_00,430,6,1,377.0582879343723,3.141592653589793,0.0,-2.9023610536261337,-1.5707963267948966,-0.30000000000001137,0.0,0.0,0.0,1_6,1.0,-0.29999340059561064,9999.0,180.0,76.29303899592026,0.30000000000001137
lpJL9-mBNmk_00,431,6,1,377.25530148693736,-1.951302703907242,0.0,-2.7149651604629153,0.0,-0.19999999999998863,-0.5,0.0,0.0,1_6,1.0,-0.19701355256506758,9999.0,111.80140948635069,155.55604521958335,0.5385164807134462
lpJL9-mBNmk_00,432,6,1,377.95529166820774,3.141592653589793,0.0,-2.970857442114509,0.0,-0.6999999999999886,0.0,0.0,0.0,1_6,1.0,-0.6999901812703797,9999.0,180.0,170.21759296819263,0.6999999999999886
lpJL9-mBNmk_00,433,6,1,376.9582901330066,0.46364760900080615,0.0,2.8842689386187015,-1.5707963267948966,1.0,0.5,0.0,0.0,1_6,1.0,0.9970015352011501,378.0919856426834,26.565051177077994,104.74356283647091,1.118033988749895
lpJL9-mBNmk_00,434,6,1,377.0582879343723,3.141592653589793,0.0,2.896613990462929,0.0,-0.10000000000002274,0.0,0.0,0.0,1_6,1.0,-0.0999978013657028,9999.0,180.0,165.96375653207352,0.10000000000002274
lpJL9-mBNmk_00,435,6,1,376.7662571144077,1.0303768265242956,-1.5707963267948966,3.141592653589793,-1.5707963267948966,0.30000000000001137,0.5,0.0,-0.5,1_6,1.0,0.29203081996456604,1290.1592275778398,149.03624346792552,90.00000000000001,1.0440306508910582
lpJL9-mBNmk_00,436,6,1,376.2619599428037,0.0,1.5707963267948966,3.141592653589793,0.0,0.5,0.0,0.0,0.5,1_6,1.0,0.504297171604037,746.1115808879377,90.0,180.0,0.7071067811865476
lpJL9-mBNmk_00,437,6,1,375.32131567498266,0.8110335719191317,0.0,1.4219063791854216,-1.5707963267948966,0.9499999999999886,1.0,0.0,0.0,1_6,1.0,0.9406442678210283,399.00452117185836,46.46880071438617,171.46923439005315,1.3793114224133645
lpJL9-mBNmk_00,438,6,1,376.2119615323256,-2.3036114285813905,0.0,3.141592653589793,-1.5707963267948966,-0.8999999999999773,-1.0,0.0,0.0,1_6,1.0,-0.8906458573429177,9999.0,131.98721249581592,90.00000000000001,1.3453624047073558
lpJL9-mBNmk_00,439,6,1,375.77694514166245,1.006226933126802,0.0,1.5707963267948966,0.0,0.9499999999999886,1.5,0.5,0.0,1_6,1.0,0.43501639066312237,863.8224977427689,57.65255650055827,90.0,1.5660459763365793
lpJL9-mBNmk_00,444,6,1,375.9553198187253,-2.007423486608432,2.0344439357957027,3.141592653589793,1.5707963267948966,-0.6999999999999886,-1.5,-0.5,1.0,1_6,5.0,-0.03567493541256681,9999.0,128.41805534482233,90.0,0.5015974481593779
lpJL9-mBNmk_00,445,6,1,375.2619918137194,1.1341691669813614,1.5707963267948966,1.4219063791853936,1.5707963267948966,0.6999999999999886,1.5,0.0,0.5,1_6,1.0,0.693328005005867,541.2474169574961,25.016893478099675,8.53076560994846,1.2206555615733636
lpJL9-mBNmk_00,446,6,1,376.25531557706927,-2.1587989303424644,-1.5707963267948966,-2.582993338246237,1.5707963267948966,-1.0,-1.5,0.0,-0.5,1_6,1.0,-0.9933237633498493,9999.0,33.6900675259798,122.00538320808316,1.4142135623730951
lpJL9-mBNmk_00,447,6,1,376.2053162835422,0.0,0.0,1.0303768265242956,1.5707963267948966,0.05000000000001137,0.0,0.0,0.0,1_6,1.0,0.04999929352709387,7524.212638718228,0.0,30.963756532074484,0.05000000000001137
lpJL9-mBNmk_00,448,6,1,376.25531557706927,3.141592653589793,0.0,3.141592653589793,1.5707963267948966,-0.05000000000001137,0.0,0.0,0.0,1_6,1.0,-0.04999929352709387,9999.0,180.0,90.0,0.05000000000001137
lpJL9-mBNmk_00,449,6,1,376.25531557706927,0.0,0.0,-2.0344439357957027,1.5707963267948966,0.0,0.0,0.0,0.0,1_6,1.0,-0.0,9999.0,0.0,153.434948822922,0.0
lpJL9-mBNmk_00,0,7,1,192.70583800186236,0.0,0.0,0.0,0.0,,,,,1_7,,0.0,9999.0,0.0,0.0,0.0
lpJL9-mBNmk_00,1,7,1,192.7058380018623,0.0,0.0,0.0,0.0,5.684341886080802e-14,0.0,0.0,0.0,1_7,1.0,5.684341886080802e-14,3390116953973852.5,0.0,0.0,5.684341886080802e-14
lpJL9-mBNmk_00,2,7,1,192.7058380018623,0.0,0.0,0.0,0.0,0.0,0.0,0.0,0.0,1_7,1.0,-0.0,9999.0,0.0,0.0,0.0
lpJL9-mBNmk_00,3,7,1,192.7058380018623,0.0,0.0,0.0,0.0,0.0,0.0,0.0,0.0,1_7,1.0,-0.0,9999.0,0.0,0.0,0.0
lpJL9-mBNmk_00,4,7,1,192.7058380018623,0.0,0.0,0.0,0.0,0.0,0.0,0.0,0.0,1_7,1.0,-0.0,9999.0,0.0,0.0,0.0
lpJL9-mBNmk_00,5,7,1,192.7058380018623,0.0,0.0,0.0,0.0,0.0,0.0,0.0,0.0,1_7,1.0,-0.0,9999.0,0.0,0.0,0.0
lpJL9-mBNmk_00,6,7,1,192.7058380018623,0.0,0.0,0.0,0.0,0.0,0.0,0.0,0.0,1_7,1.0,-0.0,9999.0,0.0,0.0,0.0
lpJL9-mBNmk_00,7,7,1,192.7058380018623,0.0,0.0,0.0,0.0,0.0,0.0,0.0,0.0,1_7,1.0,-0.0,9999.0,0.0,0.0,0.0
lpJL9-mBNmk_00,8,7,1,192.7058380018623,0.0,0.0,0.0,0.0,0.0,0.0,0.0,0.0,1_7,1.0,-0.0,9999.0,0.0,0.0,0.0
lpJL9-mBNmk_00,9,7,1,192.7058380018623,0.0,0.0,0.0,0.0,0.0,0.0,0.0,0.0,1_7,1.0,-0.0,9999.0,0.0,0.0,0.0
lpJL9-mBNmk_00,10,7,1,192.7058380018623,0.0,0.0,0.0,0.0,0.0,0.0,0.0,0.0,1_7,1.0,-0.0,9999.0,0.0,0.0,0.0
lpJL9-mBNmk_00,11,7,1,192.7058380018623,0.0,0.0,0.0,0.0,0.0,0.0,0.0,0.0,1_7,1.0,-0.0,9999.0,0.0,0.0,0.0
lpJL9-mBNmk_00,12,7,1,192.7058380018623,0.0,0.0,0.0,0.0,0.0,0.0,0.0,0.0,1_7,1.0,-0.0,9999.0,0.0,0.0,0.0
lpJL9-mBNmk_00,13,7,1,192.50584406713475,0.0,0.0,0.0,0.0,0.19999999999998863,0.0,0.0,0.0,1_7,1.0,0.19999393472755855,962.5584112306983,0.0,0.0,0.19999999999998863
lpJL9-mBNmk_00,14,7,1,192.50584406713475,0.0,0.0,0.0,0.0,0.0,0.0,0.0,0.0,1_7,1.0,-0.0,9999.0,0.0,0.0,0.0
lpJL9-mBNmk_00,27,7,1,194.0025773024678,2.819842099193151,0.0,2.774418819771562,0.0,-1.5,0.5,0.0,0.0,1_7,13.0,-0.11513332579485135,9999.0,161.565051177078,158.9624889745775,0.12162606385262999
lpJL9-mBNmk_00,28,7,1,194.5057839756957,3.141592653589793,1.5707963267948966,2.870645803251366,1.5707963267948966,-0.5,0.0,0.0,0.5,1_7,1.0,-0.5032066732278793,9999.0,90.0,74.47588900324537,0.7071067811865476
lpJL9-mBNmk_00,29,7,1,225.50498885833989,-3.125465019746157,-1.5707963267948966,3.141592653589793,0.0,-31.0,-0.5,0.0,-0.5,1_7,1.0,-30.999204882644193,9999.0,89.07595464722729,180.0,31.0
lpJL9-mBNmk_00,30,7,1,192.50584406713475,0.0,0.0,0.0,0.0,33.0,0.0,0.0,0.0,1_7,1.0,32.99914479120514,5.833661608056006,0.0,0.0,33.0
lpJL9-mBNmk_00,31,7,1,192.5103893300307,0.0,1.5707963267948966,0.0,1.5707963267948966,0.0,0.0,0.0,0.5,1_7,1.0,-0.004545262895959468,9999.0,90.0,90.0,0.5
lpJL9-mBNmk_00,32,7,1,192.5103893300307,0.0,0.0,0.0,1.5707963267948966,0.0,0.0,0.0,0.0,1_7,1.0,-0.0,9999.0,0.0,90.0,0.0
lpJL9-mBNmk_00,33,7,1,192.5103893300307,0.0,0.0,0.0,1.5707963267948966,0.0,0.0,0.0,0.0,1_7,1.0,-0.0,9999.0,0.0,90.0,0.0
lpJL9-mBNmk_00,34,7,1,192.50584406713475,0.0,-1.5707963267948966,0.0,0.0,0.0,0.0,0.0,-0.5,1_7,1.0,0.004545262895959468,42353.071422615336,90.0,0.0,0.5
lpJL9-mBNmk_00,35,7,1,192.5103893300307,0.0,1.5707963267948966,0.0,1.5707963267948966,0.0,0.0,0.0,0.5,1_7,1.0,-0.004545262895959468,9999.0,90.0,90.0,0.5
lpJL9-mBNmk_00,36,7,1,192.5103893300307,0.0,0.0,0.0,1.5707963267948966,0.0,0.0,0.0,0.0,1_7,1.0,-0.0,9999.0,0.0,90.0,0.0
lpJL9-mBNmk_00,37,7,1,192.50259738507427,0.0,-1.5707963267948966,0.0,-1.5707963267948966,0.0,0.0,0.0,-1.0,1_7,1.0,0.007791944956437646,24705.33332323274,90.0,90.0,1.0
lpJL9-mBNmk_00,38,7,1,192.50584406713475,0.0,1.5707963267948966,0.0,0.0,0.0,0.0,0.0,0.5,1_7,1.0,-0.0032466820604781788,9999.0,90.0,0.0,0.5
lpJL9-mBNmk_00,39,7,1,192.50584406713475,0.0,0.0,0.0,0.0,0.0,0.0,0.0,0.0,1_7,1.0,-0.0,9999.0,0.0,0.0,0.0
lpJL9-mBNmk_00,40,7,1,192.50259738507427,0.0,-1.5707963267948966,0.0,-1.5707963267948966,0.0,0.0,0.0,-0.5,1_7,1.0,0.0032466820604781788,59292.09999599469,90.0,90.0,0.5
lpJL9-mBNmk_00,41,7,1,192.50259738507427,0.0,0.0,0.0,-1.5707963267948966,0.0,0.0,0.0,0.0,1_7,1.0,-0.0,9999.0,0.0,90.0,0.0
lpJL9-mBNmk_00,42,7,1,192.50584406713475,0.0,1.5707963267948966,0.0,0.0,0.0,0.0,0.0,0.5,1_7,1.0,-0.0032466820604781788,9999.0,90.0,0.0,0.5
lpJL9-mBNmk_00,43,7,1,192.50259738507427,0.0,-1.5707963267948966,0.0,-1.5707963267948966,0.0,0.0,0.0,-0.5,1_7,1.0,0.0032466820604781788,59292.09999599469,90.0,90.0,0.5
lpJL9-mBNmk_00,44,7,1,192.50259738507427,0.0,0.0,0.0,-1.5707963267948966,0.0,0.0,0.0,0.0,1_7,1.0,-0.0,9999.0,0.0,90.0,0.0
lpJL9-mBNmk_00,45,7,1,192.50259738507427,0.0,0.0,0.0,-1.5707963267948966,0.0,0.0,0.0,0.0,1_7,1.0,-0.0,9999.0,0.0,90.0,0.0
lpJL9-mBNmk_00,46,7,1,192.50259738507427,0.0,0.0,0.0,-1.5707963267948966,0.0,0.0,0.0,0.0,1_7,1.0,-0.0,9999.0,0.0,90.0,0.0
lpJL9-mBNmk_00,47,7,1,192.50259738507427,0.0,0.0,-0.32175055439664224,-1.5707963267948966,0.0,0.0,0.0,0.0,1_7,1.0,-0.0,9999.0,0.0,71.56505117707799,0.0
lpJL9-mBNmk_00,48,7,1,192.50259738507427,0.0,0.0,-0.24497866312686417,-1.5707963267948966,0.0,0.0,0.0,0.0,1_7,1.0,-0.0,9999.0,0.0,75.96375653207352,0.0
lpJL9-mBNmk_00,49,7,1,192.50259738507427,0.0,0.0,0.0,-1.5707963267948966,0.0,0.0,0.0,0.0,1_7,1.0,-0.0,9999.0,0.0,90.0,0.0
lpJL9-mBNmk_00,50,7,1,192.50064934955415,1.5707963267948966,0.0,1.5707963267948966,-1.5707963267948966,0.0,0.5,0.0,0.0,1_7,1.0,0.0019480355201153543,98817.83333096262,90.0,180.0,0.5
lpJL9-mBNmk_00,51,7,1,192.75064850733966,3.141592653589793,0.0,2.0344439357957027,-1.5707963267948966,-0.25,0.0,0.0,0.0,1_7,1.0,-0.24999915778550985,9999.0,180.0,153.434948822922,0.25
lpJL9-mBNmk_00,52,7,1,192.50064934955415,0.0,0.0,1.5707963267948966,-1.5707963267948966,0.25,0.0,0.0,0.0,1_7,1.0,0.24999915778550985,770.0051914363355,0.0,180.0,0.25
lpJL9-mBNmk_00,53,7,1,192.50259738507427,-1.5707963267948966,0.0,0.0,-1.5707963267948966,0.0,-0.5,0.0,0.0,1_7,1.0,-0.0019480355201153543,9999.0,90.0,90.0,0.5
lpJL9-mBNmk_00,54,7,1,192.50259738507427,0.0,0.0,0.0,-1.5707963267948966,0.0,0.0,0.0,0.0,1_7,1.0,-0.0,9999.0,0.0,90.0,0.0
lpJL9-mBNmk_00,55,7,1,192.75259401626738,3.141592653589793,0.0,3.141592653589793,-1.5707963267948966,-0.25,0.0,0.0,0.0,1_7,1.0,-0.24999663119311322,9999.0,180.0,90.00000000000001,0.25
lpJL9-mBNmk_00,56,7,1,192.75259401626738,0.0,0.0,3.141592653589793,-1.5707963267948966,0.0,0.0,0.0,0.0,1_7,1.0,-0.0,9999.0,0.0,90.00000000000001,0.0
lpJL9-mBNmk_00,57,7,1,192.75259401626738,0.0,0.0,3.141592653589793,0.0,0.0,0.0,0.0,0.0,1_7,1.0,-0.0,9999.0,0.0,180.0,0.0
lpJL9-mBNmk_00,58,7,1,192.75259401626738,1.5707963267948966,1.5707963267948966,2.0344439357957027,0.0,0.0,0.5,0.0,0.5,1_7,1.0,-0.0,9999.0,0.0,116.56505117707799,0.0
lpJL9-mBNmk_00,59,7,1,192.75064850733966,0.0,-1.5707963267948966,2.0344439357957027,-1.5707963267948966,0.0,0.0,0.0,-0.5,1_7,1.0,0.0019455089277187199,99074.66666491052,90.0,153.434948822922,0.5
lpJL9-mBNmk_00,60,7,1,192.75064850733966,0.0,0.0,2.0344439357957027,0.0,0.0,0.0,0.0,0.0,1_7,1.0,-0.0,9999.0,0.0,116.56505117707799,0.0
lpJL9-mBNmk_00,61,7,1,192.75064850733966,0.0,0.0,2.0344439357957027,0.0,0.0,0.0,0.0,0.0,1_7,1.0,-0.0,9999.0,0.0,116.56505117707799,0.0
lpJL9-mBNmk_00,62,7,1,192.75064850733966,0.0,0.0,2.0344439357957027,-1.5707963267948966,0.0,0.0,0.0,0.0,1_7,1.0,-0.0,9999.0,0.0,153.434948822922,0.0
lpJL9-mBNmk_00,63,7,1,192.75064850733966,0.0,0.0,2.0344439357957027,0.0,0.0,0.0,0.0,0.0,1_7,1.0,-0.0,9999.0,0.0,116.56505117707799,0.0
lpJL9-mBNmk_00,64,7,1,192.75064850733966,0.0,0.0,2.0344439357957027,0.0,0.0,0.0,0.0,0.0,1_7,1.0,-0.0,9999.0,0.0,116.56505117707799,0.0
lpJL9-mBNmk_00,65,7,1,192.75064850733966,0.0,0.0,2.0344439357957027,0.0,0.0,0.0,0.0,0.0,1_7,1.0,-0.0,9999.0,0.0,116.56505117707799,0.0
lpJL9-mBNmk_00,66,7,1,192.75064850733966,0.0,0.0,2.0344439357957027,0.0,0.0,0.0,0.0,0.0,1_7,1.0,-0.0,9999.0,0.0,116.56505117707799,0.0
lpJL9-mBNmk_00,67,7,1,192.75064850733966,0.0,0.0,2.0344439357957027,0.0,0.0,0.0,0.0,0.0,1_7,1.0,-0.0,9999.0,0.0,116.56505117707799,0.0
lpJL9-mBNmk_00,68,7,1,192.75064850733966,0.0,0.0,2.0344439357957027,0.0,0.0,0.0,0.0,0.0,1_7,1.0,-0.0,9999.0,0.0,116.56505117707799,0.0
lpJL9-mBNmk_00,69,7,1,192.75064850733966,0.0,0.0,2.0344439357957027,0.0,0.0,0.0,0.0,0.0,1_7,1.0,-0.0,9999.0,0.0,116.56505117707799,0.0
lpJL9-mBNmk_00,70,7,1,192.75064850733966,0.0,0.0,3.141592653589793,0.0,0.0,0.0,0.0,0.0,1_7,1.0,-0.0,9999.0,0.0,180.0,0.0
lpJL9-mBNmk_00,71,7,1,192.75064850733966,0.0,0.0,0.0,0.0,0.0,0.0,0.0,0.0,1_7,1.0,-0.0,9999.0,0.0,0.0,0.0
lpJL9-mBNmk_00,72,7,1,192.75064850733966,0.0,0.0,3.141592653589793,0.0,0.0,0.0,0.0,0.0,1_7,1.0,-0.0,9999.0,0.0,180.0,0.0
lpJL9-mBNmk_00,73,7,1,192.75064850733966,0.0,0.0,2.0344439357957027,0.0,0.0,0.0,0.0,0.0,1_7,1.0,-0.0,9999.0,0.0,116.56505117707799,0.0
lpJL9-mBNmk_00,74,7,1,192.75064850733966,0.0,0.0,2.0344439357957027,0.0,0.0,0.0,0.0,0.0,1_7,1.0,-0.0,9999.0,0.0,116.56505117707799,0.0
lpJL9-mBNmk_00,75,7,1,192.75064850733966,0.0,0.0,1.5707963267948966,0.0,0.0,0.0,0.0,0.0,1_7,1.0,-0.0,9999.0,0.0,90.0,0.0
lpJL9-mBNmk_00,76,7,1,192.75064850733966,0.0,0.0,1.5707963267948966,0.0,0.0,0.0,0.0,0.0,1_7,1.0,-0.0,9999.0,0.0,90.0,0.0
lpJL9-mBNmk_00,77,7,1,192.75064850733966,0.0,0.0,1.5707963267948966,0.0,0.0,0.0,0.0,0.0,1_7,1.0,-0.0,9999.0,0.0,90.0,0.0
lpJL9-mBNmk_00,78,7,1,192.75064850733966,0.0,0.0,0.0,-1.5707963267948966,0.0,0.0,0.0,0.0,1_7,1.0,-0.0,9999.0,0.0,90.0,0.0
lpJL9-mBNmk_00,79,7,1,192.75064850733966,0.0,0.0,0.0,0.0,0.0,0.0,0.0,0.0,1_7,1.0,-0.0,9999.0,0.0,0.0,0.0
lpJL9-mBNmk_00,80,7,1,192.75064850733966,0.0,0.0,0.0,0.0,0.0,0.0,0.0,0.0,1_7,1.0,-0.0,9999.0,0.0,0.0,0.0
lpJL9-mBNmk_00,81,7,1,192.75064850733966,0.0,0.0,0.0,0.0,0.0,0.0,0.0,0.0,1_7,1.0,-0.0,9999.0,0.0,0.0,0.0
lpJL9-mBNmk_00,82,7,1,192.75064850733966,0.0,0.0,0.0,0.0,0.0,0.0,0.0,0.0,1_7,1.0,-0.0,9999.0,0.0,0.0,0.0
lpJL9-mBNmk_00,83,7,1,192.75064850733966,0.0,0.0,0.0,0.0,0.0,0.0,0.0,0.0,1_7,1.0,-0.0,9999.0,0.0,0.0,0.0
lpJL9-mBNmk_00,84,7,1,192.75064850733966,0.0,0.0,0.0,0.0,0.0,0.0,0.0,0.0,1_7,1.0,-0.0,9999.0,0.0,0.0,0.0
lpJL9-mBNmk_00,85,7,1,192.75064850733966,0.0,0.0,0.0,0.0,0.0,0.0,0.0,0.0,1_7,1.0,-0.0,9999.0,0.0,0.0,0.0
lpJL9-mBNmk_00,86,7,1,192.75064850733966,0.0,0.0,0.0,0.0,0.0,0.0,0.0,0.0,1_7,1.0,-0.0,9999.0,0.0,0.0,0.0
lpJL9-mBNmk_00,87,7,1,192.75064850733966,0.0,0.0,0.0,0.0,0.0,0.0,0.0,0.0,1_7,1.0,-0.0,9999.0,0.0,0.0,0.0
lpJL9-mBNmk_00,88,7,1,192.75064850733966,0.0,0.0,0.0,0.0,0.0,0.0,0.0,0.0,1_7,1.0,-0.0,9999.0,0.0,0.0,0.0
lpJL9-mBNmk_00,89,7,1,192.75064850733966,0.0,0.0,0.0,0.0,0.0,0.0,0.0,0.0,1_7,1.0,-0.0,9999.0,0.0,0.0,0.0
lpJL9-mBNmk_00,90,7,1,192.00260414900626,-0.5880026035475676,0.0,-0.5880026035475676,0.0,0.75,-0.5,0.0,0.0,1_7,1.0,0.7480443583334022,256.6727521036005,33.690067525979785,33.690067525979785,0.9013878188659973
lpJL9-mBNmk_00,91,7,1,191.50261094825836,0.0,0.0,-0.3805063771123649,0.0,0.5,0.0,0.0,0.0,1_7,1.0,0.49999320074789466,383.0104302654654,0.0,21.80140948635182,0.5
lpJL9-mBNmk_00,92,7,1,192.00260414900626,3.141592653589793,0.0,-0.5880026035475676,0.0,-0.5,0.0,0.0,0.0,1_7,1.0,-0.49999320074789466,9999.0,180.0,33.690067525979785,0.5
lpJL9-mBNmk_00,93,7,1,192.00260414900626,0.0,0.0,-0.5880026035475676,0.0,0.0,0.0,0.0,0.0,1_7,1.0,-0.0,9999.0,0.0,33.690067525979785,0.0
lpJL9-mBNmk_00,94,7,1,192.00260414900626,0.0,0.0,-0.5880026035475676,0.0,0.0,0.0,0.0,0.0,1_7,1.0,-0.0,9999.0,0.0,33.690067525979785,0.0
lpJL9-mBNmk_00,95,7,1,192.00260414900626,0.0,0.0,-0.5880026035475676,0.0,0.0,0.0,0.0,0.0,1_7,1.0,-0.0,9999.0,0.0,33.690067525979785,0.0
lpJL9-mBNmk_00,96,7,1,192.00260414900626,0.0,0.0,-0.5880026035475676,0.0,0.0,0.0,0.0,0.0,1_7,1.0,-0.0,9999.0,0.0,33.690067525979785,0.0
lpJL9-mBNmk_00,97,7,1,192.50259738507427,3.141592653589793,0.0,-1.1071487177940904,0.0,-0.5,0.0,0.0,0.0,1_7,1.0,-0.4999932360680077,9999.0,180.0,63.43494882292201,0.5
lpJL9-mBNmk_00,98,7,1,192.00260414900626,0.0,0.0,-0.5880026035475676,0.0,0.5,0.0,0.0,0.0,1_7,1.0,0.4999932360680077,384.01040313851485,0.0,33.690067525979785,0.5
lpJL9-mBNmk_00,99,7,1,192.00260414900626,0.0,0.0,-0.5880026035475676,0.0,0.0,0.0,0.0,0.0,1_7,1.0,-0.0,9999.0,0.0,33.690067525979785,0.0
lpJL9-mBNmk_00,100,7,1,192.00260414900626,0.0,0.0,-0.5880026035475676,0.0,0.0,0.0,0.0,0.0,1_7,1.0,-0.0,9999.0,0.0,33.690067525979785,0.0
lpJL9-mBNmk_00,101,7,1,192.00260414900626,0.0,0.0,-0.5880026035475676,0.0,0.0,0.0,0.0,0.0,1_7,1.0,-0.0,9999.0,0.0,33.690067525979785,0.0
lpJL9-mBNmk_00,102,7,1,192.50259738507427,3.141592653589793,0.0,-1.1071487177940904,0.0,-0.5,0.0,0.0,0.0,1_7,1.0,-0.4999932360680077,9999.0,180.0,63.43494882292201,0.5
lpJL9-mBNmk_00,103,7,1,192.00260414900626,0.0,0.0,-0.5880026035475676,0.0,0.5,0.0,0.0,0.0,1_7,1.0,0.4999932360680077,384.01040313851485,0.0,33.690067525979785,0.5
lpJL9-mBNmk_00,104,7,1,192.50259738507427,3.141592653589793,0.0,-1.1071487177940904,0.0,-0.5,0.0,0.0,0.0,1_7,1.0,-0.4999932360680077,9999.0,180.0,63.43494882292201,0.5
lpJL9-mBNmk_00,105,7,1,192.2526007626425,3.141592653589793,3.141592653589793,-1.5707963267948966,3.141592653589793,-0.25,0.0,-0.5,0.0,1_7,1.0,0.24999662243178022,769.0207927313295,0.0,90.00000000000001,0.25
lpJL9-mBNmk_00,106,7,1,191.50261094825836,0.0,0.0,-0.3805063771123649,0.0,1.25,0.0,0.5,0.0,1_7,1.0,0.7499898143841222,255.34028232838975,0.0,21.80140948635182,0.75
lpJL9-mBNmk_00,107,7,1,191.0026177831079,0.0,3.141592653589793,-0.3805063771123649,3.141592653589793,0.0,0.0,-0.5,0.0,1_7,1.0,0.499993165150471,382.0104575342073,180.0,158.19859051364818,0.5
lpJL9-mBNmk_00,108,7,1,192.75259401626738,3.141592653589793,0.0,-1.5707963267948966,0.0,-1.25,0.0,0.5,0.0,1_7,1.0,-1.7499762331594866,9999.0,180.0,90.0,1.75
lpJL9-mBNmk_00,109,7,1,192.75259401626738,0.0,0.0,-1.5707963267948966,0.0,0.0,0.0,0.0,0.0,1_7,1.0,-0.0,9999.0,0.0,90.0,0.0
lpJL9-mBNmk_00,110,7,1,193.00259065618783,3.141592653589793,0.0,3.141592653589793,0.0,-0.25,0.0,0.0,0.0,1_7,1.0,-0.24999663992045384,9999.0,180.0,180.0,0.25
lpJL9-mBNmk_00,111,7,1,192.2526007626425,0.0,3.141592653589793,3.141592653589793,3.141592653589793,0.25,0.0,-0.5,0.0,1_7,1.0,0.7499898935453473,256.34025527174407,180.0,0.0,0.75
lpJL9-mBNmk_00,112,7,1,192.75259401626738,0.0,0.0,3.141592653589793,0.0,0.0,0.0,0.5,0.0,1_7,1.0,-0.49999325362489344,9999.0,0.0,180.0,0.5
lpJL9-mBNmk_00,113,7,1,192.75259401626738,0.0,0.0,3.141592653589793,0.0,0.0,0.0,0.0,0.0,1_7,1.0,-0.0,9999.0,0.0,180.0,0.0
lpJL9-mBNmk_00,114,7,1,192.75259401626738,0.0,0.0,3.141592653589793,0.0,0.0,0.0,0.0,0.0,1_7,1.0,-0.0,9999.0,0.0,180.0,0.0
lpJL9-mBNmk_00,115,7,1,192.75259401626738,0.0,0.0,3.141592653589793,0.0,0.0,0.0,0.0,0.0,1_7,1.0,-0.0,9999.0,0.0,180.0,0.0
lpJL9-mBNmk_00,116,7,1,192.2526007626425,0.0,3.141592653589793,3.141592653589793,3.141592653589793,0.0,0.0,-0.5,0.0,1_7,1.0,0.49999325362489344,384.5103896279266,180.0,0.0,0.5
lpJL9-mBNmk_00,117,7,1,192.2526007626425,0.0,0.0,3.141592653589793,3.141592653589793,0.0,0.0,0.0,0.0,1_7,1.0,-0.0,9999.0,0.0,0.0,0.0
lpJL9-mBNmk_00,118,7,1,192.2526007626425,0.0,0.0,3.141592653589793,3.141592653589793,0.0,0.0,0.0,0.0,1_7,1.0,-0.0,9999.0,0.0,0.0,0.0
lpJL9-mBNmk_00,119,7,1,192.75259401626738,0.0,0.0,3.141592653589793,0.0,0.0,0.0,0.5,0.0,1_7,1.0,-0.49999325362489344,9999.0,0.0,180.0,0.5
lpJL9-mBNmk_00,120,7,1,192.2526007626425,0.0,3.141592653589793,3.141592653589793,3.141592653589793,0.0,0.0,-0.5,0.0,1_7,1.0,0.49999325362489344,384.5103896279266,180.0,0.0,0.5
lpJL9-mBNmk_00,121,7,1,192.75259401626738,0.0,0.0,3.141592653589793,0.0,0.0,0.0,0.5,0.0,1_7,1.0,-0.49999325362489344,9999.0,0.0,180.0,0.5
lpJL9-mBNmk_00,122,7,1,192.75259401626738,0.0,0.0,3.141592653589793,0.0,0.0,0.0,0.0,0.0,1_7,1.0,-0.0,9999.0,0.0,180.0,0.0
lpJL9-mBNmk_00,123,7,1,192.75259401626738,0.0,0.0,3.141592653589793,0.0,0.0,0.0,0.0,0.0,1_7,1.0,-0.0,9999.0,0.0,180.0,0.0
lpJL9-mBNmk_00,124,7,1,192.75259401626738,0.0,0.0,3.141592653589793,0.0,0.0,0.0,0.0,0.0,1_7,1.0,-0.0,9999.0,0.0,180.0,0.0
lpJL9-mBNmk_00,125,7,1,192.75259401626738,0.0,0.0,0.0,0.0,0.0,0.0,0.0,0.0,1_7,1.0,-0.0,9999.0,0.0,0.0,0.0
lpJL9-mBNmk_00,126,7,1,192.2526007626425,0.0,3.141592653589793,3.141592653589793,3.141592653589793,0.0,0.0,-0.5,0.0,1_7,1.0,0.49999325362489344,384.5103896279266,180.0,0.0,0.5
lpJL9-mBNmk_00,127,7,1,192.75259401626738,0.0,0.0,3.141592653589793,0.0,0.0,0.0,0.5,0.0,1_7,1.0,-0.49999325362489344,9999.0,0.0,180.0,0.5
lpJL9-mBNmk_00,128,7,1,170.01176429882727,0.0,1.5707963267948966,0.0,1.5707963267948966,22.75,0.0,0.0,1.0,1_7,1.0,22.740829717440107,7.476058103915356,90.0,90.0,22.771967416101756
lpJL9-mBNmk_00,129,7,1,170.5065981128003,3.141592653589793,-1.5707963267948966,0.0,1.5707963267948966,-0.5,0.0,0.0,-0.5,1_7,1.0,-0.49483381397303106,9999.0,90.00000000000001,90.0,0.7071067811865476
lpJL9-mBNmk_00,130,7,1,170.5065981128003,0.0,0.0,0.0,1.5707963267948966,0.0,0.0,0.0,0.0,1_7,1.0,-0.0,9999.0,0.0,90.0,0.0
lpJL9-mBNmk_00,131,7,1,170.2566078012833,0.0,0.0,0.0,0.7853981633974483,0.25,0.0,0.0,0.0,1_7,1.0,0.2499903115169957,681.052824680001,0.0,45.0,0.25
lpJL9-mBNmk_00,132,7,1,170.2566078012833,0.0,0.0,0.0,1.5707963267948966,0.0,0.0,0.0,0.0,1_7,1.0,-0.0,9999.0,0.0,90.0,0.0
lpJL9-mBNmk_00,133,7,1,169.75662726385679,0.0,0.0,0.0,1.5707963267948966,0.5,0.0,0.0,0.0,1_7,1.0,0.4999805374265236,339.5264706454778,0.0,90.0,0.5
lpJL9-mBNmk_00,134,7,1,169.75662726385679,0.0,0.0,0.0,1.5707963267948966,0.0,0.0,0.0,0.0,1_7,1.0,-0.0,9999.0,0.0,90.0,0.0
lpJL9-mBNmk_00,135,7,1,170.5065981128003,3.141592653589793,0.0,0.0,1.5707963267948966,-0.75,0.0,0.0,0.0,1_7,1.0,-0.7499708489435193,9999.0,180.0,90.0,0.75
lpJL9-mBNmk_00,136,7,1,171.00657882081612,3.141592653589793,0.0,0.0,0.7853981633974483,-0.5,0.0,0.0,0.0,1_7,1.0,-0.49998070801581207,9999.0,180.0,45.0,0.5
lpJL9-mBNmk_00,137,7,1,170.75658845268606,0.0,0.0,0.0,0.7853981633974483,0.25,0.0,0.0,0.0,1_7,1.0,0.2499903681300566,683.0526701086761,0.0,45.0,0.25
lpJL9-mBNmk_00,138,7,1,170.5065981128003,0.0,0.0,0.0,0.7853981633974483,0.25,0.0,0.0,0.0,1_7,1.0,0.24999033988575547,682.0527472810393,0.0,45.0,0.25
lpJL9-mBNmk_00,139,7,1,170.5065981128003,0.0,0.0,0.0,1.5707963267948966,0.0,0.0,0.0,0.0,1_7,1.0,-0.0,9999.0,0.0,90.0,0.0
lpJL9-mBNmk_00,140,7,1,168.75296293695112,0.27829965900511133,0.0,0.020830320036217088,0.7853981633974483,1.75,0.5,0.0,0.0,1_7,1.0,1.7536351758491833,96.23037063865573,15.945395900922854,43.806510576017956,1.8200274723201295
lpJL9-mBNmk_00,141,7,1,170.75658845268606,-2.896613990462929,0.0,0.0,1.5707963267948966,-2.0,-0.5,0.0,0.0,1_7,1.0,-2.0036255157349387,9999.0,165.96375653207352,90.0,2.0615528128088303
lpJL9-mBNmk_00,142,7,1,168.75296293695112,0.24497866312686417,0.0,0.020830320036217088,1.5707963267948966,2.0,0.5,0.0,0.0,1_7,1.0,2.0036255157349387,84.2238041049561,14.036243467926484,88.80651057601797,2.0615528128088303
lpJL9-mBNmk_00,143,7,1,169.75662726385679,-2.677945044588987,0.0,0.0,1.5707963267948966,-1.0,-0.5,0.0,0.0,1_7,1.0,-1.003664326905664,9999.0,153.434948822922,90.0,1.118033988749895
lpJL9-mBNmk_00,144,7,1,170.00661751826016,3.141592653589793,0.0,0.0,1.5707963267948966,-0.25,0.0,0.0,0.0,1_7,1.0,-0.24999025440337164,9999.0,180.0,90.0,0.25
lpJL9-mBNmk_00,145,7,1,169.75662726385679,0.0,0.0,0.0,1.5707963267948966,0.25,0.0,0.0,0.0,1_7,1.0,0.24999025440337164,679.0529801611628,0.0,90.0,0.25
lpJL9-mBNmk_00,146,7,1,168.75296293695112,0.46364760900080615,0.0,0.020830320036217088,0.7853981633974483,1.0,0.5,0.0,0.0,1_7,1.0,1.003664326905664,168.13685453703735,26.565051177077994,43.806510576017956,1.118033988749895
lpJL9-mBNmk_00,147,7,1,169.00295855398508,3.141592653589793,0.0,0.02104952213704643,1.5707963267948966,-0.25,0.0,0.0,0.0,1_7,1.0,-0.24999561703396012,9999.0,180.0,88.79395122078004,0.25
lpJL9-mBNmk_00,148,7,1,168.75296293695112,0.0,0.0,0.3805063771123649,-1.5707963267948966,0.25,0.0,0.0,0.0,1_7,1.0,0.24999561703396012,675.023686171375,0.0,111.80140948635182,0.25
lpJL9-mBNmk_00,149,7,1,169.00295855398508,3.141592653589793,0.0,0.32175055439664224,0.0,-0.25,0.0,0.0,0.0,1_7,1.0,-0.24999561703396012,9999.0,180.0,18.434948822922014,0.25
lpJL9-mBNmk_00,150,7,1,170.00661751826016,-2.677945044588987,0.0,0.0,0.0,-1.0,-0.5,0.0,0.0,1_7,1.0,-1.0036589642750755,9999.0,153.434948822922,0.0,1.118033988749895
lpJL9-mBNmk_00,151,7,1,169.75662726385679,0.0,0.0,0.0,0.0,0.25,0.0,0.0,0.0,1_7,1.0,0.24999025440337164,679.0529801611628,0.0,0.0,0.25
lpJL9-mBNmk_00,152,7,1,168.75296293695112,0.46364760900080615,0.0,0.32175055439664224,0.0,1.0,0.5,0.0,0.0,1_7,1.0,1.003664326905664,168.13685453703735,26.565051177077994,18.434948822922014,1.118033988749895
lpJL9-mBNmk_00,153,7,1,170.00661751826016,-2.761086276477428,0.0,3.141592653589793,0.0,-1.25,-0.5,0.0,0.0,1_7,1.0,-1.2536545813090356,9999.0,158.19859051364818,180.0,1.346291201783626
lpJL9-mBNmk_00,154,7,1,170.00661751826016,0.0,0.0,3.141592653589793,0.0,0.0,0.0,0.0,0.0,1_7,1.0,-0.0,9999.0,0.0,180.0,0.0
lpJL9-mBNmk_00,155,7,1,169.76178162354446,0.0,1.5707963267948966,0.0,1.5707963267948966,0.25,0.0,0.0,0.5,1_7,1.0,0.2448358947156919,693.369662241213,90.0,90.0,0.5590169943749475
lpJL9-mBNmk_00,156,7,1,169.5117989993617,0.0,0.0,0.0,1.5707963267948966,0.25,0.0,0.0,0.0,1_7,1.0,0.2499826241827634,678.0943257697418,0.0,90.0,0.25
lpJL9-mBNmk_00,157,7,1,169.5117989993617,0.0,0.0,0.0,1.5707963267948966,0.0,0.0,0.0,0.0,1_7,1.0,-0.0,9999.0,0.0,90.0,0.0
lpJL9-mBNmk_00,158,7,1,169.75662726385679,3.141592653589793,-1.5707963267948966,0.0,0.0,-0.25,0.0,0.0,-0.5,1_7,1.0,-0.24482826449508366,9999.0,90.00000000000001,0.0,0.5590169943749475
lpJL9-mBNmk_00,159,7,1,169.0066566736352,0.0,0.0,0.0,0.0,0.75,0.0,0.0,0.0,1_7,1.0,0.7499705902215794,225.35104559727077,0.0,0.0,0.75
lpJL9-mBNmk_00,160,7,1,169.5117989993617,3.141592653589793,1.5707963267948966,-2.5535900500422253,1.5707963267948966,-0.5,0.0,0.0,0.5,1_7,1.0,-0.5051423257264958,9999.0,90.0,123.6900675259798,0.7071067811865476
lpJL9-mBNmk_00,161,7,1,169.5117989993617,0.0,0.0,0.0,1.5707963267948966,0.0,0.0,0.0,0.0,1_7,1.0,-0.0,9999.0,0.0,90.0,0.0
lpJL9-mBNmk_00,162,7,1,169.5117989993617,0.0,0.0,-2.5535900500422253,1.5707963267948966,0.0,0.0,0.0,0.0,1_7,1.0,-0.0,9999.0,0.0,123.6900675259798,0.0
lpJL9-mBNmk_00,163,7,1,169.5117989993617,0.0,0.0,0.0,1.5707963267948966,0.0,0.0,0.0,0.0,1_7,1.0,-0.0,9999.0,0.0,90.0,0.0
lpJL9-mBNmk_00,164,7,1,169.5117989993617,0.0,0.0,0.0,1.5707963267948966,0.0,0.0,0.0,0.0,1_7,1.0,-0.0,9999.0,0.0,90.0,0.0
lpJL9-mBNmk_00,165,7,1,169.5117989993617,0.0,0.0,0.0,1.5707963267948966,0.0,0.0,0.0,0.0,1_7,1.0,-0.0,9999.0,0.0,90.0,0.0
lpJL9-mBNmk_00,169,7,1,193.51033564127783,3.141592653589793,0.0,-3.1213933810087253,1.5707963267948966,-24.0,0.0,0.0,0.0,1_7,4.0,-5.999634160479033,9999.0,180.0,91.15733306812952,6.0
lpJL9-mBNmk_00,170,7,1,165.01212076693034,0.0,0.0,-0.12435499454676144,1.5707963267948966,28.5,0.0,0.0,0.0,1_7,1.0,28.498214874347497,5.790261653036557,0.0,97.1250163489018,28.5
lpJL9-mBNmk_00,171,7,1,164.51215760544872,0.0,0.0,-0.11710874456686429,1.5707963267948966,0.5,0.0,0.0,0.0,1_7,1.0,0.4999631614816167,329.0485585336425,0.0,96.70983680775694,0.5
lpJL9-mBNmk_00,172,7,1,164.51215760544872,0.0,0.0,-0.11065722117389566,1.5707963267948966,0.0,0.0,0.0,0.0,1_7,1.0,-0.0,9999.0,0.0,96.3401917459099,0.0
lpJL9-mBNmk_00,173,7,1,166.01204775557707,3.141592653589793,0.0,0.0,1.5707963267948966,-1.5,0.0,0.0,0.0,1_7,1.0,-1.4998901501283513,9999.0,180.0,90.0,1.5
lpJL9-mBNmk_00,174,7,1,166.01204775557707,0.0,0.0,0.0,1.5707963267948966,0.0,0.0,0.0,0.0,1_7,1.0,-0.0,9999.0,0.0,90.0,0.0
lpJL9-mBNmk_00,175,7,1,166.2620296399632,3.141592653589793,0.0,-0.19739555984988078,0.0,-0.25,0.0,0.0,0.0,1_7,1.0,-0.24998188438613056,9999.0,180.0,11.309932474020217,0.25
lpJL9-mBNmk_00,176,7,1,167.76192208007154,3.141592653589793,3.141592653589793,0.0,3.141592653589793,-2.5,0.0,-1.0,0.0,1_7,1.0,-1.49989244010834,9999.0,0.0,180.0,1.5
lpJL9-mBNmk_00,177,7,1,168.01190434013895,3.141592653589793,0.0,0.0,3.141592653589793,-0.25,0.0,0.0,0.0,1_7,1.0,-0.2499822600674122,9999.0,180.0,180.0,0.25
lpJL9-mBNmk_00,178,7,1,168.51186901817925,3.141592653589793,0.0,0.0,2.677945044588987,-0.5,0.0,0.0,0.0,1_7,1.0,-0.49996467804029976,9999.0,180.0,153.434948822922,0.5
lpJL9-mBNmk_00,179,7,1,168.51186901817925,0.0,0.0,0.0,2.677945044588987,0.0,0.0,0.0,0.0,1_7,1.0,-0.0,9999.0,0.0,153.434948822922,0.0
lpJL9-mBNmk_00,180,7,1,168.2618866529197,0.0,0.0,0.0,3.141592653589793,0.75,0.0,0.5,0.0,1_7,1.0,0.24998236525954098,673.0950260360324,0.0,180.0,0.25
lpJL9-mBNmk_00,181,7,1,169.01183390520322,3.141592653589793,0.0,0.0,3.141592653589793,-0.75,0.0,0.0,0.0,1_7,1.0,-0.7499472522835049,9999.0,180.0,180.0,0.75
lpJL9-mBNmk_00,182,7,1,169.01183390520322,0.0,0.0,3.141592653589793,3.141592653589793,0.0,0.0,0.0,0.0,1_7,1.0,-0.0,9999.0,0.0,0.0,0.0
lpJL9-mBNmk_00,189,7,1,182.81094059163965,3.141592653589793,3.141592653589793,3.141592653589793,3.141592653589793,-13.800000000000011,0.0,-0.5,0.0,1_7,7.0,-1.9713009552052045,9999.0,0.0,0.0,1.9000000000000017
lpJL9-mBNmk_00,190,7,1,182.3109705969446,0.0,0.0,3.141592653589793,0.0,1.0,0.0,0.5,0.0,1_7,1.0,0.49996999469505,364.64382369214525,0.0,180.0,0.5
lpJL9-mBNmk_00,191,7,1,176.51133108103852,0.0,3.141592653589793,3.141592653589793,3.141592653589793,5.300000000000011,0.0,-0.5,0.0,1_7,1.0,5.79963951590608,30.43487971915132,180.0,0.0,5.800000000000011
lpJL9-mBNmk_00,192,7,1,177.5112672480257,3.141592653589793,0.0,3.141592653589793,3.141592653589793,-1.0,0.0,0.0,0.0,1_7,1.0,-0.9999361669871689,9999.0,180.0,0.0,1.0
lpJL9-mBNmk_00,193,7,1,174.31147409163864,0.0,0.0,3.141592653589793,3.141592653589793,3.1999999999999886,0.0,0.0,0.0,1_7,1.0,3.199793156387045,54.475856898343224,0.0,0.0,3.1999999999999886
lpJL9-mBNmk_00,194,7,1,175.811376196195,3.141592653589793,0.0,3.141592653589793,0.0,-1.0,0.0,0.5,0.0,1_7,1.0,-1.4999021045563552,9999.0,180.0,180.0,1.5
lpJL9-mBNmk_00,195,7,1,173.0115603073968,0.0,0.0,0.0,0.0,2.8000000000000114,0.0,0.0,0.0,1_7,1.0,2.799815888798207,61.79390616347286,0.0,0.0,2.8000000000000114
lpJL9-mBNmk_00,196,7,1,173.0115603073968,0.0,0.0,3.141592653589793,0.0,0.0,0.0,0.0,0.0,1_7,1.0,-0.0,9999.0,0.0,180.0,0.0
lpJL9-mBNmk_00,197,7,1,172.01162751395617,0.0,0.0,3.141592653589793,0.0,1.0,0.0,0.0,0.0,1_7,1.0,0.999932793440621,172.0231886005954,0.0,180.0,1.0
lpJL9-mBNmk_00,219,7,1,168.51186901817925,0.0,0.0,3.141592653589793,0.0,3.5,0.0,0.0,0.0,1_7,22.0,0.15907993162622347,1059.2905547263952,0.0,180.0,0.1590909090909091
lpJL9-mBNmk_00,220,7,1,178.51120413016096,3.141592653589793,0.0,3.141592653589793,0.0,-10.0,0.0,0.0,0.0,1_7,1.0,-9.999335111981708,9999.0,180.0,180.0,10.0
lpJL9-mBNmk_00,221,7,1,169.26181642650536,0.0,0.0,3.141592653589793,0.0,9.25,0.0,0.0,0.0,1_7,1.0,9.2493877036556,18.29978608850061,0.0,180.0,9.25
lpJL9-mBNmk_00,222,7,1,168.75666653498462,0.0,-1.5707963267948966,3.141592653589793,-1.5707963267948966,0.5,0.0,0.0,-0.5,1_7,1.0,0.5051498915207446,334.0724592198678,90.0,90.00000000000001,0.7071067811865476
lpJL9-mBNmk_00,223,7,1,193.25582138709302,3.141592653589793,0.0,3.141592653589793,-1.5707963267948966,-24.5,0.0,0.0,0.0,1_7,1.0,-24.499154852108404,9999.0,180.0,90.00000000000001,24.5
lpJL9-mBNmk_00,224,7,1,193.0058289275223,0.0,0.0,3.141592653589793,-1.5707963267948966,0.25,0.0,0.0,0.0,1_7,1.0,0.24999245957073413,772.0466019612574,0.0,90.00000000000001,0.25
lpJL9-mBNmk_00,236,7,1,163.7622132849944,0.0,2.356194490192345,0.0,3.141592653589793,28.75,0.0,-0.5,0.5,1_7,12.0,2.4369679702106573,67.19916522778033,135.0,180.0,2.437856099344486
lpJL9-mBNmk_00,237,7,1,154.2572931825267,0.052583061610941714,0.0,0.033885329904117606,3.141592653589793,9.5,0.5,0.0,0.0,1_7,1.0,9.504920102467707,16.229204613984894,3.01278750418334,178.05851360908562,9.513148795220223
lpJL9-mBNmk_00,238,7,1,155.76284056218287,-2.677945044588987,0.0,0.0,0.0,-1.0,-0.5,0.5,0.0,1_7,1.0,-1.5055473796561785,9999.0,153.434948822922,0.0,1.5811388300841898
lpJL9-mBNmk_00,239,7,1,140.2580211610017,0.03224688243525392,0.0,0.017092352397716833,0.0,15.5,0.5,0.0,0.0,1_7,1.0,15.50481940118118,9.046091897743525,1.8476102659945954,0.9793196543394874,15.508062419270823
lpJL9-mBNmk_00,240,7,1,156.00721137178243,-3.1098572800613353,-1.5707963267948966,0.0,-1.5707963267948966,-15.75,-0.5,0.0,-0.5,1_7,1.0,-15.749190210780739,9999.0,88.18169703554817,90.0,15.75
lpJL9-mBNmk_00,241,7,1,155.25724620770524,0.0,0.0,0.0,-1.5707963267948966,0.75,0.0,0.0,0.0,1_7,1.0,0.7499651640771958,207.01927722035396,0.0,90.0,0.75
lpJL9-mBNmk_00,247,7,1,152.75736479790427,0.0,0.0,0.0,0.0,2.5,0.0,0.0,0.0,1_7,6.0,0.4166469016334939,366.63506724520965,0.0,0.0,0.4166666666666667
lpJL9-mBNmk_00,204,22,21,438.9790570175301,0.0,0.0,0.0,-0.24497866312686417,,,0.0,0.0,21_22,,0.0,9999.0,0.0,14.036243467926484,0.0
lpJL9-mBNmk_00,205,22,21,438.3723445884788,0.321750554396628,0.0,0.321750554396628,-0.24497866312686417,0.5999999999999943,0.19999999999998863,0.0,0.0,21_22,1.0,0.6067124290512993,722.5372739997274,18.4349488229212,32.471192290847675,0.6324555320336669
lpJL9-mBNmk_00,206,22,21,438.4133779893127,3.141592653589793,0.0,0.34877100358389873,-0.24497866312686417,-0.05000000000001137,0.0,0.0,0.0,21_22,1.0,-0.041033400833896394,9999.0,180.0,34.01934998982598,0.05000000000001137
lpJL9-mBNmk_00,207,22,21,438.29028337393015,0.0,0.0,0.2782996590051007,0.0,0.15000000000000568,0.0,0.0,0.0,21_22,1.0,0.12309461538256983,3560.596716694335,0.0,15.945395900922243,0.15000000000000568
lpJL9-mBNmk_00,211,22,21,438.0433768475446,-0.655695626241532,0.0,-0.21866894587395092,0.0,0.6500000000000057,-0.5,0.0,0.0,21_22,4.0,0.06172663159638603,7096.505438880796,37.56859202882725,12.528807709152025,0.2050152433357102
lpJL9-mBNmk_00,212,22,21,438.0433768475446,0.0,0.0,-0.21866894587395092,0.0,0.0,0.0,0.0,0.0,21_22,1.0,-0.0,9999.0,0.0,12.528807709152025,0.0
lpJL9-mBNmk_00,213,22,21,437.6952421491465,0.7853981633974483,0.0,-0.031239833430275487,0.0,0.25,0.25,0.0,0.0,21_22,1.0,0.3481346983980984,1257.2583088188296,45.0,1.7899106082464824,0.3535533905932738
lpJL9-mBNmk_00,214,22,21,437.63369385823114,-0.7853981633974483,0.0,-0.16076274062584117,0.0,0.25,-0.25,0.0,0.0,21_22,1.0,0.0615482909153684,7110.411797786501,45.0,9.21102654081704,0.3535533905932738
lpJL9-mBNmk_00,215,22,21,437.81819571598436,2.582993338246237,0.0,-0.03446910099951612,0.0,-0.4000000000000057,0.25,0.0,0.0,21_22,1.0,-0.1845018577532187,9999.0,147.99461679191685,1.9749340108824407,0.471699056602835
lpJL9-mBNmk_00,216,22,21,438.4532472225517,-2.7468015338900282,0.0,-0.33929261445405867,0.0,-0.5999999999999943,-0.25,0.0,0.0,21_22,1.0,-0.6350515065673221,9999.0,157.38013505195937,19.440034828176994,0.6499999999999947
lpJL9-mBNmk_00,217,22,21,438.6582525155545,3.141592653589793,0.0,-0.46364760900082513,0.0,-0.25,0.0,0.0,0.0,21_22,1.0,-0.20500529300284143,9999.0,180.0,26.565051177079088,0.25
lpJL9-mBNmk_00,218,22,21,438.8216152379006,-1.2793395323170191,0.0,-0.8176450458327092,0.0,0.15000000000000568,-0.5,0.0,0.0,21_22,1.0,-0.16336272234605076,9999.0,73.30075576600578,46.847610265994994,0.5220153254455291
lpJL9-mBNmk_00,219,22,21,438.71936930115135,1.768191886644821,0.0,-0.6659692373791278,0.0,-0.05000000000001137,0.25,0.0,0.0,21_22,1.0,0.10224593674922744,4290.82448896891,101.30993247402272,38.15722658737008,0.2549509756796415
lpJL9-mBNmk_00,283,22,21,436.8967383718949,-1.8925468811915103,3.141592653589793,0.06442683942555591,0.0,-0.09999999999999432,-0.30000000000001137,-15.5,0.0,21_22,64.0,0.028478608269631778,15341.225042860702,71.56505117707962,3.6913859864514107,0.24067065313670888
lpJL9-mBNmk_00,284,22,21,436.93766431837844,3.141592653589793,0.0,-0.46364760900080615,0.0,-0.05000000000001137,0.0,0.0,0.0,21_22,1.0,-0.04092594648352588,9999.0,180.0,26.565051177077994,0.05000000000001137
lpJL9-mBNmk_00,285,22,21,436.7653975534234,1.5707963267948966,0.0,-0.321750554396628,0.0,0.0,0.30000000000001137,0.0,0.0,21_22,1.0,0.17226676495505444,2535.401402977402,90.0,18.4349488229212,0.30000000000001137
lpJL9-mBNmk_00,250,25,21,155.5,0.0,0.0,0.0,0.0,0.0,0.0,17.0,0.0,21_25,,0.0,9999.0,0.0,0.0,0.0
lpJL9-mBNmk_00,251,25,21,154.5,0.0,3.141592653589793,0.0,0.0,0.0,0.0,-1.0,0.0,21_25,1.0,1.0,154.5,180.0,0.0,1.0
lpJL9-mBNmk_00,252,25,21,155.5,0.0,0.0,0.0,0.0,0.0,0.0,1.0,0.0,21_25,1.0,-1.0,9999.0,0.0,0.0,1.0
lpJL9-mBNmk_00,253,25,21,155.5,0.0,0.0,0.0,0.0,0.0,0.0,0.0,0.0,21_25,1.0,-0.0,9999.0,0.0,0.0,0.0
lpJL9-mBNmk_00,254,25,21,154.5,0.0,3.141592653589793,0.0,0.0,0.0,0.0,-1.0,0.0,21_25,1.0,1.0,154.5,180.0,0.0,1.0
lpJL9-mBNmk_00,255,25,21,155.0,0.0,0.0,0.0,0.0,0.0,0.0,0.5,0.0,21_25,1.0,-0.5,9999.0,0.0,0.0,0.5
lpJL9-mBNmk_00,283,25,21,140.0,0.0,3.141592653589793,-1.951302703907242,0.0,0.0,0.0,-15.5,0.0,21_25,28.0,0.5357142857142857,261.3333333333333,180.0,111.80140948635069,0.5535714285714286
lpJL9-mBNmk_00,284,25,21,140.0,0.0,0.0,-1.951302703907242,0.0,0.0,0.0,0.0,0.0,21_25,1.0,-0.0,9999.0,0.0,111.80140948635069,0.0
lpJL9-mBNmk_00,285,25,21,140.0,0.0,0.0,-1.951302703907242,0.0,0.0,0.0,0.0,0.0,21_25,1.0,-0.0,9999.0,0.0,111.80140948635069,0.0
lpJL9-mBNmk_00,253,33,21,623.7707912366529,0.0,0.0,0.0,0.0,,,0.0,0.0,21_33,,0.0,9999.0,0.0,0.0,0.0
lpJL9-mBNmk_00,254,33,21,624.112620045453,1.5707963267948966,3.141592653589793,1.5707963267948966,0.0,0.0,0.25,-1.0,0.0,21_33,1.0,-0.3418288088000736,9999.0,90.0,90.0,1.0307764064044151
lpJL9-mBNmk_00,255,33,21,625.5076438381868,-1.5707963267948966,0.0,-1.5707963267948966,0.0,0.0,-2.0,0.5,0.0,21_33,1.0,-1.3950237927338094,9999.0,90.0,90.0,2.0615528128088303
lpJL9-mBNmk_00,283,33,21,630.5708207648051,0.0,3.141592653589793,1.5707963267948966,0.0,0.0,0.0,-15.5,0.0,21_33,28.0,-0.1808277473792259,9999.0,180.0,90.0,0.5535714285714286
lpJL9-mBNmk_00,284,33,21,630.5708207648051,0.0,0.0,1.5707963267948966,0.0,0.0,0.0,0.0,0.0,21_33,1.0,-0.0,9999.0,0.0,90.0,0.0
lpJL9-mBNmk_00,285,33,21,630.406408596867,1.5707963267948966,0.0,1.5707963267948966,0.0,0.0,0.20000000000001705,0.0,0.0,21_33,1.0,0.16441216793816693,3834.3050669701884,90.0,90.0,0.20000000000001705
lpJL9-mBNmk_00,264,25,22,333.0109945632426,0.0,0.2186689458739453,2.1112158270654975,0.19739555984988078,0.0,0.0,3.5999999999999943,0.8000000000000114,22_25,,0.0,9999.0,12.528807709151705,109.65382405805427,0.0
lpJL9-mBNmk_00,265,25,22,332.74825694509656,0.0,0.0,3.141592653589793,0.21866894587394198,0.0,0.0,0.4000000000000057,0.0,22_25,1.0,0.2627376181460477,1266.465987219737,0.0,167.47119229084848,0.4000000000000057
lpJL9-mBNmk_00,266,25,22,332.7154339672267,3.141592653589793,3.141592653589793,3.141592653589793,0.20963984587421303,-0.19999999999998863,0.0,-0.15000000000000568,0.0,22_25,1.0,0.03282297786984145,10136.662044699293,0.0,167.98852161363453,0.04999999999998295
lpJL9-mBNmk_00,267,25,22,332.6826152656613,0.0,0.0,2.356194490192345,0.4182243295792291,0.0,0.0,0.05000000000001137,0.0,22_25,1.0,0.032818701565417996,10136.982860291417,0.0,111.03751102542181,0.05000000000001137
lpJL9-mBNmk_00,268,25,22,332.2069987221822,-1.5707963267948966,0.0,3.141592653589793,0.2970642123410408,0.0,-0.5,0.15000000000000568,0.0,22_25,1.0,0.47561654347907734,698.4765422416309,90.0,162.97947438848024,0.5220153254455291
lpJL9-mBNmk_00,269,25,22,332.2069987221822,0.0,0.0,3.141592653589793,0.373726819965552,0.0,0.0,0.0,0.0,22_25,1.0,-0.0,9999.0,0.0,158.5870305251283,0.0
lpJL9-mBNmk_00,270,25,22,332.0756690876343,0.0,0.0,3.141592653589793,0.348771003583907,0.0,0.0,0.19999999999998863,0.0,22_25,1.0,0.13132963454791025,2528.566155161957,0.0,160.0168934781,0.19999999999998863
lpJL9-mBNmk_00,271,25,22,332.3383968186643,0.0,3.141592653589793,3.141592653589793,0.348771003583907,0.25,0.0,-0.15000000000000568,0.0,22_25,1.0,-0.26272773102999736,9999.0,180.0,160.0168934781,0.4000000000000057
lpJL9-mBNmk_00,272,25,22,332.2398418311687,3.141592653589793,3.141592653589793,3.141592653589793,0.17073521147528248,-0.25,0.0,-0.09999999999999432,0.0,22_25,1.0,0.09855498749561775,3371.11139957216,0.0,170.21759296819275,0.15000000000000568
lpJL9-mBNmk_00,273,25,22,332.2398418311687,0.0,0.0,3.141592653589793,0.1030816085227039,0.0,0.0,0.0,0.0,22_25,1.0,-0.0,9999.0,0.0,174.0938588862293,0.0
lpJL9-mBNmk_00,274,25,22,332.2726892177568,0.0,3.141592653589793,3.141592653589793,0.1831108172624849,0.0,0.0,-0.05000000000001137,0.0,22_25,1.0,-0.03284738658811648,9999.0,180.0,169.50852298766836,0.05000000000001137
lpJL9-mBNmk_00,275,25,22,332.0756690876343,0.0,0.0,3.141592653589793,0.0,0.0,0.0,0.30000000000001137,0.0,22_25,1.0,0.19702013012249608,1685.491065715814,0.0,180.0,0.30000000000001137
lpJL9-mBNmk_00,276,25,22,332.2891248596619,1.5707963267948966,0.0,3.141592653589793,0.0,0.0,0.5,0.25,0.0,22_25,1.0,-0.2134557720276007,9999.0,90.0,180.0,0.5590169943749475
lpJL9-mBNmk_00,277,25,22,331.7476450556959,-1.5707963267948966,0.0,-1.951302703907242,0.12914729012802023,0.0,-0.5,0.25,0.0,22_25,1.0,0.5414798039660127,612.66854760943,90.0,119.20100414623782,0.5590169943749475
lpJL9-mBNmk_00,278,25,22,331.9772168387463,0.0,3.141592653589793,-1.5707963267948966,0.05190139845817008,0.19999999999998863,0.0,-0.15000000000000568,0.0,22_25,1.0,-0.22957178305040316,9999.0,180.0,92.97373108247994,0.3499999999999943
lpJL9-mBNmk_00,279,25,22,331.7476450556959,3.141592653589793,0.0,-1.951302703907242,0.06241880999595735,-0.19999999999998863,0.0,0.15000000000000568,0.0,22_25,1.0,0.22957178305040316,1445.071518144108,180.0,115.37774386134805,0.3499999999999943
lpJL9-mBNmk_00,280,25,22,331.84600720816275,0.0,3.141592653589793,-1.951302703907242,0.11990398536502374,0.0,0.0,-0.15000000000000568,0.0,22_25,1.0,-0.09836215246684787,9999.0,180.0,118.67140179456494,0.15000000000000568
lpJL9-mBNmk_00,281,25,22,331.84600720816275,0.0,0.0,-1.951302703907242,0.10711532335223162,0.0,0.0,0.0,0.0,22_25,1.0,-0.0,9999.0,0.0,117.93866543561266,0.0
lpJL9-mBNmk_00,282,25,22,331.8986893616785,0.0,-0.9272952180015667,-1.951302703907242,0.11527612597095442,0.0,0.0,0.15000000000000568,-0.19999999999998863,22_25,1.0,-0.0526821535157751,9999.0,53.13010235415337,118.4062449831048,0.2499999999999943
lpJL9-mBNmk_00,283,25,22,332.1908487601668,0.0,-1.8925468811915103,-1.951302703907242,0.06442683942555591,0.0,0.0,-0.09999999999999432,-0.30000000000001137,22_25,1.0,-0.292159398488252,9999.0,108.43494882292038,115.4927954728021,0.31622776601684693
lpJL9-mBNmk_00,284,25,22,332.2236031650972,0.0,3.141592653589793,-1.951302703907242,-0.46364760900080615,0.0,0.0,-0.05000000000001137,0.0,22_25,1.0,-0.03275440493041515,9999.0,180.0,85.2363583092727,0.05000000000001137
lpJL9-mBNmk_00,285,25,22,331.9970067636152,0.0,1.5707963267948966,-1.951302703907242,-0.321750554396628,0.0,0.0,0.0,0.30000000000001137,22_25,1.0,0.22659640148197013,1465.146862846503,90.0,93.3664606634295,0.30000000000001137
lpJL9-mBNmk_00,286,25,22,331.9116034428444,0.0,0.9272952180015667,-1.1071487177940904,0.0,0.25,0.0,0.15000000000000568,0.19999999999998863,22_25,1.0,0.08540332077080848,3886.4016111688998,53.13010235415337,63.43494882292201,0.22360679774996628
lpJL9-mBNmk_00,287,25,22,331.9116034428444,0.0,0.0,-1.1071487177940904,0.0,0.0,0.0,0.0,0.0,22_25,1.0,-0.0,9999.0,0.0,63.43494882292201,0.0
lpJL9-mBNmk_00,288,25,22,331.9116034428444,0.0,0.0,0.0,0.0,0.0,0.0,0.0,0.0,22_25,1.0,-0.0,9999.0,0.0,0.0,0.0
lpJL9-mBNmk_00,289,25,22,331.9116034428444,0.0,0.0,0.0,0.0,0.0,0.0,0.0,0.0,22_25,1.0,-0.0,9999.0,0.0,0.0,0.0
lpJL9-mBNmk_00,290,25,22,332.3299151445744,0.0,-1.951302703907242,0.0,-0.5585993153435561,0.25,0.0,-0.09999999999999432,-0.25,22_25,1.0,-0.41831170172997645,9999.0,111.80140948635069,32.00538320808313,0.4301162633521267
lpJL9-mBNmk_00,291,25,22,332.4891727560463,0.0,2.9764439761751356,0.0,-0.6747409422235249,0.0,0.0,-0.30000000000001137,0.05000000000001137,22_25,1.0,-0.15925761147190087,9999.0,170.5376777919726,38.659808254088496,0.30413812651492406
lpJL9-mBNmk_00,292,25,22,332.404121514761,0.0,2.0344439357957027,0.0,0.0,0.0,0.0,-0.09999999999999432,0.19999999999998863,22_25,1.0,0.08505124128527086,3908.2806610645744,116.56505117707799,0.0,0.22360679774996628
lpJL9-mBNmk_00,293,25,22,332.404121514761,0.0,0.0,0.0,0.0,0.0,0.0,0.0,0.0,22_25,1.0,-0.0,9999.0,0.0,0.0,0.0
lpJL9-mBNmk_00,294,25,22,332.5548676534445,3.141592653589793,-2.4668517113662682,0.0,-1.3258176636679655,-0.25,0.0,-0.25,-0.19999999999998863,22_25,1.0,-0.15074613868347342,9999.0,38.6598082540885,75.96375653206968,0.19999999999998863
lpJL9-mBNmk_00,295,25,22,332.404121514761,0.0,1.5707963267948966,0.0,3.141592653589793,0.0,0.0,0.0,0.19999999999998863,22_25,1.0,0.15074613868347342,2205.0589449108265,90.0,180.0,0.19999999999998863
lpJL9-mBNmk_00,296,25,22,332.30554088067805,0.0,0.0,-1.1071487177940904,3.141592653589793,0.0,0.0,0.15000000000000568,0.0,22_25,1.0,0.09858063408296402,3370.900826231393,0.0,116.56505117707799,0.15000000000000568
lpJL9-mBNmk_00,297,25,22,332.404121514761,0.0,0.0,0.0,3.141592653589793,0.25,0.0,0.09999999999999432,0.0,22_25,1.0,-0.09858063408296402,9999.0,0.0,180.0,0.15000000000000568
lpJL9-mBNmk_00,298,25,22,332.5548676534445,0.0,-1.5707963267948966,0.0,-2.6224465393432874,0.0,0.0,0.0,-0.19999999999998863,22_25,1.0,-0.15074613868347342,9999.0,90.0,150.25511870305877,0.19999999999998863
lpJL9-mBNmk_00,299,25,22,332.5548676534445,0.0,0.0,0.0,-2.7610862764774478,0.0,0.0,0.0,0.0,22_25,1.0,-0.0,9999.0,0.0,158.1985905136493,0.0
lpJL9-mBNmk_00,300,25,22,332.4891727560463,0.0,0.0,0.0,-2.4668517113662682,0.0,0.0,0.09999999999999432,0.0,22_25,1.0,0.06569489739820256,5061.1110744370135,0.0,141.3401917459115,0.09999999999999432
lpJL9-mBNmk_00,301,25,22,332.4891727560463,0.0,0.0,0.0,-2.4668517113662682,0.0,0.0,0.0,0.0,22_25,1.0,-0.0,9999.0,0.0,141.3401917459115,0.0
lpJL9-mBNmk_00,302,25,22,332.61699069650666,0.0,-1.1071487177940904,0.0,-2.2655346029915813,0.0,0.0,0.15000000000000568,-0.30000000000001137,22_25,1.0,-0.12781794046037476,9999.0,63.43494882292201,129.8055710922641,0.33541019662498117
lpJL9-mBNmk_00,303,25,22,332.61699069650666,0.0,0.0,0.0,3.141592653589793,0.0,0.0,0.0,0.0,22_25,1.0,-0.0,9999.0,0.0,180.0,0.0
lpJL9-mBNmk_00,304,25,22,332.61699069650666,0.0,0.0,0.0,3.141592653589793,0.0,0.0,0.0,0.0,22_25,1.0,-0.0,9999.0,0.0,180.0,0.0
lpJL9-mBNmk_00,305,25,22,332.61699069650666,0.0,0.0,0.0,-1.8925468811915103,0.0,0.0,0.0,0.0,22_25,1.0,-0.0,9999.0,0.0,108.43494882292038,0.0
lpJL9-mBNmk_00,306,25,22,332.8991476408433,3.141592653589793,-2.7233683240105755,0.0,-2.356194490192345,-0.25,0.0,-0.44999999999998863,-0.19999999999998863,22_25,1.0,-0.2821569443366343,9999.0,23.962488974577543,135.0,0.28284271247460296
lpJL9-mBNmk_00,307,25,22,332.9319600158567,0.0,3.141592653589793,0.0,-2.390663591191861,0.0,0.0,-0.05000000000001137,0.0,22_25,1.0,-0.032812375013406836,9999.0,180.0,136.97493401088244,0.05000000000001137
lpJL9-mBNmk_00,308,25,22,333.26031866995504,0.0,3.141592653589793,0.0,-2.530866689200592,0.25,0.0,-0.25,0.0,22_25,1.0,-0.32835865409833787,9999.0,180.0,145.0079798014418,0.5
lpJL9-mBNmk_00,309,25,22,333.1617662637776,0.0,0.0,0.0,-2.4526682653749363,0.0,0.0,0.15000000000000568,0.0,22_25,1.0,0.09855240617741856,3380.554358703374,0.0,140.52754015165644,0.15000000000000568
lpJL9-mBNmk_00,310,25,22,333.26031866995504,0.0,3.141592653589793,0.0,-2.6779450445889994,0.0,0.0,-0.15000000000000568,0.0,22_25,1.0,-0.09855240617741856,9999.0,180.0,153.4349488229227,0.15000000000000568
lpJL9-mBNmk_00,311,25,22,333.26031866995504,0.0,0.0,0.0,-2.4468543773930853,0.0,0.0,0.0,0.0,22_25,1.0,-0.0,9999.0,0.0,140.19442890773453,0.0
lpJL9-mBNmk_00,312,25,22,333.3917815423769,0.0,3.141592653589793,0.0,-2.356194490192345,0.0,0.0,-0.19999999999998863,0.0,22_25,1.0,-0.13146287242187782,9999.0,180.0,135.0,0.19999999999998863
lpJL9-mBNmk_00,313,25,22,332.7810841980055,0.0,0.2782996590051006,0.0,-1.5707963267948966,0.0,0.0,0.6999999999999886,0.19999999999998863,22_25,1.0,0.610697344371431,544.9198154619867,15.945395900922241,90.0,0.7280109889280377
lpJL9-mBNmk_00,314,25,22,332.8467515238807,0.0,3.141592653589793,0.0,-1.1071487177940904,0.0,0.0,-0.09999999999999432,0.0,22_25,1.0,-0.06566732587521074,9999.0,180.0,63.43494882292201,0.09999999999999432
lpJL9-mBNmk_00,315,25,22,332.8467515238807,0.0,0.0,0.0,-1.2793395323170191,0.0,0.0,0.0,0.0,22_25,1.0,-0.0,9999.0,0.0,73.30075576600578,0.0
lpJL9-mBNmk_00,316,25,22,332.7810841980055,0.0,0.0,0.0,-1.3734007669450268,0.0,0.0,0.09999999999999432,0.0,22_25,1.0,0.06566732587521074,5067.681373692569,0.0,78.69006752598041,0.09999999999999432
lpJL9-mBNmk_00,317,25,22,332.8467515238807,0.0,3.141592653589793,0.0,-1.7681918866447663,0.0,0.0,-0.09999999999999432,0.0,22_25,1.0,-0.06566732587521074,9999.0,180.0,101.30993247401959,0.09999999999999432
lpJL9-mBNmk_00,318,25,22,332.91243593473644,0.0,3.141592653589793,0.0,-2.1587989303424204,0.0,0.0,-0.09999999999999432,0.0,22_25,1.0,-0.06568441085573795,9999.0,180.0,123.69006752597726,0.09999999999999432
lpJL9-mBNmk_00,319,25,22,332.91243593473644,0.0,0.0,0.0,-2.1587989303424204,0.0,0.0,0.0,0.0,22_25,1.0,-0.0,9999.0,0.0,123.69006752597726,0.0
lpJL9-mBNmk_00,320,25,22,332.7810841980055,0.0,0.0,0.0,-1.8925468811915103,0.0,0.0,0.19999999999998863,0.0,22_25,1.0,0.1313517367309487,2533.511109028196,0.0,108.43494882292038,0.19999999999998863
lpJL9-mBNmk_00,328,25,22,332.2398418311687,0.0,1.5707963267948966,3.141592653589793,2.0344439357957027,0.25,0.0,0.0,0.5,22_25,8.0,0.06765529585459973,4910.7736154934055,90.0,63.43494882292201,0.06987712429686843
lpJL9-mBNmk_00,329,25,22,332.2398418311687,0.0,0.0,3.141592653589793,2.0344439357957027,0.0,0.0,0.0,0.0,22_25,1.0,-0.0,9999.0,0.0,63.43494882292201,0.0
lpJL9-mBNmk_00,330,25,22,332.2815410160486,0.0,1.951302703907242,0.0,2.007423486608432,0.25,0.0,-0.09999999999999432,0.25,22_25,1.0,-0.041699184879917084,9999.0,111.80140948635069,115.01689347809968,0.4301162633521267
lpJL9-mBNmk_00,331,25,22,332.0274838021696,0.0,1.1902899496825512,0.0,1.8157749899217608,0.0,0.0,0.09999999999999432,0.25,22_25,1.0,0.25405721387897984,1306.9004368454223,68.19859051364931,104.03624346792648,0.2692582403567231
lpJL9-mBNmk_00,332,25,22,332.21576196803187,0.0,-1.5707963267948966,0.0,1.8925468811915387,0.0,0.0,0.0,-0.25,22_25,1.0,-0.18827816586224344,9999.0,90.0,108.43494882292201,0.25
lpJL9-mBNmk_00,333,25,22,332.0274838021696,0.0,1.5707963267948966,0.0,1.4056476493802774,0.0,0.0,0.0,0.25,22_25,1.0,0.18827816586224344,1763.4943610248602,90.0,80.53767779197483,0.25
lpJL9-mBNmk_00,334,25,22,331.86301767446156,3.141592653589793,0.0,3.141592653589793,1.3654009376051273,-0.25,0.0,0.0,0.0,22_25,1.0,0.16446612770806723,2017.8198532376787,180.0,101.76828893202075,0.25
lpJL9-mBNmk_00,335,25,22,331.6000942400349,0.0,0.0,3.141592653589793,0.9272952180016045,0.0,0.0,0.4000000000000057,0.0,22_25,1.0,0.262923434426682,1261.204026803871,0.0,126.86989764584447,0.4000000000000057
lpJL9-mBNmk_00,264,33,22,766.6724104857302,1.5707963267948966,0.2186689458739453,1.5707963267948966,0.19739555984988078,0.0,1.75,3.5999999999999943,0.8000000000000114,22_33,,0.0,9999.0,77.4711922908483,78.69006752597979,0.0
lpJL9-mBNmk_00,265,33,22,766.9334814701989,-1.5707963267948966,0.0,-1.5707963267948966,0.21866894587394198,0.0,-1.8000000000000114,0.4000000000000057,0.0,22_33,1.0,-0.26107098446868804,9999.0,90.0,102.52880770915151,1.84390889145859
lpJL9-mBNmk_00,266,33,22,766.3504485547066,1.5707963267948966,3.141592653589793,1.5707963267948966,0.20963984587421303,0.0,2.0500000000000114,-0.15000000000000568,0.0,22_33,1.0,0.5830329154922538,1314.4205553260713,90.0,77.98852161363453,2.0554804791094585
lpJL9-mBNmk_00,267,33,22,766.9739125289725,-1.5707963267948966,0.0,-1.5707963267948966,0.4182243295792291,0.0,-1.9000000000000057,0.05000000000001137,0.0,22_33,1.0,-0.6234639742658601,9999.0,90.0,113.96248897457819,1.9006577808748273
lpJL9-mBNmk_00,268,33,22,766.7982329139785,1.5707963267948966,0.0,-1.5707963267948966,0.2970642123410408,0.0,0.09999999999999432,0.15000000000000568,0.0,22_33,1.0,0.17567961499401008,4364.753605249664,90.0,107.02052561151973,0.18027756377320103
lpJL9-mBNmk_00,269,33,22,766.8336195029532,-1.5707963267948966,0.0,-1.5707963267948966,0.373726819965552,0.0,-0.09999999999999432,0.0,0.0,22_33,1.0,-0.03538658897468849,9999.0,90.0,111.41296947487167,0.09999999999999432
lpJL9-mBNmk_00,270,33,22,766.6819744848577,-1.5707963267948966,0.0,-1.5707963267948966,0.348771003583907,0.0,-0.09999999999999432,0.19999999999998863,0.0,22_33,1.0,0.15164501809545072,5055.767634926728,90.0,109.98310652189998,0.22360679774996628
lpJL9-mBNmk_00,271,33,22,766.151605428064,1.5707963267948966,3.141592653589793,1.5707963267948966,0.348771003583907,0.0,1.9000000000000057,-0.15000000000000568,0.0,22_33,1.0,0.5303690567936883,1444.5631690125058,90.0,70.0168934781,1.905911855254598
lpJL9-mBNmk_00,272,33,22,765.8062973102271,1.5707963267948966,3.141592653589793,1.5707963267948966,0.17073521147528248,0.0,1.25,-0.09999999999999432,0.0,22_33,1.0,0.3453081178369075,2217.7477381864655,90.0,80.21759296819273,1.2539936203984448
lpJL9-mBNmk_00,273,33,22,765.7712615396323,1.5707963267948966,0.0,1.5707963267948966,0.1030816085227039,0.0,0.09999999999999432,0.0,0.0,22_33,1.0,0.03503577059484542,21856.84083832582,90.0,84.09385888622928,0.09999999999999432
lpJL9-mBNmk_00,274,33,22,765.8356089919037,-1.5707963267948966,3.141592653589793,1.5707963267948966,0.1831108172624849,0.0,-0.05000000000001137,-0.05000000000001137,0.0,22_33,1.0,-0.06434745227136318,9999.0,90.00000000000001,79.50852298766836,0.07071067811867082
lpJL9-mBNmk_00,275,33,22,765.5371071999058,1.5707963267948966,0.0,1.5707963267948966,0.0,0.0,0.05000000000001137,0.30000000000001137,0.0,22_33,1.0,0.29850179199786453,2564.598028293855,90.0,90.0,0.30413812651492406
lpJL9-mBNmk_00,276,33,22,765.3029628846343,0.0,0.0,1.5707963267948966,0.0,0.0,0.0,0.25,0.0,22_33,1.0,0.23414431527146462,3268.509688126955,0.0,90.0,0.25
lpJL9-mBNmk_00,277,33,22,765.1565199356273,-1.5707963267948966,0.0,1.5707963267948966,0.12914729012802023,0.0,-0.25,0.25,0.0,22_33,1.0,0.14644294900699606,5224.946131746317,90.0,82.60040534011289,0.3535533905932738
lpJL9-mBNmk_00,278,33,22,765.1217043712719,1.5707963267948966,3.141592653589793,1.5707963267948966,0.05190139845817008,0.0,0.5,-0.15000000000000568,0.0,22_33,1.0,0.03481556435542643,21976.426880813102,90.0,87.02626891752006,0.5220153254455291
lpJL9-mBNmk_00,279,33,22,764.8936609098025,1.5707963267948966,0.0,1.5707963267948966,0.06241880999595735,0.0,0.25,0.15000000000000568,0.0,22_33,1.0,0.22804346146938315,3354.157387286003,90.0,86.42366562500266,0.29154759474226793
lpJL9-mBNmk_00,280,33,22,764.9467121963463,1.5707963267948966,3.141592653589793,1.5707963267948966,0.11990398536502374,0.0,0.25,-0.15000000000000568,0.0,22_33,1.0,-0.05305128654379132,9999.0,90.0,83.13000769178575,0.29154759474226793
lpJL9-mBNmk_00,281,33,22,765.0866829974235,-1.5707963267948966,0.0,1.5707963267948966,0.10711532335223162,0.0,-0.4000000000000057,0.0,0.0,22_33,1.0,-0.1399708010771974,9999.0,90.0,83.86274405073803,0.4000000000000057
lpJL9-mBNmk_00,282,33,22,764.8761599108708,0.0,-0.9272952180015667,1.5707963267948966,0.11527612597095442,0.0,0.0,0.15000000000000568,-0.19999999999998863,22_33,1.0,0.2105230865527119,3633.2174890441624,53.13010235415337,83.3951645032459,0.2499999999999943
lpJL9-mBNmk_00,283,33,22,764.8649031038096,0.0,-1.8925468811915103,1.5707963267948966,0.06442683942555591,0.0,0.0,-0.09999999999999432,-0.30000000000001137,22_33,1.0,0.011256807061158725,67946.87862626278,108.43494882292038,86.30861401354859,0.31622776601684693
lpJL9-mBNmk_00,284,33,22,764.9117481775266,0.0,3.141592653589793,1.5707963267948966,-0.46364760900080615,0.0,0.0,-0.05000000000001137,0.0,22_33,1.0,-0.046845073717008745,9999.0,180.0,116.56505117707799,0.05000000000001137
lpJL9-mBNmk_00,285,33,22,764.9467121963463,1.5707963267948966,1.5707963267948966,1.5707963267948966,-0.321750554396628,0.0,0.20000000000001705,0.0,0.30000000000001137,22_33,1.0,-0.03496401881966449,9999.0,0.0,108.4349488229212,0.09999999999999432
lpJL9-mBNmk_00,286,33,22,765.1565199356273,-1.5707963267948966,0.9272952180015667,1.5707963267948966,0.0,0.0,-0.8000000000000114,0.15000000000000568,0.19999999999998863,22_33,1.0,-0.20980773928101826,9999.0,143.13010235415337,90.0,1.011187420807835
lpJL9-mBNmk_00,287,33,22,765.1565199356273,0.0,0.0,1.5707963267948966,0.0,0.0,0.0,0.0,0.0,22_33,1.0,-0.0,9999.0,0.0,90.0,0.0
lpJL9-mBNmk_00,288,33,22,765.1916165249067,-1.5707963267948966,0.0,1.5707963267948966,0.0,0.0,-0.09999999999999432,0.0,0.0,22_33,1.0,-0.03509658927941928,9999.0,90.0,90.0,0.09999999999999432
lpJL9-mBNmk_00,289,33,22,765.1565199356273,1.5707963267948966,0.0,1.5707963267948966,0.0,0.0,0.09999999999999432,0.0,0.0,22_33,1.0,0.03509658927941928,21801.44953242841,90.0,90.0,0.09999999999999432
lpJL9-mBNmk_00,290,33,22,765.1624811110383,0.0,-1.951302703907242,1.5707963267948966,-0.5585993153435561,0.0,0.0,-0.09999999999999432,-0.25,22_33,1.0,-0.005961175411016484,9999.0,111.80140948635069,122.00538320808315,0.2692582403567231
lpJL9-mBNmk_00,291,33,22,765.4609722252337,0.0,2.9764439761751356,1.5707963267948966,-0.6747409422235249,0.0,0.0,-0.30000000000001137,0.05000000000001137,22_33,1.0,-0.29849111419537167,9999.0,170.5376777919726,128.6598082540885,0.30413812651492406
lpJL9-mBNmk_00,292,33,22,765.6422810294636,-1.5707963267948966,2.0344439357957027,-1.5707963267948966,0.0,0.0,-0.05000000000001137,-0.09999999999999432,0.19999999999998863,22_33,1.0,-0.1813088042298432,9999.0,153.434948822922,90.0,0.2692582403567231
lpJL9-mBNmk_00,293,33,22,765.6422810294636,0.0,0.0,-1.5707963267948966,0.0,0.0,0.0,0.0,0.0,22_33,1.0,-0.0,9999.0,0.0,90.0,0.0
lpJL9-mBNmk_00,294,33,22,765.7537479503446,1.5707963267948966,-2.4668517113662682,-1.5707963267948966,-1.3258176636679655,0.0,0.15000000000000568,-0.25,-0.19999999999998863,22_33,1.0,-0.11146692088107102,9999.0,128.6598082540885,14.036243467930314,0.4301162633521267
lpJL9-mBNmk_00,295,33,22,765.8588724432198,-1.5707963267948966,1.5707963267948966,-1.5707963267948966,3.141592653589793,0.0,-0.09999999999999432,0.0,0.19999999999998863,22_33,1.0,-0.10512449287512027,9999.0,180.0,90.00000000000001,0.29999999999998295
lpJL9-mBNmk_00,296,33,22,765.7534655488018,-1.5707963267948966,0.0,-1.5707963267948966,3.141592653589793,0.0,-0.09999999999999432,0.15000000000000568,0.0,22_33,1.0,0.10540689441791073,7264.737945060689,90.0,90.00000000000001,0.18027756377320103
lpJL9-mBNmk_00,297,33,22,765.6598200245328,0.0,0.0,-1.5707963267948966,3.141592653589793,0.0,0.0,0.09999999999999432,0.0,22_33,1.0,0.09364552426904993,8176.149645174075,0.0,90.00000000000001,0.09999999999999432
lpJL9-mBNmk_00,298,33,22,765.5896812261774,0.0,-1.5707963267948966,-1.5707963267948966,-2.6224465393432874,0.0,0.0,0.0,-0.19999999999998863,22_33,1.0,0.07013879835540138,10915.352118621226,90.0,60.25511870305876,0.19999999999998863
lpJL9-mBNmk_00,299,33,22,765.5896812261774,0.0,0.0,-1.5707963267948966,-2.7610862764774478,0.0,0.0,0.0,0.0,22_33,1.0,-0.0,9999.0,0.0,68.19859051364931,0.0
lpJL9-mBNmk_00,300,33,22,765.5661761075916,-1.5707963267948966,0.0,-1.5707963267948966,-2.4668517113662682,0.0,-0.20000000000001705,0.09999999999999432,0.0,22_33,1.0,0.023505118585831042,32570.189906171214,90.0,51.340191745911504,0.22360679774999168
lpJL9-mBNmk_00,301,33,22,765.4960287290849,1.5707963267948966,0.0,-1.5707963267948966,-2.4668517113662682,0.0,0.20000000000001705,0.0,0.0,22_33,1.0,0.07014737850670372,10912.681913778564,90.0,51.340191745911504,0.20000000000001705
lpJL9-mBNmk_00,302,33,22,765.1628486799395,1.5707963267948966,-1.1071487177940904,-1.5707963267948966,-2.2655346029915813,0.0,0.25,0.15000000000000568,-0.30000000000001137,22_33,1.0,0.3331800491453123,2296.544617970878,153.434948822922,39.80557109226413,0.5700877125495815
lpJL9-mBNmk_00,303,33,22,765.1628486799395,0.0,0.0,-1.5707963267948966,3.141592653589793,0.0,0.0,0.0,0.0,22_33,1.0,-0.0,9999.0,0.0,90.00000000000001,0.0
lpJL9-mBNmk_00,304,33,22,765.1453473033735,1.5707963267948966,0.0,-1.5707963267948966,3.141592653589793,0.0,0.04999999999998295,0.0,0.0,22_33,1.0,0.017501376566087856,43719.1522857684,90.0,90.00000000000001,0.04999999999998295
lpJL9-mBNmk_00,305,33,22,765.1453473033735,0.0,0.0,-1.5707963267948966,-1.8925468811915103,0.0,0.0,0.0,0.0,22_33,1.0,-0.0,9999.0,0.0,18.434948822920383,0.0
lpJL9-mBNmk_00,306,33,22,765.5669010609066,-1.5707963267948966,-2.7233683240105755,0.0,-2.356194490192345,0.0,-0.19999999999998863,-0.44999999999998863,-0.19999999999998863,22_33,1.0,-0.42155375753316093,9999.0,66.03751102542248,135.0,0.44999999999998863
lpJL9-mBNmk_00,307,33,22,765.6137423662143,0.0,3.141592653589793,0.0,-2.390663591191861,0.0,0.0,-0.05000000000001137,0.0,22_33,1.0,-0.04684130530768016,9999.0,180.0,136.97493401088244,0.05000000000001137
lpJL9-mBNmk_00,308,33,22,765.9179133562552,-1.5707963267948966,3.141592653589793,-1.5707963267948966,-2.530866689200592,0.0,-0.19999999999998863,-0.25,0.0,22_33,1.0,-0.30417099004091597,9999.0,90.00000000000001,55.00797980144178,0.32015621187163534
lpJL9-mBNmk_00,309,33,22,765.8474146329672,-1.5707963267948966,0.0,-1.5707963267948966,-2.4526682653749363,0.0,-0.20000000000001705,0.15000000000000568,0.0,22_33,1.0,0.07049872328798301,10863.280622891949,90.0,50.52754015165643,0.25000000000001704
lpJL9-mBNmk_00,310,33,22,766.0229369934036,-1.5707963267948966,3.141592653589793,-1.5707963267948966,-2.6779450445889994,0.0,-0.09999999999999432,-0.15000000000000568,0.0,22_33,1.0,-0.17552236043638914,9999.0,90.00000000000001,63.43494882292272,0.18027756377320103
lpJL9-mBNmk_00,311,33,22,766.1280637073673,-1.5707963267948966,0.0,-1.5707963267948966,-2.4468543773930853,0.0,-0.30000000000001137,0.0,0.0,22_33,1.0,-0.10512671396372752,9999.0,90.0,50.19442890773454,0.30000000000001137
lpJL9-mBNmk_00,312,33,22,766.1927645834304,1.5707963267948966,3.141592653589793,-1.5707963267948966,-2.356194490192345,0.0,0.35000000000002274,-0.19999999999998863,0.0,22_33,1.0,-0.06470087606305697,9999.0,90.0,45.0,0.40311288741494156
lpJL9-mBNmk_00,313,33,22,765.6072116300891,0.0,0.2782996590051006,-1.5707963267948966,-1.5707963267948966,0.0,0.0,0.6999999999999886,0.19999999999998863,22_33,1.0,0.5855529533413346,1307.4944072287788,15.945395900922241,0.0,0.7280109889280377
lpJL9-mBNmk_00,314,33,22,765.7183947117896,-1.5707963267948966,3.141592653589793,-1.5707963267948966,-1.1071487177940904,0.0,-0.05000000000001137,-0.09999999999999432,0.0,22_33,1.0,-0.1111830817005739,9999.0,90.00000000000001,26.565051177077994,0.11180339887498948
lpJL9-mBNmk_00,315,33,22,765.7183947117896,0.0,0.0,-1.5707963267948966,-1.2793395323170191,0.0,0.0,0.0,0.0,22_33,1.0,-0.0,9999.0,0.0,16.699244233994218,0.0
lpJL9-mBNmk_00,316,33,22,765.6247448979167,0.0,0.0,-1.5707963267948966,-1.3734007669450268,0.0,0.0,0.09999999999999432,0.0,22_33,1.0,0.09364981387295757,8175.400603962113,0.0,11.309932474019586,0.09999999999999432
lpJL9-mBNmk_00,317,33,22,765.6833353286462,1.5707963267948966,3.141592653589793,-1.5707963267948966,-1.7681918866447663,0.0,0.09999999999999432,-0.09999999999999432,0.0,22_33,1.0,-0.058590430729509535,9999.0,90.0,11.309932474019586,0.14142135623730148
lpJL9-mBNmk_00,318,33,22,765.8120461314252,-1.5707963267948966,3.141592653589793,-1.5707963267948966,-2.1587989303424204,0.0,-0.09999999999999432,-0.09999999999999432,0.0,22_33,1.0,-0.12871080277898272,9999.0,90.00000000000001,33.690067525977284,0.14142135623730148
lpJL9-mBNmk_00,319,33,22,765.7594677834549,1.5707963267948966,0.0,-1.5707963267948966,-2.1587989303424204,0.0,0.15000000000000568,0.0,0.0,22_33,1.0,0.05257834797032501,14564.159912663024,90.0,33.690067525977284,0.15000000000000568
lpJL9-mBNmk_00,320,33,22,765.5896812261774,-1.5707963267948966,0.0,-1.5707963267948966,-1.8925468811915103,0.0,-0.05000000000001137,0.19999999999998863,0.0,22_33,1.0,0.16978655727746172,4509.130130809274,90.0,18.434948822920383,0.20615528128087476
lpJL9-mBNmk_00,328,33,22,765.888087451424,-1.5707963267948966,1.5707963267948966,-1.5707963267948966,2.0344439357957027,0.0,-0.15000000000000568,0.0,0.5,22_33,8.0,-0.03730077815582433,9999.0,180.0,153.434948822922,0.08125000000000071
lpJL9-mBNmk_00,329,33,22,765.8353674256629,1.5707963267948966,0.0,-1.5707963267948966,2.0344439357957027,0.0,0.15000000000000568,0.0,0.0,22_33,1.0,0.05272002576111845,14526.460417446802,90.0,153.434948822922,0.15000000000000568
lpJL9-mBNmk_00,330,33,22,766.016861759583,0.0,1.951302703907242,-1.5707963267948966,2.007423486608432,0.0,0.0,-0.09999999999999432,0.25,22_33,1.0,-0.1814943339201136,9999.0,111.80140948635069,154.9831065219003,0.2692582403567231
lpJL9-mBNmk_00,331,33,22,765.9760113737244,1.5707963267948966,1.1902899496825512,1.5707963267948966,1.8157749899217608,0.0,0.09999999999999432,0.09999999999999432,0.25,22_33,1.0,0.04085038585856182,18750.765635991753,21.801409486350696,14.036243467926486,0.18027756377320103
lpJL9-mBNmk_00,332,33,22,765.8353674256629,1.5707963267948966,-1.5707963267948966,1.5707963267948966,1.8925468811915387,0.0,0.15000000000000568,0.0,-0.25,22_33,1.0,0.14064394806155178,5445.206693788919,180.0,18.43494882292201,0.4000000000000057
lpJL9-mBNmk_00,333,33,22,766.0640067905554,-1.5707963267948966,1.5707963267948966,-1.5707963267948966,1.4056476493802774,0.0,-0.4000000000000057,0.0,0.25,22_33,1.0,-0.22863936489250136,9999.0,180.0,170.53767779197483,0.6500000000000057
lpJL9-mBNmk_00,334,33,22,765.8353674256629,1.5707963267948966,0.0,1.5707963267948966,1.3654009376051273,0.0,0.6500000000000057,0.0,0.0,22_33,1.0,0.22863936489250136,3349.5341792334543,90.0,11.768288932020756,0.6500000000000057
lpJL9-mBNmk_00,335,33,22,765.5136331248452,-1.5707963267948966,0.0,1.5707963267948966,0.9272952180016045,0.0,-0.15000000000000568,0.4000000000000057,0.0,22_33,1.0,0.32173430081763854,2379.334846111867,90.0,36.86989764584446,0.4272001872658839
lpJL9-mBNmk_00,253,33,25,721.0709049739838,0.0,0.0,0.0,0.0,,,0.0,0.0,25_33,,0.0,9999.0,0.0,0.0,0.0
lpJL9-mBNmk_00,254,33,25,720.8902915839552,1.5707963267948966,0.0,1.5707963267948966,0.0,0.0,0.25,0.0,0.0,25_33,1.0,0.18061339002861132,3991.3446697930735,90.0,90.0,0.25
lpJL9-mBNmk_00,255,33,25,722.3363569003017,-1.5707963267948966,0.0,-1.5707963267948966,0.0,0.0,-2.0,0.0,0.0,25_33,1.0,-1.4460653163464485,9999.0,90.0,90.0,2.0
lpJL9-mBNmk_00,256,33,25,722.1817655549052,1.5707963267948966,2.1112158270654975,-1.5707963267948966,2.1112158270654975,0.0,1.0,-0.30000000000001137,0.5,25_33,1.0,0.15459134539651131,4671.553661057683,30.963756532074484,149.03624346792552,0.5830951894845359
lpJL9-mBNmk_00,257,33,25,722.217924175245,-1.5707963267948966,0.0,-1.5707963267948966,2.1112158270654975,0.0,-0.05000000000001137,0.0,0.0,25_33,1.0,-0.0361586203398474,9999.0,90.0,149.03624346792552,0.05000000000001137
lpJL9-mBNmk_00,258,33,25,722.254084446741,-1.5707963267948966,0.0,-1.5707963267948966,2.1112158270654975,0.0,-0.04999999999998295,0.0,0.0,25_33,1.0,-0.03616027149598722,9999.0,90.0,149.03624346792552,0.04999999999998295
lpJL9-mBNmk_00,259,33,25,722.217924175245,1.5707963267948966,0.0,-1.5707963267948966,2.1112158270654975,0.0,0.04999999999998295,0.0,0.0,25_33,1.0,0.03616027149598722,19972.690864762757,90.0,149.03624346792552,0.04999999999998295
lpJL9-mBNmk_00,260,33,25,722.2902463691448,-1.5707963267948966,0.0,-1.5707963267948966,3.141592653589793,0.0,-0.09999999999999432,0.0,0.0,25_33,1.0,-0.0723221938998222,9999.0,90.0,90.00000000000001,0.09999999999999432
lpJL9-mBNmk_00,261,33,25,722.254084446741,1.5707963267948966,0.0,-1.5707963267948966,3.141592653589793,0.0,0.05000000000001137,0.0,0.0,25_33,1.0,0.03616192240383498,19972.77900165357,90.0,90.00000000000001,0.05000000000001137
lpJL9-mBNmk_00,262,33,25,722.217924175245,1.5707963267948966,0.0,-1.5707963267948966,3.141592653589793,0.0,0.04999999999998295,0.0,0.0,25_33,1.0,0.03616027149598722,19972.690864762757,90.0,90.00000000000001,0.04999999999998295
lpJL9-mBNmk_00,263,33,25,722.362575165685,-1.5707963267948966,0.0,-1.5707963267948966,3.141592653589793,0.0,-0.19999999999998863,0.0,0.0,25_33,1.0,-0.14465099044002727,9999.0,90.0,90.00000000000001,0.19999999999998863
lpJL9-mBNmk_00,264,33,25,721.0977759638425,1.5707963267948966,0.0,1.5707963267948966,2.1112158270654975,0.0,1.75,0.0,0.0,25_33,1.0,1.264799201842493,570.128266141681,90.0,30.963756532074484,1.75
lpJL9-mBNmk_00,265,33,25,722.3987420393255,-1.5707963267948966,0.0,-1.5707963267948966,3.141592653589793,0.0,-1.8000000000000114,0.0,0.0,25_33,1.0,-1.300966075482961,9999.0,90.0,90.00000000000001,1.8000000000000114
lpJL9-mBNmk_00,266,33,25,721.0556497247629,1.5707963267948966,3.141592653589793,1.5707963267948966,3.141592653589793,0.0,2.0500000000000114,-0.19999999999998863,0.0,25_33,1.0,1.3430923145625684,536.8623153499344,90.0,90.0,2.059732992404608
lpJL9-mBNmk_00,267,33,25,722.4283770727725,-1.5707963267948966,0.0,-1.5707963267948966,2.356194490192345,0.0,-1.9000000000000057,0.0,0.0,25_33,1.0,-1.3727273480095619,9999.0,90.0,135.0,1.9000000000000057
lpJL9-mBNmk_00,268,33,25,721.9946260187813,1.5707963267948966,-1.5707963267948966,-1.5707963267948966,3.141592653589793,0.0,0.09999999999999432,0.0,-0.5,25_33,1.0,0.4337510539911591,1664.536879796256,180.0,90.00000000000001,0.5999999999999943
lpJL9-mBNmk_00,269,33,25,722.0669013325565,-1.5707963267948966,0.0,-1.5707963267948966,3.141592653589793,0.0,-0.09999999999999432,0.0,0.0,25_33,1.0,-0.0722753137752079,9999.0,90.0,90.00000000000001,0.09999999999999432
lpJL9-mBNmk_00,270,33,25,722.1391832604016,-1.5707963267948966,0.0,-1.5707963267948966,3.141592653589793,0.0,-0.09999999999999432,0.0,0.0,25_33,1.0,-0.07228192784509702,9999.0,90.0,90.00000000000001,0.09999999999999432
lpJL9-mBNmk_00,271,33,25,720.5939026247725,1.5707963267948966,0.0,1.5707963267948966,3.141592653589793,0.0,1.9000000000000057,0.25,0.0,25_33,1.0,1.545280635629183,466.3191177124745,90.0,90.0,1.9163767896736856
lpJL9-mBNmk_00,272,33,25,719.8654891714145,1.5707963267948966,3.141592653589793,1.5707963267948966,3.141592653589793,0.0,1.25,-0.25,0.0,25_33,1.0,0.7284134533579163,988.2649556414747,90.0,90.0,1.2747548783981961
lpJL9-mBNmk_00,273,33,25,719.7934165439415,1.5707963267948966,0.0,1.5707963267948966,3.141592653589793,0.0,0.09999999999999432,0.0,0.0,25_33,1.0,0.07207262747306231,9987.056692403363,90.0,90.0,0.09999999999999432
lpJL9-mBNmk_00,274,33,25,719.8294520231858,-1.5707963267948966,0.0,1.5707963267948966,3.141592653589793,0.0,-0.05000000000001137,0.0,0.0,25_33,1.0,-0.036035479244333146,9999.0,90.0,90.0,0.05000000000001137
lpJL9-mBNmk_00,275,33,25,719.7934165439415,1.5707963267948966,0.0,1.5707963267948966,3.141592653589793,0.0,0.05000000000001137,0.0,0.0,25_33,1.0,0.036035479244333146,19974.57593566303,90.0,90.0,0.05000000000001137
lpJL9-mBNmk_00,276,33,25,720.1538464106125,0.0,1.5707963267948966,1.5707963267948966,3.141592653589793,0.0,0.0,0.0,0.5,25_33,1.0,-0.36042986667098376,9999.0,90.0,90.0,0.5
lpJL9-mBNmk_00,277,33,25,719.9736106275008,-1.5707963267948966,-1.5707963267948966,1.5707963267948966,-1.951302703907242,0.0,-0.25,0.0,-0.5,25_33,1.0,0.18023578311169786,3994.6208138997026,0.0,158.1985905136493,0.25
lpJL9-mBNmk_00,278,33,25,719.4745930191003,1.5707963267948966,0.0,1.5707963267948966,-1.5707963267948966,0.0,0.5,0.19999999999998863,0.0,25_33,1.0,0.4990176084004361,1441.7819750395638,90.0,180.0,0.5385164807134462
lpJL9-mBNmk_00,279,33,25,719.4331536008053,1.5707963267948966,3.141592653589793,1.5707963267948966,-1.951302703907242,0.0,0.25,-0.19999999999998863,0.0,25_33,1.0,0.041439418294999086,17361.082351091463,90.0,158.1985905136493,0.32015621187163534
lpJL9-mBNmk_00,280,33,25,719.2530848039513,1.5707963267948966,0.0,1.5707963267948966,-1.951302703907242,0.0,0.25,0.0,0.0,25_33,1.0,0.180068796854016,3994.323821617238,90.0,158.1985905136493,0.25
lpJL9-mBNmk_00,281,33,25,719.5412149418545,-1.5707963267948966,0.0,1.5707963267948966,-1.951302703907242,0.0,-0.4000000000000057,0.0,0.0,25_33,1.0,-0.2881301379031811,9999.0,90.0,158.1985905136493,0.4000000000000057
lpJL9-mBNmk_00,282,33,25,719.5412149418545,0.0,0.0,1.5707963267948966,-1.951302703907242,0.0,0.0,0.0,0.0,25_33,1.0,-0.0,9999.0,0.0,158.1985905136493,0.0
lpJL9-mBNmk_00,283,33,25,719.5412149418545,0.0,0.0,1.5707963267948966,-1.951302703907242,0.0,0.0,0.0,0.0,25_33,1.0,-0.0,9999.0,0.0,158.1985905136493,0.0
lpJL9-mBNmk_00,284,33,25,719.5412149418545,0.0,0.0,1.5707963267948966,-1.951302703907242,0.0,0.0,0.0,0.0,25_33,1.0,-0.0,9999.0,0.0,158.1985905136493,0.0
lpJL9-mBNmk_00,285,33,25,719.3971364969422,1.5707963267948966,0.0,1.5707963267948966,-1.951302703907242,0.0,0.20000000000001705,0.0,0.0,25_33,1.0,0.14407844491233845,4993.0934286155325,90.0,158.1985905136493,0.20000000000001705
lpJL9-mBNmk_00,286,33,25,719.8003629479496,-1.5707963267948966,0.0,1.5707963267948966,-1.1071487177940904,0.0,-0.8000000000000114,0.25,0.0,25_33,1.0,-0.40322645100741283,9999.0,90.0,153.434948822922,0.8381527307120213
lpJL9-mBNmk_00,287,33,25,719.8003629479496,0.0,0.0,1.5707963267948966,-1.1071487177940904,0.0,0.0,0.0,0.0,25_33,1.0,-0.0,9999.0,0.0,153.434948822922,0.0
lpJL9-mBNmk_00,288,33,25,719.8724696083327,-1.5707963267948966,0.0,1.5707963267948966,0.0,0.0,-0.09999999999999432,0.0,0.0,25_33,1.0,-0.07210666038315594,9999.0,90.0,90.0,0.09999999999999432
lpJL9-mBNmk_00,289,33,25,719.8003629479496,1.5707963267948966,0.0,1.5707963267948966,0.0,0.0,0.09999999999999432,0.0,0.0,25_33,1.0,0.07210666038315594,9982.439335327952,90.0,90.0,0.09999999999999432
lpJL9-mBNmk_00,290,33,25,719.6271604101669,0.0,0.0,1.5707963267948966,0.0,0.0,0.0,0.25,0.0,25_33,1.0,0.1732025377826858,4154.83034846216,0.0,90.0,0.25
lpJL9-mBNmk_00,291,33,25,719.6271604101669,0.0,0.0,1.5707963267948966,0.0,0.0,0.0,0.0,0.0,25_33,1.0,-0.0,9999.0,0.0,90.0,0.0
lpJL9-mBNmk_00,292,33,25,719.6632215835403,-1.5707963267948966,0.0,-1.5707963267948966,0.0,0.0,-0.05000000000001137,0.0,0.0,25_33,1.0,-0.03606117337346859,9999.0,90.0,90.0,0.05000000000001137
lpJL9-mBNmk_00,293,33,25,719.6632215835403,0.0,0.0,-1.5707963267948966,0.0,0.0,0.0,0.0,0.0,25_33,1.0,-0.0,9999.0,0.0,90.0,0.0
lpJL9-mBNmk_00,294,33,25,719.7282629576248,1.5707963267948966,3.141592653589793,-1.5707963267948966,0.0,0.0,0.15000000000000568,-0.25,0.0,25_33,1.0,-0.06504137408444421,9999.0,90.0,90.0,0.29154759474226793
lpJL9-mBNmk_00,295,33,25,719.8003629479496,-1.5707963267948966,0.0,-1.5707963267948966,0.0,0.0,-0.09999999999999432,0.0,0.0,25_33,1.0,-0.07209999032477299,9999.0,90.0,90.0,0.09999999999999432
lpJL9-mBNmk_00,296,33,25,719.8724696083327,-1.5707963267948966,0.0,-1.5707963267948966,-1.1071487177940904,0.0,-0.09999999999999432,0.0,0.0,25_33,1.0,-0.07210666038315594,9999.0,90.0,26.565051177077994,0.09999999999999432
lpJL9-mBNmk_00,297,33,25,719.6992844237099,0.0,0.0,-1.5707963267948966,0.0,0.0,0.0,0.25,0.0,25_33,1.0,0.17318518462286647,4155.663118591522,0.0,90.0,0.25
lpJL9-mBNmk_00,298,33,25,719.6992844237099,0.0,0.0,-1.5707963267948966,0.0,0.0,0.0,0.0,0.0,25_33,1.0,-0.0,9999.0,0.0,90.0,0.0
lpJL9-mBNmk_00,299,33,25,719.6992844237099,0.0,0.0,-1.5707963267948966,0.0,0.0,0.0,0.0,0.0,25_33,1.0,-0.0,9999.0,0.0,90.0,0.0
lpJL9-mBNmk_00,300,33,25,719.8435524473356,-1.5707963267948966,0.0,-1.5707963267948966,0.0,0.0,-0.20000000000001705,0.0,0.0,25_33,1.0,-0.14426802362572744,9999.0,90.0,90.0,0.20000000000001705
lpJL9-mBNmk_00,301,33,25,719.6992844237099,1.5707963267948966,0.0,-1.5707963267948966,0.0,0.0,0.20000000000001705,0.0,0.0,25_33,1.0,0.14426802362572744,4988.62649072407,90.0,90.0,0.20000000000001705
lpJL9-mBNmk_00,302,33,25,719.5189868933272,1.5707963267948966,0.0,-1.5707963267948966,0.0,0.0,0.25,0.0,0.0,25_33,1.0,0.18029753038263152,3990.7312394481924,90.0,90.0,0.25
lpJL9-mBNmk_00,303,33,25,719.5189868933272,0.0,0.0,-1.5707963267948966,0.0,0.0,0.0,0.0,0.0,25_33,1.0,-0.0,9999.0,0.0,90.0,0.0
lpJL9-mBNmk_00,304,33,25,719.4829323896432,1.5707963267948966,0.0,-1.5707963267948966,0.0,0.0,0.04999999999998295,0.0,0.0,25_33,1.0,0.03605450368399943,19955.424673033052,90.0,90.0,0.04999999999998295
lpJL9-mBNmk_00,305,33,25,719.4829323896432,0.0,0.0,-1.5707963267948966,0.0,0.0,0.0,0.0,0.0,25_33,1.0,-0.0,9999.0,0.0,90.0,0.0
lpJL9-mBNmk_00,306,33,25,719.8003629479496,-1.5707963267948966,3.141592653589793,0.0,0.0,0.0,-0.19999999999998863,-0.25,0.0,25_33,1.0,-0.3174305583063415,9999.0,90.00000000000001,0.0,0.32015621187163534
lpJL9-mBNmk_00,307,33,25,719.8003629479496,0.0,0.0,0.0,0.0,0.0,0.0,0.0,0.0,25_33,1.0,-0.0,9999.0,0.0,0.0,0.0
lpJL9-mBNmk_00,308,33,25,719.7714151034342,-1.5707963267948966,0.0,-1.5707963267948966,0.0,0.0,-0.19999999999998863,0.25,0.0,25_33,1.0,0.028947844515414545,24864.421761010926,90.0,90.0,0.32015621187163534
lpJL9-mBNmk_00,309,33,25,719.9156964534111,-1.5707963267948966,0.0,-1.5707963267948966,0.0,0.0,-0.20000000000001705,0.0,0.0,25_33,1.0,-0.14428134997694997,9999.0,90.0,90.0,0.20000000000001705
lpJL9-mBNmk_00,310,33,25,719.987847119658,-1.5707963267948966,0.0,-1.5707963267948966,0.0,0.0,-0.09999999999999432,0.0,0.0,25_33,1.0,-0.07215066624689825,9999.0,90.0,90.0,0.09999999999999432
lpJL9-mBNmk_00,311,33,25,720.2043390594089,-1.5707963267948966,0.0,-1.5707963267948966,0.0,0.0,-0.30000000000001137,0.0,0.0,25_33,1.0,-0.2164919397508811,9999.0,90.0,90.0,0.30000000000001137
lpJL9-mBNmk_00,312,33,25,719.9517709541383,1.5707963267948966,0.0,-1.5707963267948966,0.0,0.0,0.35000000000002274,0.0,0.0,25_33,1.0,0.2525681052705977,2850.525287754733,90.0,90.0,0.35000000000002274
lpJL9-mBNmk_00,313,33,25,719.9517709541383,0.0,0.0,-1.5707963267948966,0.0,0.0,0.0,0.0,0.0,25_33,1.0,-0.0,9999.0,0.0,90.0,0.0
lpJL9-mBNmk_00,314,33,25,719.987847119658,-1.5707963267948966,0.0,-1.5707963267948966,0.0,0.0,-0.05000000000001137,0.0,0.0,25_33,1.0,-0.036076165519716596,9999.0,90.0,90.0,0.05000000000001137
lpJL9-mBNmk_00,315,33,25,719.987847119658,0.0,0.0,-1.5707963267948966,0.0,0.0,0.0,0.0,0.0,25_33,1.0,-0.0,9999.0,0.0,90.0,0.0
lpJL9-mBNmk_00,316,33,25,719.987847119658,0.0,0.0,-1.5707963267948966,0.0,0.0,0.0,0.0,0.0,25_33,1.0,-0.0,9999.0,0.0,90.0,0.0
lpJL9-mBNmk_00,317,33,25,719.9156964534111,1.5707963267948966,0.0,-1.5707963267948966,0.0,0.0,0.09999999999999432,0.0,0.0,25_33,1.0,0.07215066624689825,9977.949392592895,90.0,90.0,0.09999999999999432
lpJL9-mBNmk_00,318,33,25,719.987847119658,-1.5707963267948966,0.0,-1.5707963267948966,0.0,0.0,-0.09999999999999432,0.0,0.0,25_33,1.0,-0.07215066624689825,9999.0,90.0,90.0,0.09999999999999432
lpJL9-mBNmk_00,319,33,25,719.8796236177268,1.5707963267948966,0.0,-1.5707963267948966,0.0,0.0,0.15000000000000568,0.0,0.0,25_33,1.0,0.10822350193120656,6651.786449077633,90.0,90.0,0.15000000000000568
lpJL9-mBNmk_00,320,33,25,719.9156964534111,-1.5707963267948966,0.0,-1.5707963267948966,0.0,0.0,-0.05000000000001137,0.0,0.0,25_33,1.0,-0.0360728356843083,9999.0,90.0,90.0,0.05000000000001137
lpJL9-mBNmk_00,321,33,25,720.0600044440741,-1.5707963267948966,0.0,-1.5707963267948966,0.0,0.0,-0.19999999999998863,0.0,0.0,25_33,1.0,-0.14430799066303734,9999.0,90.0,90.0,0.19999999999998863
lpJL9-mBNmk_00,322,33,25,719.8435524473356,1.5707963267948966,0.0,-1.5707963267948966,0.0,0.0,0.29999999999998295,0.0,0.0,25_33,1.0,0.21645199673855586,3325.649859062318,90.0,90.0,0.29999999999998295
lpJL9-mBNmk_00,323,33,25,719.9156964534111,-1.5707963267948966,0.0,-1.5707963267948966,0.0,0.0,-0.09999999999999432,0.0,0.0,25_33,1.0,-0.07214400607551852,9999.0,90.0,90.0,0.09999999999999432
lpJL9-mBNmk_00,324,33,25,720.160962910376,-1.5707963267948966,3.141592653589793,-1.5707963267948966,3.141592653589793,0.0,-0.09999999999999432,-0.25,0.0,25_33,1.0,-0.24526645696494143,9999.0,90.00000000000001,90.00000000000001,0.2692582403567231
lpJL9-mBNmk_00,325,33,25,720.1682529103877,-1.5707963267948966,0.0,-1.5707963267948966,0.0,0.0,-0.25,0.25,0.0,25_33,1.0,-0.0072900000116078445,9999.0,90.0,90.0,0.3535533905932738
lpJL9-mBNmk_00,326,33,25,720.160962910376,1.5707963267948966,3.141592653589793,-1.5707963267948966,0.0,0.0,0.25,-0.25,0.0,25_33,1.0,0.0072900000116078445,98787.51190173744,90.0,90.0,0.3535533905932738
lpJL9-mBNmk_00,327,33,25,720.4062465026244,-1.5707963267948966,3.141592653589793,-1.5707963267948966,3.141592653589793,0.0,-0.09999999999999432,-0.25,0.0,25_33,1.0,-0.24528359224837004,9999.0,90.00000000000001,90.00000000000001,0.2692582403567231
lpJL9-mBNmk_00,328,33,25,720.3413253451449,-1.5707963267948966,0.0,-1.5707963267948966,3.141592653589793,0.0,-0.15000000000000568,0.25,0.0,25_33,1.0,0.06492115747948901,11095.632815430428,90.0,90.00000000000001,0.29154759474226793
lpJL9-mBNmk_00,329,33,25,720.2331028910015,1.5707963267948966,0.0,-1.5707963267948966,3.141592653589793,0.0,0.15000000000000568,0.0,0.0,25_33,1.0,0.10822245414340159,6655.117078907185,90.0,90.00000000000001,0.15000000000000568
lpJL9-mBNmk_00,330,33,25,720.0600044440741,0.0,0.0,-1.5707963267948966,0.0,0.0,0.0,0.25,0.0,25_33,1.0,0.17309844692738352,4159.829375858851,0.0,90.0,0.25
lpJL9-mBNmk_00,331,33,25,719.987847119658,1.5707963267948966,0.0,1.5707963267948966,0.0,0.0,0.09999999999999432,0.0,0.0,25_33,1.0,0.07215732441613909,9978.02860548723,90.0,90.0,0.09999999999999432
lpJL9-mBNmk_00,332,33,25,719.8796236177268,1.5707963267948966,0.0,1.5707963267948966,0.0,0.0,0.15000000000000568,0.0,0.0,25_33,1.0,0.10822350193120656,6651.786449077633,90.0,90.0,0.15000000000000568
lpJL9-mBNmk_00,333,33,25,720.1682529103877,-1.5707963267948966,0.0,-1.5707963267948966,0.0,0.0,-0.4000000000000057,0.0,0.0,25_33,1.0,-0.2886292926608576,9999.0,90.0,90.0,0.4000000000000057
lpJL9-mBNmk_00,334,33,25,719.8724696083327,1.5707963267948966,3.141592653589793,1.5707963267948966,3.141592653589793,0.0,0.6500000000000057,-0.25,0.0,25_33,1.0,0.29578330205492875,2433.783329238268,90.0,90.0,0.6964194138592112
lpJL9-mBNmk_00,335,33,25,719.9806421008832,-1.5707963267948966,0.0,1.5707963267948966,3.141592653589793,0.0,-0.15000000000000568,0.0,0.0,25_33,1.0,-0.1081724925504659,9999.0,90.0,90.0,0.15000000000000568
lpJL9-mBNmk_00,336,33,25,719.8724696083327,1.5707963267948966,0.0,1.5707963267948966,3.141592653589793,0.0,0.15000000000000568,0.0,0.0,25_33,1.0,0.1081724925504659,6654.857003248671,90.0,90.0,0.15000000000000568
lpJL9-mBNmk_00,337,33,25,720.0960856024701,-1.5707963267948966,0.0,-1.5707963267948966,0.0,0.0,-0.5500000000000114,0.25,0.0,25_33,1.0,-0.22361599413738986,9999.0,90.0,90.0,0.604152298679739
lpJL9-mBNmk_00,338,33,25,720.0239249497199,1.5707963267948966,0.0,-1.5707963267948966,0.0,0.0,0.09999999999999432,0.0,0.0,25_33,1.0,0.072160652750199,9978.068344839552,90.0,90.0,0.09999999999999432
lpJL9-mBNmk_00,339,33,25,720.1321684246581,-1.5707963267948966,0.0,-1.5707963267948966,0.0,0.0,-0.14999999999997726,0.0,0.0,25_33,1.0,-0.10824347493814912,9999.0,90.0,90.0,0.14999999999997726
lpJL9-mBNmk_00,340,33,25,719.8796236177268,1.5707963267948966,0.0,1.5707963267948966,0.0,0.0,0.3499999999999943,0.0,0.0,25_33,1.0,0.2525448069312688,2850.5025795824236,90.0,90.0,0.3499999999999943
lpJL9-mBNmk_00,341,33,25,719.987847119658,-1.5707963267948966,0.0,1.5707963267948966,0.0,0.0,-0.15000000000000568,0.0,0.0,25_33,1.0,-0.10822350193120656,9999.0,90.0,90.0,0.15000000000000568
lpJL9-mBNmk_00,342,33,25,719.5189868933272,1.5707963267948966,0.0,1.5707963267948966,0.0,0.0,0.6500000000000057,0.0,0.0,25_33,1.0,0.46886022633077573,1534.6129752232694,90.0,90.0,0.6500000000000057
lpJL9-mBNmk_00,343,33,25,719.4829323896432,1.5707963267948966,0.0,1.5707963267948966,0.0,0.0,0.04999999999998295,0.0,0.0,25_33,1.0,0.03605450368399943,19955.424673033052,90.0,90.0,0.04999999999998295
lpJL9-mBNmk_00,344,33,25,718.7982140350656,1.5707963267948966,0.0,1.5707963267948966,0.0,0.0,0.950000000000017,0.0,0.0,25_33,1.0,0.6847183545776261,1049.7720839957065,90.0,90.0,0.950000000000017
lpJL9-mBNmk_00,345,33,25,719.0143757255483,-1.5707963267948966,0.0,1.5707963267948966,0.0,0.0,-0.30000000000001137,0.0,0.0,25_33,1.0,-0.2161616904827497,9999.0,90.0,90.0,0.30000000000001137
lpJL9-mBNmk_00,346,33,25,720.1955914888676,-1.5707963267948966,2.1112158270654975,1.5707963267948966,1.670464979286081,0.0,-0.8499999999999943,-0.30000000000001137,0.5,25_33,1.0,-1.181215763319301,9999.0,149.03624346792552,5.710593137500933,1.38293166859393
lpJL9-mBNmk_00,347,33,25,720.1955914888676,0.0,0.0,1.5707963267948966,1.1902899496825512,0.0,0.0,0.0,0.0,25_33,1.0,-0.0,9999.0,0.0,21.801409486350696,0.0
lpJL9-mBNmk_00,348,33,25,720.2677280011926,-1.5707963267948966,0.0,1.5707963267948966,1.670464979286081,0.0,-0.09999999999999432,0.0,0.0,25_33,1.0,-0.07213651232495977,9999.0,90.0,5.710593137500933,0.09999999999999432
lpJL9-mBNmk_00,349,33,25,720.1955914888676,1.5707963267948966,0.0,1.5707963267948966,1.670464979286081,0.0,0.09999999999999432,0.0,0.0,25_33,1.0,0.07213651232495977,9983.787242784048,90.0,5.710593137500933,0.09999999999999432
lpJL9-mBNmk_00,350,33,25,719.9792219224108,1.5707963267948966,0.0,1.5707963267948966,2.1112158270654975,0.0,0.30000000000001137,0.0,0.0,25_33,1.0,0.21636956645681948,3327.543858004152,90.0,30.963756532074484,0.30000000000001137
lpJL9-mBNmk_00,351,33,25,719.9792219224108,0.0,0.0,1.5707963267948966,2.1112158270654975,0.0,0.0,0.0,0.0,25_33,1.0,-0.0,9999.0,0.0,30.963756532074484,0.0
lpJL9-mBNmk_00,352,33,25,719.9792219224108,0.0,0.0,1.5707963267948966,2.1112158270654975,0.0,0.0,0.0,0.0,25_33,1.0,-0.0,9999.0,0.0,30.963756532074484,0.0
lpJL9-mBNmk_00,353,33,25,720.1234616369612,-1.5707963267948966,0.0,1.5707963267948966,2.1112158270654975,0.0,-0.20000000000001705,0.0,0.0,25_33,1.0,-0.14423971455039464,9999.0,90.0,30.963756532074484,0.20000000000001705
lpJL9-mBNmk_00,354,33,25,719.9071120637717,1.5707963267948966,0.0,1.5707963267948966,1.670464979286081,0.0,0.30000000000001137,0.0,0.0,25_33,1.0,0.2163495731895182,3327.5180600108997,90.0,5.710593137500933,0.30000000000001137
lpJL9-mBNmk_00,355,33,25,720.0873992092904,-1.5707963267948966,0.0,1.5707963267948966,1.670464979286081,0.0,-0.25,0.0,0.0,25_33,1.0,-0.18028714551871872,9999.0,90.0,5.710593137500933,0.25
lpJL9-mBNmk_00,356,33,25,720.3759452535877,-1.5707963267948966,0.0,-1.5707963267948966,1.670464979286081,0.0,-0.4000000000000057,0.0,0.0,25_33,1.0,-0.28854604429727715,9999.0,90.0,174.28940686249908,0.4000000000000057
lpJL9-mBNmk_00,357,33,25,720.2677280011926,1.5707963267948966,0.0,1.5707963267948966,2.1112158270654975,0.0,0.15000000000000568,0.0,0.0,25_33,1.0,0.10821725239509306,6655.7569339457,90.0,30.963756532074484,0.15000000000000568
lpJL9-mBNmk_00,358,33,25,720.1955914888676,1.5707963267948966,0.0,1.5707963267948966,2.1112158270654975,0.0,0.09999999999999432,0.0,0.0,25_33,1.0,0.07213651232495977,9983.787242784048,90.0,30.963756532074484,0.09999999999999432
lpJL9-mBNmk_00,411,33,25,718.3943485301091,0.0,3.141592653589793,1.5707963267948966,-1.1902899496825512,0.5,0.0,-0.30000000000001137,0.0,25_33,53.0,0.03398571620299071,21138.125918526068,180.0,158.1985905136493,0.015094339622641725
lpJL9-mBNmk_00,412,33,25,718.4663179300753,-1.5707963267948966,0.0,1.5707963267948966,-1.1902899496825512,0.0,-0.09999999999999432,0.0,0.0,25_33,1.0,-0.07196939996617857,9999.0,90.0,158.1985905136493,0.09999999999999432
lpJL9-mBNmk_00,413,33,25,717.795313790777,2.408777551803299,0.0,1.7992929660867583,-1.1902899496825512,-0.5,0.44999999999998863,0.0,0.0,25_33,1.0,0.6710041392983612,1069.733063854633,138.01278750418408,171.29048357799613,0.6726812023536779
lpJL9-mBNmk_00,414,33,25,718.5742846080703,-0.8760580505981886,0.0,1.5707963267948966,0.0,0.5,-0.5999999999999943,0.0,0.0,25_33,1.0,-0.7789708172933842,9999.0,50.19442890773453,90.0,0.7810249675906611
lpJL9-mBNmk_00,415,33,25,718.3943485301091,1.5707963267948966,0.0,1.5707963267948966,0.0,0.0,0.25,0.0,0.0,25_33,1.0,0.1799360779612016,3992.497539515181,90.0,90.0,0.25
lpJL9-mBNmk_00,416,33,25,718.3660713730849,-1.5707963267948966,0.0,1.5707963267948966,0.0,0.0,-0.25,0.30000000000001137,0.0,25_33,1.0,0.028277157024263033,25404.465900044175,90.0,90.0,0.3905124837953415
lpJL9-mBNmk_00,417,33,25,717.8391184659694,2.677945044588987,0.0,1.8157749899217608,0.0,-0.5,0.25,0.0,0.0,25_33,1.0,0.5269529071155148,1362.2452951163052,153.434948822922,104.03624346792648,0.5590169943749475
lpJL9-mBNmk_00,418,33,25,717.7310934465638,1.5707963267948966,0.0,1.7894652726688385,0.0,0.0,0.15000000000000568,0.0,0.0,25_33,1.0,0.10802501940554521,6644.119088301879,90.0,102.52880770915151,0.15000000000000568
lpJL9-mBNmk_00,419,33,25,718.1860831288782,-0.29145679447787753,0.0,1.5707963267948966,0.0,0.5,-0.15000000000000568,0.0,0.0,25_33,1.0,-0.45498968231436265,9999.0,16.699244233994225,90.0,0.5220153254455291
lpJL9-mBNmk_00,420,33,25,718.1860831288782,0.0,0.0,1.5707963267948966,0.0,0.0,0.0,0.0,0.0,25_33,1.0,-0.0,9999.0,0.0,90.0,0.0
lpJL9-mBNmk_00,421,33,25,717.5870835654722,2.530866689200592,0.0,1.810027926758559,0.0,-0.5,0.3499999999999943,0.0,0.0,25_33,1.0,0.5989995634059824,1197.975970942595,145.0079798014418,103.70696100407991,0.6103277807866818
lpJL9-mBNmk_00,422,33,25,717.8031084496639,-1.5707963267948966,0.0,1.849095985800008,0.0,0.0,-0.29999999999998295,0.0,0.0,25_33,1.0,-0.21602488419171095,9999.0,90.0,105.94539590092286,0.29999999999998295
lpJL9-mBNmk_00,423,33,25,718.0472756023798,-1.5707963267948966,3.141592653589793,1.8281200417659846,0.0,0.0,-0.05000000000001137,-0.30000000000001137,0.0,25_33,1.0,-0.24416715271593148,9999.0,90.00000000000001,104.7435628364707,0.30413812651492406
lpJL9-mBNmk_00,424,33,25,717.4790937720765,1.5707963267948966,0.0,1.8045395076637987,0.0,0.0,0.5,0.30000000000001137,0.0,25_33,1.0,0.5681818303033879,1262.763178099112,90.0,103.39249775375114,0.5830951894845359
lpJL9-mBNmk_00,425,33,25,717.4071089695167,1.5707963267948966,0.0,1.7721134351695382,0.0,0.0,0.09999999999999432,0.0,0.0,25_33,1.0,0.07198480255976847,9966.09122285025,90.0,101.53462065364477,0.09999999999999432
lpJL9-mBNmk_00,426,33,25,717.2991443602871,1.5707963267948966,0.0,1.7359450042095235,0.0,0.0,0.15000000000000568,0.0,0.0,25_33,1.0,0.1079646092296116,6643.835878058756,90.0,99.46232220802563,0.15000000000000568
lpJL9-mBNmk_00,427,33,25,717.6950884602736,-1.5707963267948966,0.0,1.7848570103587196,0.0,0.0,-0.5500000000000114,0.0,0.0,25_33,1.0,-0.39594409998653646,9999.0,90.0,102.26477372789249,0.5500000000000114
lpJL9-mBNmk_00,428,33,25,717.6950884602736,0.0,0.0,1.7942729279355307,0.0,0.0,0.0,0.0,0.0,25_33,1.0,-0.0,9999.0,0.0,102.80426606528681,0.0
lpJL9-mBNmk_00,429,33,25,717.6590851511601,1.5707963267948966,0.0,-1.5707963267948966,0.0,0.0,0.05000000000001137,0.0,0.0,25_33,1.0,0.03600330911353922,19933.142336665962,90.0,90.0,0.05000000000001137
lpJL9-mBNmk_00,430,33,25,717.767100109778,-1.5707963267948966,0.0,1.5707963267948966,0.0,0.0,-0.15000000000000568,0.0,0.0,25_33,1.0,-0.10801495861790045,9999.0,90.0,90.0,0.15000000000000568
lpJL9-mBNmk_00,431,33,25,717.8391184659694,-1.5707963267948966,0.0,3.141592653589793,0.0,0.0,-0.09999999999999432,0.0,0.0,25_33,1.0,-0.07201835619139274,9999.0,90.0,180.0,0.09999999999999432
lpJL9-mBNmk_00,432,33,25,718.8622694925642,-0.9151007005533646,3.141592653589793,-1.5707963267948966,0.0,0.5,-0.6500000000000057,-0.30000000000001137,0.0,25_33,1.0,-1.02315102659486,9999.0,127.56859202882725,90.0,1.0307764064044276
lpJL9-mBNmk_00,433,33,25,718.1860831288782,1.5707963267948966,0.0,-0.610725964389201,0.0,0.0,0.6500000000000057,0.30000000000001137,0.0,25_33,1.0,0.6761863636860426,1062.1126389090218,90.0,34.99202019855822,0.7158910531638275
lpJL9-mBNmk_00,434,33,25,717.6950884602736,2.7610862764774478,0.0,2.408777551803299,0.0,-0.5,0.19999999999998863,0.0,0.0,25_33,1.0,0.4909946686045714,1461.7166628305656,158.1985905136493,138.01278750418408,0.5385164807134462
lpJL9-mBNmk_00,435,33,25,717.6950884602736,0.0,0.0,2.7610862764774478,0.0,0.0,0.0,0.0,0.0,25_33,1.0,-0.0,9999.0,0.0,158.1985905136493,0.0
lpJL9-mBNmk_00,436,33,25,717.3351308837453,1.5707963267948966,0.0,2.055274255831925,0.0,0.0,0.5,0.0,0.0,25_33,1.0,0.3599575765283589,1992.8324270936153,90.0,117.75854060106032,0.5
lpJL9-mBNmk_00,437,33,25,717.2991443602871,1.5707963267948966,0.0,1.5707963267948966,0.0,0.0,0.05000000000001137,0.0,0.0,25_33,1.0,0.035986523458177544,19932.437908149437,90.0,90.0,0.05000000000001137
lpJL9-mBNmk_00,438,33,25,717.2991443602871,0.0,0.0,1.5707963267948966,0.0,0.0,0.0,0.0,0.0,25_33,1.0,-0.0,9999.0,0.0,90.0,0.0
lpJL9-mBNmk_00,439,33,25,717.2271763534898,1.5707963267948966,0.0,2.102520394053705,0.0,0.0,0.09999999999999432,0.0,0.0,25_33,1.0,0.07196800679730586,9965.91691601968,90.0,120.46554491946004,0.09999999999999432
lpJL9-mBNmk_00,440,33,25,717.1192369473852,1.5707963267948966,0.0,2.0344439357957027,0.0,0.0,0.15000000000000568,0.0,0.0,25_33,1.0,0.10793940610460595,6643.720424516811,90.0,116.56505117707799,0.15000000000000568
lpJL9-mBNmk_00,441,33,25,717.1911948706565,-1.5707963267948966,0.0,1.5707963267948966,0.0,0.0,-0.09999999999999432,0.0,0.0,25_33,1.0,-0.07195792327138406,9999.0,90.0,90.0,0.09999999999999432
lpJL9-mBNmk_00,442,33,25,717.1192369473852,1.5707963267948966,0.0,1.5707963267948966,0.0,0.0,0.09999999999999432,0.0,0.0,25_33,1.0,0.07195792327138406,9965.813413525322,90.0,90.0,0.09999999999999432
lpJL9-mBNmk_00,443,33,25,717.2271763534898,-1.5707963267948966,0.0,1.5707963267948966,0.0,0.0,-0.15000000000000568,0.0,0.0,25_33,1.0,-0.10793940610460595,9999.0,90.0,90.0,0.15000000000000568
lpJL9-mBNmk_00,444,33,25,717.4790937720765,-1.5707963267948966,0.0,0.0,0.0,0.0,-0.3499999999999943,0.0,0.0,25_33,1.0,-0.2519174185866859,9999.0,90.0,0.0,0.3499999999999943
lpJL9-mBNmk_00,445,33,25,717.4790937720765,0.0,0.0,-1.5707963267948966,0.0,0.0,0.0,0.0,0.0,25_33,1.0,-0.0,9999.0,0.0,90.0,0.0
lpJL9-mBNmk_00,446,33,25,717.8981891605522,-0.19739555984986984,0.0,-0.610725964389201,0.0,0.5,-0.09999999999999432,0.0,0.0,25_33,1.0,-0.41909538847573913,9999.0,11.30993247401959,34.99202019855822,0.5099019513592773
lpJL9-mBNmk_00,447,33,25,717.9111435268295,3.141592653589793,1.5707963267948966,1.5707963267948966,1.5707963267948966,-0.5,0.0,0.0,0.5,25_33,1.0,-0.012954366277313056,9999.0,90.0,0.0,0.7071067811865476
lpJL9-mBNmk_00,448,33,25,717.9111435268295,0.0,0.0,1.5707963267948966,1.5707963267948966,0.0,0.0,0.0,0.0,25_33,1.0,-0.0,9999.0,0.0,0.0,0.0
lpJL9-mBNmk_00,449,33,25,718.4020740504582,-0.3805063771123943,0.0,-0.09966865249118455,1.5707963267948966,0.5,-0.20000000000001705,0.0,0.0,25_33,1.0,-0.49093052362866274,9999.0,21.801409486353503,95.71059313750094,0.5385164807134567
lpJL9-mBNmk_00,411,39,25,736.0940106399454,-2.356194490192345,3.141592653589793,-2.677945044588987,-1.1902899496825512,-0.04999999999999716,-0.04999999999999716,-0.30000000000001137,0.0,25_39,,0.0,9999.0,45.00000000000001,85.2363583092727,0.0
lpJL9-mBNmk_00,412,39,25,736.0660975754827,0.0,0.0,-2.5535900500422364,-1.1902899496825512,0.04999999999999716,0.0,0.0,0.0,25_39,1.0,0.027913064462723014,26369.949403386894,0.0,78.11134196037152,0.04999999999999716
lpJL9-mBNmk_00,413,39,25,736.0804456715312,2.677945044588987,0.0,-2.944197093739896,-1.1902899496825512,-0.09999999999999432,0.04999999999999716,0.0,0.0,25_39,1.0,-0.01434809604847942,9999.0,153.434948822922,100.49147701232953,0.11180339887498314
lpJL9-mBNmk_00,414,39,25,736.0796729974276,-0.5880026035475457,0.0,-2.158798930342475,0.0,0.14999999999999858,-0.09999999999999432,0.0,0.0,25_39,1.0,0.0007726741035867235,952639.2428328762,33.69006752597854,123.69006752598041,0.18027756377319512
lpJL9-mBNmk_00,415,39,25,736.0246140585244,2.0344439357957596,0.0,-2.8198420991931368,0.0,-0.05000000000000426,0.09999999999999432,0.0,0.0,25_39,1.0,0.05505893890313018,13367.940405707315,116.56505117708124,161.56505117707718,0.1118033988749863
lpJL9-mBNmk_00,416,39,25,736.2471629826495,-1.1071487177940336,0.0,-2.158798930342475,0.0,0.05000000000000426,-0.09999999999999432,0.30000000000001137,0.0,25_39,1.0,-0.22254892412502159,9999.0,63.43494882291875,123.69006752598041,0.2692582403567297
lpJL9-mBNmk_00,417,39,25,736.2336110230231,2.356194490192416,0.0,-2.553590050042237,0.0,-0.05000000000000426,0.04999999999999716,0.0,0.0,25_39,1.0,0.013551959626397547,54326.727006250134,135.00000000000406,146.30993247402085,0.07071067811865576
lpJL9-mBNmk_00,418,39,25,736.2750861600574,-1.5707963267948966,0.0,-2.3561944901923684,0.0,0.0,-0.04999999999999716,0.0,0.0,25_39,1.0,-0.04147513703435379,9999.0,90.0,135.00000000000134,0.04999999999999716
lpJL9-mBNmk_00,419,39,25,736.2192421419044,0.0,0.0,-1.892546881191567,0.0,0.10000000000000142,0.0,0.0,0.0,25_39,1.0,0.05584401815303863,13183.493353295613,0.0,108.43494882292363,0.10000000000000142
lpJL9-mBNmk_00,420,39,25,736.2192421419044,0.0,0.0,-1.892546881191567,0.0,0.0,0.0,0.0,0.0,25_39,1.0,-0.0,9999.0,0.0,108.43494882292363,0.0
lpJL9-mBNmk_00,421,39,25,736.2200656053867,2.5535900500422475,0.0,-2.896613990462912,0.0,-0.14999999999999858,0.09999999999999432,0.0,0.0,25_39,1.0,-0.0008234634823338638,9999.0,146.30993247402148,165.96375653207255,0.18027756377319512
lpJL9-mBNmk_00,422,39,25,736.2471629826495,-0.7853981633974129,0.0,-2.158798930342475,0.0,0.10000000000000142,-0.09999999999999432,0.0,0.0,25_39,1.0,-0.027097377262748523,9999.0,44.999999999997975,123.69006752598041,0.1414213562373065
lpJL9-mBNmk_00,423,39,25,736.10758215087,3.141592653589793,3.141592653589793,-2.3561944901923684,0.0,-0.05000000000000426,0.0,-0.30000000000001137,0.0,25_39,1.0,0.13958083177942626,5273.701071749665,0.0,135.00000000000134,0.2500000000000071
lpJL9-mBNmk_00,424,39,25,736.2894675329806,2.677945044588987,0.0,-2.7610862764774233,0.0,-0.09999999999999432,0.04999999999999716,0.30000000000001137,0.0,25_39,1.0,-0.1818853821105222,9999.0,153.434948822922,158.1985905136479,0.4031128874149328
lpJL9-mBNmk_00,429,39,25,736.3030116738624,-0.7853981633974483,0.0,-2.4980915447965204,0.0,0.04999999999999716,-0.04999999999999716,0.0,0.0,25_39,5.0,-0.0027088281763781195,9999.0,45.0,143.13010235415663,0.014142135623730148
lpJL9-mBNmk_00,430,39,25,736.2471629826495,0.0,0.0,-2.498091544796503,0.0,0.10000000000000142,0.0,0.0,0.0,25_39,1.0,0.05584869121298652,13182.890180449735,0.0,143.13010235415564,0.10000000000000142
lpJL9-mBNmk_00,431,39,25,736.2471629826495,0.0,0.0,-2.9764439761751738,0.0,0.0,0.0,0.0,0.0,25_39,1.0,-0.0,9999.0,0.0,170.5376777919748,0.0
lpJL9-mBNmk_00,432,39,25,736.0374514927892,-0.321750554396628,3.141592653589793,-0.7853981633974247,0.0,0.14999999999999858,-0.04999999999999716,-0.30000000000001137,0.0,25_39,1.0,0.20971148986029675,3509.762159350994,161.5650511770788,44.99999999999865,0.4527692569068804
lpJL9-mBNmk_00,433,39,25,736.1634074714663,1.5707963267948966,0.0,-0.46364760900077767,0.0,0.0,0.04999999999999716,0.30000000000001137,0.0,25_39,1.0,-0.12595597867709785,9999.0,90.0,26.565051177076366,0.3041381265149217
lpJL9-mBNmk_00,434,39,25,736.1777638587029,2.6779450445890154,0.0,-0.46364760900077767,0.0,-0.10000000000000142,0.04999999999999716,0.0,0.0,25_39,1.0,-0.014356387236603041,9999.0,153.43494882292364,26.565051177076366,0.11180339887498948
lpJL9-mBNmk_00,435,39,25,736.1777638587029,0.0,0.0,0.0,0.0,0.0,0.0,0.0,0.0,25_39,1.0,-0.0,9999.0,0.0,0.0,0.0
lpJL9-mBNmk_00,436,47,25,335.4864006185646,0.0,0.0,0.0,0.0,,,0.0,0.0,25_47,,0.0,9999.0,0.0,0.0,0.0
lpJL9-mBNmk_00,437,47,25,334.96837537295966,0.46364760900080615,0.0,0.46364760900080615,0.0,0.5,0.25,0.0,0.0,25_47,1.0,0.5180252456049175,646.6255809247376,26.565051177077994,26.565051177077994,0.5590169943749475
lpJL9-mBNmk_00,438,47,25,334.96837537295966,0.0,0.0,0.46364760900080615,0.0,0.0,0.0,0.0,0.0,25_47,1.0,-0.0,9999.0,0.0,26.565051177077994,0.0
lpJL9-mBNmk_00,439,47,25,334.9353519710931,0.0,0.0,0.4266274931268683,0.0,0.05000000000001137,0.0,0.0,0.0,25_47,1.0,0.03302340186655783,10142.36368877174,0.0,24.443954780416096,0.05000000000001137
lpJL9-mBNmk_00,440,47,25,333.60315121413345,0.3320594675428879,0.0,0.35877067027057225,0.0,1.4499999999999886,0.5,0.0,0.0,25_47,1.0,1.3322007569596508,250.4150740579691,19.02560603756882,20.556045219583474,1.533786165017786
lpJL9-mBNmk_00,441,47,25,333.75837442677,-1.3734007669449722,0.0,0.2392315999636593,0.0,0.05000000000001137,-0.25,0.0,0.0,25_47,1.0,-0.15522321263654248,9999.0,78.69006752597728,13.706961004079737,0.2549509756796415
lpJL9-mBNmk_00,442,47,25,333.61788021627376,-0.46364760900080615,0.0,0.0977269073587183,0.0,0.5,-0.25,0.0,0.0,25_47,1.0,0.1404942104962288,2374.6023344159717,26.565051177077994,5.599339336520547,0.5590169943749475
lpJL9-mBNmk_00,443,47,25,334.5393997722839,3.141592653589793,0.0,0.2140606835638205,0.0,-1.4000000000000057,0.0,0.0,0.0,25_47,1.0,-0.9215195560101392,9999.0,180.0,12.264773727892344,1.4000000000000057
lpJL9-mBNmk_00,444,47,25,333.9795091019807,0.0,0.0,0.12435499454676144,0.0,0.8499999999999943,0.0,0.0,0.0,25_47,1.0,0.5598906703032185,596.508437836816,0.0,7.1250163489017995,0.8499999999999943
lpJL9-mBNmk_00,445,47,25,334.07822437267595,3.141592653589793,0.0,0.13432144195296888,0.0,-0.15000000000000568,0.0,0.0,0.0,25_47,1.0,-0.09871527069526564,9999.0,180.0,7.696051722016591,0.15000000000000568
lpJL9-mBNmk_00,446,47,25,334.07822437267595,0.0,0.0,0.1343214419529689,0.0,0.0,0.0,0.0,0.0,25_47,1.0,-0.0,9999.0,0.0,7.696051722016593,0.0
lpJL9-mBNmk_00,447,47,25,334.5205524328812,3.141592653589793,1.5707963267948966,0.14189705460416394,1.5707963267948966,-0.09999999999999432,0.0,0.0,0.5,25_47,1.0,-0.4423280602052273,9999.0,90.0,81.86989764584402,0.5099019513592773
lpJL9-mBNmk_00,448,47,25,334.35619105977383,0.0,0.0,0.12435499454676144,1.5707963267948966,0.25,0.0,0.0,0.0,25_47,1.0,0.16436137310734011,2034.2747492223405,0.0,82.8749836510982,0.25
lpJL9-mBNmk_00,449,47,25,334.2576251935025,0.0,0.0,0.11575921772081042,1.5707963267948966,0.15000000000000568,0.0,0.0,0.0,25_47,1.0,0.09856586627131492,3391.2107490986427,0.0,83.36748538486155,0.15000000000000568
lpJL9-mBNmk_00,434,50,25,434.8390506842733,0.0,0.0,0.0,0.0,,,0.0,0.0,25_50,,0.0,9999.0,0.0,0.0,0.0
lpJL9-mBNmk_00,435,50,25,431.87295585623326,2.62244653934327,0.0,2.62244653934327,0.0,-3.5,2.0,0.0,0.0,25_50,1.0,2.9660948280400135,145.6032193487265,150.25511870305778,150.25511870305778,4.031128874149275
lpJL9-mBNmk_00,436,50,25,429.84473941180204,2.498091544796509,0.0,2.5748634360662868,0.0,-2.0,1.5,0.0,0.0,25_50,1.0,2.028216444431223,211.93238058591143,143.13010235415598,147.52880770915152,2.5
lpJL9-mBNmk_00,437,50,25,427.3379107919165,2.626043646130817,0.0,2.5925675137821975,0.0,-3.0,1.6999999999999886,0.0,0.0,25_50,1.0,2.506828619885539,170.4695356523529,150.46121774044207,148.5431766424448,3.448187929913328
lpJL9-mBNmk_00,438,50,25,423.5050914688039,1.9705774250376922,0.0,2.4227626539681686,0.0,-1.5,3.5500000000000114,0.0,0.0,25_50,1.0,3.832819323112574,110.49440523193823,112.90576965841711,138.81407483429035,3.8538941345086375
lpJL9-mBNmk_00,439,50,25,421.45231343533993,2.965653028137263,0.0,2.559181046097839,0.0,-4.5,0.8000000000000114,0.0,0.0,25_50,1.0,2.0527780334639942,205.30827325940996,169.91940201245754,146.63027295128114,4.570557952810578
lpJL9-mBNmk_00,440,50,25,419.3522266543961,2.279422598922567,0.0,2.5266843631053266,0.0,-1.5,1.75,0.0,0.0,25_50,1.0,2.1000867809438546,199.6832847383212,130.6012946450045,144.76835016763562,2.3048861143232218
lpJL9-mBNmk_00,441,50,25,417.2189952530925,2.601173153319209,0.0,2.536329125766002,0.0,-2.5,1.5,0.0,0.0,25_50,1.0,2.13323140130359,195.58074899803904,149.03624346792648,145.3209543624977,2.9154759474226504
lpJL9-mBNmk_00,442,50,25,414.5003015680447,2.7397220061493393,0.0,2.5691328397717417,0.0,-4.0,1.6999999999999886,0.0,0.0,25_50,1.0,2.7186936850478105,152.46303908663964,156.9745079914721,147.20046872738078,4.3462627624201415
lpJL9-mBNmk_00,447,50,25,398.6621878232246,2.47067432271643,1.5707963267948966,2.526521912924812,1.5707963267948966,-16.0,12.699999999999989,0.0,0.5,25_50,5.0,3.1676227489640154,125.85532413972237,51.559211242994564,54.75904245791101,4.024127234569005
lpJL9-mBNmk_00,448,50,25,393.7687297132671,1.9849348772711073,0.0,2.47671482096151,1.5707963267948966,-2.0,4.550000000000011,0.0,0.0,25_50,1.0,4.893458109957521,80.46839696287607,113.72839107595249,51.90530629859385,4.970160963188225
lpJL9-mBNmk_00,449,50,25,391.97225667131084,2.677945044588987,0.0,2.4870218862664015,1.5707963267948966,-2.5,1.25,0.0,0.0,25_50,1.0,1.796473041956233,218.18989070077032,153.434948822922,52.49585763972984,2.7950849718747373
lpJL9-mBNmk_00,434,51,25,312.461597640414,0.0,0.0,0.0,0.0,,,0.0,0.0,25_51,,0.0,9999.0,0.0,0.0,0.0
lpJL9-mBNmk_00,435,51,25,316.9575681380711,2.796435003747126,0.0,2.796435003747126,0.0,-8.900000000000006,3.1999999999999886,0.0,0.0,25_51,1.0,-4.495970497657083,9999.0,160.22392339736086,160.22392339736086,9.4578010129205
lpJL9-mBNmk_00,436,51,25,317.31029371894004,2.387762946680118,0.0,2.690355754877887,0.0,-2.4499999999999886,2.3000000000000114,0.0,0.0,25_51,1.0,-0.3527255808689347,9999.0,136.80873932249176,154.14603014323558,3.3604315199093104
lpJL9-mBNmk_00,437,51,25,319.0040164323954,2.6677413170950333,0.0,2.6845238970420033,0.0,-3.9000000000000057,2.0,0.0,0.0,25_51,1.0,-1.6937227134553723,9999.0,152.85031830221686,153.81188930251912,4.38292140016223
lpJL9-mBNmk_00,442,51,25,338.8217820624878,2.7674791080011913,0.0,2.7417404214731653,0.0,-35.150000000000006,13.800000000000011,0.0,0.0,25_51,5.0,-3.9635531260184735,9999.0,158.564872779098,157.09015467083188,7.5523837296578105
lpJL9-mBNmk_00,443,51,25,346.15170084805305,3.0172376590430328,0.0,2.782821983319221,0.0,-9.599999999999994,1.1999999999999886,0.0,0.0,25_51,1.0,-7.329918785565269,9999.0,172.87498365109826,159.44395478041653,9.674709297958252
lpJL9-mBNmk_00,444,51,25,353.76417286096114,2.949804511603088,0.0,2.8062490537019555,0.0,-10.300000000000011,2.0,0.0,0.0,25_51,1.0,-7.612472012908086,9999.0,169.01134890350602,160.78622703970316,10.492378186093
lpJL9-mBNmk_00,445,51,25,359.96517887151253,2.7701934928045455,0.0,2.8019068028209806,0.0,-9.5,3.6999999999999886,0.0,0.0,25_51,1.0,-6.201006010551396,9999.0,158.72039557230465,160.53743439063632,10.195096860746341
lpJL9-mBNmk_00,446,51,25,359.9265550081016,2.0878282792864327,0.0,2.7797906689260303,0.0,-1.4499999999999886,2.5500000000000114,0.0,0.0,25_51,1.0,0.03862386341091906,9318.761077286472,119.62374875117351,159.27027325930945,2.93342802877453
lpJL9-mBNmk_00,447,51,25,364.3873282648561,2.819842099193151,1.5707963267948966,2.7825080115869945,1.5707963267948966,-6.0,2.0,0.0,0.5,25_51,1.0,-4.4607732567544645,9999.0,71.56505117707799,69.42596552527355,6.18465843842649
lpJL9-mBNmk_00,448,51,25,368.97513805133264,2.64885272582221,0.0,2.7714149768077925,1.5707963267948966,-7.450000000000003,4.0,0.0,0.0,25_51,1.0,-4.587809786476555,9999.0,151.76808174133646,68.79038145043343,8.4559150894507
lpJL9-mBNmk_00,179,21,2,199.2506273515845,0.0,3.141592653589793,0.0,0.0,,,-0.25,0.0,2_21,,0.0,9999.0,180.0,0.0,0.0
lpJL9-mBNmk_00,180,21,2,199.2506273515845,0.0,0.0,0.0,0.0,0.0,0.0,0.0,0.0,2_21,1.0,-0.0,9999.0,0.0,0.0,0.0
lpJL9-mBNmk_00,181,21,2,199.00062813971215,0.0,0.0,0.0,0.0,0.0,0.0,0.25,0.0,2_21,1.0,0.24999921187236396,796.0050219730736,0.0,0.0,0.25
lpJL9-mBNmk_00,182,21,2,199.00062813971215,0.0,0.0,0.0,0.0,0.0,0.0,0.0,0.0,2_21,1.0,-0.0,9999.0,0.0,0.0,0.0
lpJL9-mBNmk_00,183,21,2,199.50062656543213,0.0,3.141592653589793,0.0,3.141592653589793,0.0,0.0,-0.5,0.0,2_21,1.0,-0.4999984257199799,9999.0,180.0,180.0,0.5
lpJL9-mBNmk_00,184,21,2,201.5,-0.24497866312686417,0.0,-0.24497866312686417,3.141592653589793,2.0,-0.5,0.0,0.0,2_21,1.0,-1.9993734345678718,9999.0,14.036243467926484,165.96375653207352,2.0615528128088303
lpJL9-mBNmk_00,185,21,2,201.5,0.0,0.0,-0.24497866312686417,3.141592653589793,0.0,0.0,0.0,0.0,2_21,1.0,-0.0,9999.0,0.0,165.96375653207352,0.0
lpJL9-mBNmk_00,186,21,2,201.25,0.0,0.0,-0.24497866312686417,0.0,0.0,0.0,0.25,0.0,2_21,1.0,0.25,805.0,0.0,14.036243467926484,0.25
lpJL9-mBNmk_00,187,21,2,201.25,0.0,0.0,-0.24497866312686417,0.0,0.0,0.0,0.0,0.0,2_21,1.0,-0.0,9999.0,0.0,14.036243467926484,0.0
lpJL9-mBNmk_00,188,21,2,201.5,0.0,3.141592653589793,-0.24497866312686417,0.0,0.0,0.0,-0.25,0.0,2_21,1.0,-0.25,9999.0,180.0,14.036243467926484,0.25
lpJL9-mBNmk_00,192,21,2,201.25,0.0,0.0,-0.24497866312686417,0.0,0.0,0.0,0.0,0.0,2_21,4.0,0.0625,3220.0,0.0,14.036243467926484,0.0
lpJL9-mBNmk_00,193,21,2,201.25,0.0,0.0,-0.24497866312686417,0.0,0.0,0.0,0.0,0.0,2_21,1.0,-0.0,9999.0,0.0,14.036243467926484,0.0
lpJL9-mBNmk_00,194,21,2,201.25,0.0,0.0,-0.24497866312686417,0.0,0.0,0.0,0.0,0.0,2_21,1.0,-0.0,9999.0,0.0,14.036243467926484,0.0
lpJL9-mBNmk_00,195,21,2,201.25,0.0,0.0,-0.24497866312686417,0.0,0.0,0.0,0.0,0.0,2_21,1.0,-0.0,9999.0,0.0,14.036243467926484,0.0
lpJL9-mBNmk_00,196,21,2,201.25,0.0,0.0,-0.24497866312686417,0.0,0.0,0.0,0.0,0.0,2_21,1.0,-0.0,9999.0,0.0,14.036243467926484,0.0
lpJL9-mBNmk_00,197,21,2,201.25,0.0,0.0,-0.24497866312686417,3.141592653589793,0.0,0.0,0.0,0.0,2_21,1.0,-0.0,9999.0,0.0,165.96375653207352,0.0
lpJL9-mBNmk_00,198,21,2,201.5,0.0,3.141592653589793,-0.24497866312686417,3.141592653589793,0.0,0.0,-0.25,0.0,2_21,1.0,-0.25,9999.0,180.0,165.96375653207352,0.25
lpJL9-mBNmk_00,199,21,2,201.5,0.0,0.0,-0.24497866312686417,3.141592653589793,0.0,0.0,0.0,0.0,2_21,1.0,-0.0,9999.0,0.0,165.96375653207352,0.0
lpJL9-mBNmk_00,200,21,2,201.5,0.0,0.0,-0.24497866312686417,3.141592653589793,0.0,0.0,0.0,0.0,2_21,1.0,-0.0,9999.0,0.0,165.96375653207352,0.0
lpJL9-mBNmk_00,201,21,2,201.5,0.0,0.0,-0.24497866312686417,3.141592653589793,0.0,0.0,0.0,0.0,2_21,1.0,-0.0,9999.0,0.0,165.96375653207352,0.0
lpJL9-mBNmk_00,202,21,2,201.5,0.0,0.0,-0.24497866312686417,3.141592653589793,0.0,0.0,0.0,0.0,2_21,1.0,-0.0,9999.0,0.0,165.96375653207352,0.0
lpJL9-mBNmk_00,203,21,2,201.5,0.0,0.0,-0.24497866312686417,0.0,0.0,0.0,0.0,0.0,2_21,1.0,-0.0,9999.0,0.0,14.036243467926484,0.0
lpJL9-mBNmk_00,204,21,2,201.5,0.0,0.0,-0.24497866312686417,0.0,0.0,0.0,0.0,0.0,2_21,1.0,-0.0,9999.0,0.0,14.036243467926484,0.0
lpJL9-mBNmk_00,205,21,2,201.5,0.0,0.0,-0.24497866312686417,0.0,0.0,0.0,0.0,0.0,2_21,1.0,-0.0,9999.0,0.0,14.036243467926484,0.0
lpJL9-mBNmk_00,206,21,2,201.5,0.0,0.0,-0.24497866312686417,3.141592653589793,0.0,0.0,0.0,0.0,2_21,1.0,-0.0,9999.0,0.0,165.96375653207352,0.0
lpJL9-mBNmk_00,207,21,2,201.5,0.0,0.0,0.0,3.141592653589793,0.0,0.0,0.0,0.0,2_21,1.0,-0.0,9999.0,0.0,180.0,0.0
lpJL9-mBNmk_00,208,21,2,201.5,0.0,0.0,0.0,0.0,0.0,0.0,0.0,0.0,2_21,1.0,-0.0,9999.0,0.0,0.0,0.0
lpJL9-mBNmk_00,209,21,2,201.5,0.0,0.0,0.0,0.0,0.0,0.0,0.0,0.0,2_21,1.0,-0.0,9999.0,0.0,0.0,0.0
lpJL9-mBNmk_00,210,21,2,201.5,0.0,0.0,0.0,0.0,0.0,0.0,0.0,0.0,2_21,1.0,-0.0,9999.0,0.0,0.0,0.0
lpJL9-mBNmk_00,211,21,2,201.25,0.0,0.0,0.0,0.0,0.0,0.0,0.25,0.0,2_21,1.0,0.25,805.0,0.0,0.0,0.25
lpJL9-mBNmk_00,212,21,2,201.25,0.0,0.0,0.0,0.0,0.0,0.0,0.0,0.0,2_21,1.0,-0.0,9999.0,0.0,0.0,0.0
lpJL9-mBNmk_00,213,21,2,201.5,0.0,3.141592653589793,0.0,3.141592653589793,0.0,0.0,-0.25,0.0,2_21,1.0,-0.25,9999.0,180.0,180.0,0.25
lpJL9-mBNmk_00,214,21,2,201.5,0.0,0.0,0.0,3.141592653589793,0.0,0.0,0.0,0.0,2_21,1.0,-0.0,9999.0,0.0,180.0,0.0
lpJL9-mBNmk_00,215,21,2,201.5,0.0,0.0,0.0,3.141592653589793,0.0,0.0,0.0,0.0,2_21,1.0,-0.0,9999.0,0.0,180.0,0.0
lpJL9-mBNmk_00,216,21,2,201.5,0.0,0.0,0.0,3.141592653589793,0.0,0.0,0.0,0.0,2_21,1.0,-0.0,9999.0,0.0,180.0,0.0
lpJL9-mBNmk_00,217,21,2,201.5,0.0,0.0,0.0,3.141592653589793,0.0,0.0,0.0,0.0,2_21,1.0,-0.0,9999.0,0.0,180.0,0.0
lpJL9-mBNmk_00,218,21,2,201.5,0.0,0.0,0.0,0.0,0.0,0.0,0.0,0.0,2_21,1.0,-0.0,9999.0,0.0,0.0,0.0
lpJL9-mBNmk_00,219,21,2,201.5,0.0,0.0,0.0,0.0,0.0,0.0,0.0,0.0,2_21,1.0,-0.0,9999.0,0.0,0.0,0.0
lpJL9-mBNmk_00,250,21,2,217.0,0.0,0.0,0.0,0.0,17.0,0.0,0.75,0.0,2_21,31.0,-0.5,9999.0,0.0,0.0,0.5241935483870968
lpJL9-mBNmk_00,251,21,2,216.0,3.141592653589793,0.0,0.0,0.0,-1.0,0.0,0.0,0.0,2_21,1.0,1.0,216.0,180.0,0.0,1.0
lpJL9-mBNmk_00,252,21,2,217.0,0.0,0.0,0.0,0.0,1.0,0.0,0.0,0.0,2_21,1.0,-1.0,9999.0,0.0,0.0,1.0
lpJL9-mBNmk_00,253,21,2,217.0,0.0,0.0,0.0,0.0,0.0,0.0,0.0,0.0,2_21,1.0,-0.0,9999.0,0.0,0.0,0.0
lpJL9-mBNmk_00,254,21,2,216.0,3.141592653589793,0.0,0.0,0.0,-1.0,0.0,0.0,0.0,2_21,1.0,1.0,216.0,180.0,0.0,1.0
lpJL9-mBNmk_00,255,21,2,216.5,0.0,0.0,0.0,0.0,0.5,0.0,0.0,0.0,2_21,1.0,-0.5,9999.0,0.0,0.0,0.5
lpJL9-mBNmk_00,283,21,2,201.5,3.141592653589793,0.0,0.0,3.141592653589793,-15.5,0.0,0.0,0.0,2_21,28.0,0.5357142857142857,376.1333333333333,180.0,180.0,0.5535714285714286
lpJL9-mBNmk_00,284,21,2,202.0,0.0,3.141592653589793,0.0,3.141592653589793,0.0,0.0,-0.5,0.0,2_21,1.0,-0.5,9999.0,180.0,180.0,0.5
lpJL9-mBNmk_00,285,21,2,202.0,0.0,0.0,0.0,3.141592653589793,0.0,0.0,0.0,0.0,2_21,1.0,-0.0,9999.0,0.0,180.0,0.0
lpJL9-mBNmk_00,204,22,2,296.7891718038244,0.0,0.0,0.0,0.0,,,0.0,0.0,2_22,,0.0,9999.0,0.0,0.0,0.0
lpJL9-mBNmk_00,205,22,2,296.299362976028,0.321750554396628,0.0,0.321750554396628,0.0,0.5999999999999943,0.19999999999998863,0.0,0.0,2_22,1.0,0.4898088277963666,604.9285887905877,18.4349488229212,18.4349488229212,0.6324555320336669
lpJL9-mBNmk_00,206,22,2,296.3260704021838,3.141592653589793,0.0,0.34877100358389873,3.141592653589793,-0.05000000000001137,0.0,0.0,0.0,2_22,1.0,-0.026707426155780922,9999.0,180.0,160.01689347810049,0.05000000000001137
lpJL9-mBNmk_00,207,22,2,296.24596621726346,0.0,0.0,0.2782996590051007,3.141592653589793,0.15000000000000568,0.0,0.0,0.0,2_22,1.0,0.08010418492034432,3698.2582933944177,0.0,164.05460409907775,0.15000000000000568
lpJL9-mBNmk_00,211,22,2,296.45583566528086,-0.655695626241532,0.0,-0.21866894587395092,0.0,0.6500000000000057,-0.5,0.25,0.0,2_22,4.0,-0.05246736200435009,9999.0,37.56859202882725,12.528807709152025,0.1600781059358221
lpJL9-mBNmk_00,212,22,2,296.45583566528086,0.0,0.0,-0.21866894587395092,0.0,0.0,0.0,0.0,0.0,2_22,1.0,-0.0,9999.0,0.0,12.528807709152025,0.0
lpJL9-mBNmk_00,213,22,2,295.97825089016254,0.7853981633974483,3.141592653589793,-0.031239833430275487,3.141592653589793,0.25,0.25,-0.25,0.0,2_22,1.0,0.47758477511831643,619.7397117963761,135.0,178.2100893917535,0.5590169943749475
lpJL9-mBNmk_00,214,22,2,296.05742686174926,-0.7853981633974483,0.0,-0.16076274062584117,3.141592653589793,0.25,-0.25,0.0,0.0,2_22,1.0,-0.07917597158672152,9999.0,45.0,170.78897345918296,0.3535533905932738
lpJL9-mBNmk_00,215,22,2,296.05797151909286,2.582993338246237,0.0,-0.03446910099951612,3.141592653589793,-0.4000000000000057,0.25,0.0,0.0,2_22,1.0,-0.0005446573435961,9999.0,147.99461679191685,178.02506598911756,0.471699056602835
lpJL9-mBNmk_00,216,22,2,296.5889411289639,-2.7468015338900282,0.0,-0.33929261445405867,3.141592653589793,-0.5999999999999943,-0.25,0.0,0.0,2_22,1.0,-0.5309696098710219,9999.0,157.38013505195937,160.559965171823,0.6499999999999947
lpJL9-mBNmk_00,217,22,2,296.72219751815,3.141592653589793,0.0,-0.46364760900082513,3.141592653589793,-0.25,0.0,0.0,0.0,2_22,1.0,-0.1332563891861014,9999.0,180.0,153.43494882292092,0.25
lpJL9-mBNmk_00,218,22,2,297.0654136718039,-1.2793395323170191,0.0,-0.8176450458327092,0.0,0.15000000000000568,-0.5,0.0,0.0,2_22,1.0,-0.3432161536539411,9999.0,73.30075576600578,46.847610265994994,0.5220153254455291
lpJL9-mBNmk_00,219,22,2,296.8804220557496,1.768191886644821,0.0,-0.6659692373791278,0.0,-0.05000000000001137,0.25,0.0,0.0,2_22,1.0,0.184991616054333,1604.8317669085839,101.30993247402272,38.15722658737008,0.2549509756796415
lpJL9-mBNmk_00,220,22,2,297.1452717106567,-1.951302703907242,0.0,-0.9272952180016235,0.0,-0.09999999999999432,-0.25,0.0,0.0,2_22,1.0,-0.26484965490709556,9999.0,111.80140948635069,53.13010235415663,0.2692582403567231
lpJL9-mBNmk_00,221,22,2,297.1452717106567,0.0,0.0,-0.9272952180016235,0.0,0.0,0.0,0.0,0.0,2_22,1.0,-0.0,9999.0,0.0,53.13010235415663,0.0
lpJL9-mBNmk_00,222,22,2,297.22518399355056,3.141592653589793,0.0,-1.0584068664841757,0.0,-0.15000000000000568,0.0,0.0,0.0,2_22,1.0,-0.07991228289387209,9999.0,180.0,60.642246457209694,0.15000000000000568
lpJL9-mBNmk_00,223,22,2,296.9357211586373,2.0344439357957027,0.0,-0.9827937232473727,0.0,-0.25,0.5,0.0,0.0,2_22,1.0,0.28946283491325175,1025.8163927940009,116.56505117707799,56.309932474022716,0.5590169943749475
lpJL9-mBNmk_00,224,22,2,296.7666802388705,1.5707963267948966,0.0,-0.46364760900091984,0.0,0.0,0.19999999999998863,0.0,0.0,2_22,1.0,0.16904091976681457,1755.5907803166754,90.0,26.56505117708451,0.19999999999998863
lpJL9-mBNmk_00,225,22,2,296.8556046295909,-0.9272952180015667,0.0,-0.708626272127697,0.0,0.15000000000000568,-0.19999999999998863,0.0,0.0,2_22,1.0,-0.0889243907204218,9999.0,53.13010235415337,40.60129464500599,0.2499999999999943
lpJL9-mBNmk_00,226,22,2,296.5667083473801,2.0344439357957027,0.0,1.1071487177940904,0.0,-0.25,0.5,0.0,0.0,2_22,1.0,0.2888962822108283,1026.5507955929806,116.56505117707799,63.43494882292201,0.5590169943749475
lpJL9-mBNmk_00,236,22,2,298.0044043298689,-1.3734007669449722,0.0,-2.9441970937399122,0.0,0.05000000000001137,-0.25,0.0,0.0,2_22,10.0,-0.1437695982488833,9999.0,78.69006752597728,168.69006752597977,0.02549509756796415
lpJL9-mBNmk_00,237,22,2,297.7780255492336,-1.5707963267948966,3.141592653589793,-3.0329314377492014,0.0,0.0,-0.05000000000001137,-0.5,0.0,2_22,1.0,0.22637878063534345,1315.3972501906078,90.00000000000001,173.774170935574,0.5024937810560456
lpJL9-mBNmk_00,264,22,2,295.819662125424,0.2186689458739453,0.0,0.19739555984988078,0.0,3.5999999999999943,0.8000000000000114,0.0,0.0,2_22,27.0,0.07253197865961486,4078.472248960356,12.528807709151705,11.309932474020217,0.13658584381174638
lpJL9-mBNmk_00,265,22,2,295.6070914237343,0.0,0.0,0.21866894587394198,0.0,0.4000000000000057,0.0,0.0,0.0,2_22,1.0,0.2125707016896854,1390.6295132584496,0.0,12.528807709151511,0.4000000000000057
lpJL9-mBNmk_00,266,22,2,295.6867599335486,3.141592653589793,0.0,0.20963984587421303,0.0,-0.15000000000000568,0.0,0.0,0.0,2_22,1.0,-0.07966850981432572,9999.0,180.0,12.011478386365471,0.15000000000000568
lpJL9-mBNmk_00,267,22,2,295.2889644060543,0.0,3.141592653589793,0.4182243295792291,3.141592653589793,0.05000000000001137,0.0,-0.6999999999999886,0.0,2_22,1.0,0.39779552749433833,742.3134349097402,180.0,156.03751102542182,0.75
lpJL9-mBNmk_00,268,22,2,295.47443205800397,0.0,0.0,0.2970642123410408,0.0,0.15000000000000568,0.0,0.5,0.0,2_22,1.0,-0.1854676519496934,9999.0,0.0,17.02052561151974,0.3499999999999943
lpJL9-mBNmk_00,269,22,2,295.47443205800397,0.0,0.0,0.373726819965552,0.0,0.0,0.0,0.0,0.0,2_22,1.0,-0.0,9999.0,0.0,21.41296947487168,0.0
lpJL9-mBNmk_00,270,22,2,295.47443205800397,0.0,0.0,0.348771003583907,3.141592653589793,0.19999999999998863,0.0,0.19999999999998863,0.0,2_22,1.0,-0.0,9999.0,0.0,160.0168934781,0.0
lpJL9-mBNmk_00,271,22,2,295.4479184221815,3.141592653589793,3.141592653589793,0.348771003583907,3.141592653589793,-0.15000000000000568,0.0,-0.19999999999998863,0.0,2_22,1.0,0.02651363582248223,11143.24419330134,0.0,160.0168934781,0.04999999999998295
lpJL9-mBNmk_00,272,22,2,295.50095177511696,3.141592653589793,0.0,0.17073521147528248,3.141592653589793,-0.09999999999999432,0.0,0.0,0.0,2_22,1.0,-0.05303335293547207,9999.0,180.0,170.21759296819275,0.09999999999999432
lpJL9-mBNmk_00,273,22,2,295.50095177511696,0.0,0.0,0.1030816085227039,3.141592653589793,0.0,0.0,0.0,0.0,2_22,1.0,-0.0,9999.0,0.0,174.0938588862293,0.0
lpJL9-mBNmk_00,274,22,2,295.5274775718833,3.141592653589793,0.0,0.1831108172624849,3.141592653589793,-0.05000000000001137,0.0,0.0,0.0,2_22,1.0,-0.02652579676635014,9999.0,180.0,169.50852298766836,0.05000000000001137
lpJL9-mBNmk_00,275,22,2,295.36841401883174,0.0,0.0,0.0,3.141592653589793,0.30000000000001137,0.0,0.0,0.0,2_22,1.0,0.15906355305156694,1856.9207612448845,0.0,180.0,0.30000000000001137
lpJL9-mBNmk_00,276,22,2,295.23602845858767,0.0,0.0,0.0,3.141592653589793,0.25,0.0,0.0,0.0,2_22,1.0,0.13238556024407444,2230.1225897618424,0.0,180.0,0.25
lpJL9-mBNmk_00,277,22,2,295.10379529921335,0.0,0.0,0.12914729012802023,3.141592653589793,0.25,0.0,0.0,0.0,2_22,1.0,0.1322331593743229,2231.692842366714,0.0,172.60040534011287,0.25
lpJL9-mBNmk_00,278,22,2,295.0509447536137,3.141592653589793,3.141592653589793,0.05190139845817008,3.141592653589793,-0.15000000000000568,0.0,-0.25,0.0,2_22,1.0,0.05285054559965374,5582.741699369453,0.0,177.02626891752007,0.09999999999999432
lpJL9-mBNmk_00,279,22,2,295.10379529921335,0.0,0.0,0.06241880999595735,3.141592653589793,0.15000000000000568,0.0,0.25,0.0,2_22,1.0,-0.05285054559965374,9999.0,0.0,176.42366562500263,0.09999999999999432
lpJL9-mBNmk_00,280,22,2,295.18311689525876,3.141592653589793,0.0,0.11990398536502374,3.141592653589793,-0.15000000000000568,0.0,0.0,0.0,2_22,1.0,-0.07932159604541766,9999.0,180.0,173.13000769178575,0.15000000000000568
lpJL9-mBNmk_00,281,22,2,295.18311689525876,0.0,0.0,0.10711532335223162,3.141592653589793,0.0,0.0,0.0,0.0,2_22,1.0,-0.0,9999.0,0.0,173.86274405073803,0.0
lpJL9-mBNmk_00,282,22,2,295.2735850021129,-0.9272952180015667,0.0,0.11527612597095442,3.141592653589793,0.15000000000000568,-0.19999999999998863,0.0,0.0,2_22,1.0,-0.0904681068541322,9999.0,53.13010235415337,173.3951645032459,0.2499999999999943
lpJL9-mBNmk_00,283,22,2,295.58113945243525,-1.8925468811915103,0.0,0.06442683942555591,3.141592653589793,-0.09999999999999432,-0.30000000000001137,0.0,0.0,2_22,1.0,-0.30755445032235684,9999.0,108.43494882292038,176.3086140135486,0.31622776601684693
lpJL9-mBNmk_00,284,22,2,295.3437361787109,3.141592653589793,3.141592653589793,-0.46364760900080615,3.141592653589793,-0.05000000000001137,0.0,-0.5,0.0,2_22,1.0,0.23740327372433967,1244.0592395606502,0.0,153.434948822922,0.44999999999998863
lpJL9-mBNmk_00,285,22,2,295.0888213741754,1.5707963267948966,0.0,-0.321750554396628,3.141592653589793,0.0,0.30000000000001137,0.0,0.0,2_22,1.0,0.25491480453553095,1157.597817481977,90.0,161.5650511770788,0.30000000000001137
lpJL9-mBNmk_00,286,22,2,294.8397870030434,0.9272952180015667,0.0,0.0,3.141592653589793,0.15000000000000568,0.19999999999998863,0.0,0.0,2_22,1.0,0.2490343711319838,1183.9321040820648,53.13010235415337,180.0,0.2499999999999943
lpJL9-mBNmk_00,287,22,2,294.8397870030434,0.0,0.0,0.0,0.0,0.0,0.0,0.0,0.0,2_22,1.0,-0.0,9999.0,0.0,0.0,0.0
lpJL9-mBNmk_00,288,22,2,294.8397870030434,0.0,0.0,0.0,3.141592653589793,0.0,0.0,0.0,0.0,2_22,1.0,-0.0,9999.0,0.0,180.0,0.0
lpJL9-mBNmk_00,289,22,2,294.8397870030434,0.0,0.0,0.0,3.141592653589793,0.0,0.0,0.0,0.0,2_22,1.0,-0.0,9999.0,0.0,180.0,0.0
lpJL9-mBNmk_00,290,22,2,295.1049347266155,-1.951302703907242,0.0,-0.5585993153435561,3.141592653589793,-0.09999999999999432,-0.25,0.0,0.0,2_22,1.0,-0.26514772357211314,9999.0,111.80140948635069,147.99461679191685,0.2692582403567231
lpJL9-mBNmk_00,291,22,2,295.11519784653586,2.9764439761751356,3.141592653589793,-0.6747409422235249,3.141592653589793,-0.30000000000001137,0.05000000000001137,-0.19999999999998863,0.0,2_22,1.0,-0.010263119920352892,9999.0,9.462322208027377,141.3401917459115,0.1118033988750149
lpJL9-mBNmk_00,292,22,2,295.10379529921335,2.0344439357957027,0.0,0.0,3.141592653589793,-0.09999999999999432,0.19999999999998863,0.19999999999998863,0.0,2_22,1.0,0.01140254732251833,25880.514849206313,116.56505117707799,180.0,0.3605551275463785
lpJL9-mBNmk_00,293,22,2,295.10379529921335,0.0,0.0,0.0,3.141592653589793,0.0,0.0,0.0,0.0,2_22,1.0,-0.0,9999.0,0.0,180.0,0.0
lpJL9-mBNmk_00,294,22,2,295.40574215813746,-2.4668517113662682,0.0,-1.3258176636679655,3.141592653589793,-0.25,-0.19999999999998863,0.0,0.0,2_22,1.0,-0.30194685892411144,9999.0,141.3401917459115,104.03624346793032,0.32015621187163534
lpJL9-mBNmk_00,295,22,2,295.23602845858767,1.5707963267948966,0.0,3.141592653589793,3.141592653589793,0.0,0.19999999999998863,0.0,0.0,2_22,1.0,0.16971369954978854,1739.6122366183815,90.0,0.0,0.19999999999998863
lpJL9-mBNmk_00,296,22,2,295.1566702617442,0.0,0.0,3.141592653589793,3.141592653589793,0.15000000000000568,0.0,0.0,0.0,2_22,1.0,0.07935819684348644,3719.2965818498187,0.0,0.0,0.15000000000000568
lpJL9-mBNmk_00,297,22,2,295.10379529921335,0.0,0.0,3.141592653589793,3.141592653589793,0.09999999999999432,0.0,0.0,0.0,2_22,1.0,0.052874962530836456,5581.163204174567,0.0,0.0,0.09999999999999432
lpJL9-mBNmk_00,298,22,2,295.2735850021129,-1.5707963267948966,0.0,-2.6224465393432874,3.141592653589793,0.0,-0.19999999999998863,0.0,0.0,2_22,1.0,-0.16978970289954987,9999.0,90.0,29.744881296941248,0.19999999999998863
lpJL9-mBNmk_00,299,22,2,295.2735850021129,0.0,0.0,-2.7610862764774478,3.141592653589793,0.0,0.0,0.0,0.0,2_22,1.0,-0.0,9999.0,0.0,21.801409486350714,0.0
lpJL9-mBNmk_00,300,22,2,295.2207648523389,0.0,0.0,-2.4668517113662682,3.141592653589793,0.09999999999999432,0.0,0.0,0.0,2_22,1.0,0.05282014977399285,5589.1694006081225,0.0,38.6598082540885,0.09999999999999432
lpJL9-mBNmk_00,301,22,2,295.2207648523389,0.0,0.0,-2.4668517113662682,3.141592653589793,0.0,0.0,0.0,0.0,2_22,1.0,-0.0,9999.0,0.0,38.6598082540885,0.0
lpJL9-mBNmk_00,302,22,2,295.396449707846,-1.1071487177940904,0.0,-2.2655346029915813,3.141592653589793,0.15000000000000568,-0.30000000000001137,0.0,0.0,2_22,1.0,-0.175684855507086,9999.0,63.43494882292201,50.194428907735904,0.33541019662498117
lpJL9-mBNmk_00,303,22,2,295.396449707846,0.0,0.0,3.141592653589793,3.141592653589793,0.0,0.0,0.0,0.0,2_22,1.0,-0.0,9999.0,0.0,0.0,0.0
lpJL9-mBNmk_00,304,22,2,295.396449707846,0.0,0.0,3.141592653589793,0.0,0.0,0.0,0.0,0.0,2_22,1.0,-0.0,9999.0,0.0,180.0,0.0
lpJL9-mBNmk_00,305,22,2,295.396449707846,0.0,0.0,-1.8925468811915103,0.0,0.0,0.0,0.0,0.0,2_22,1.0,-0.0,9999.0,0.0,108.43494882292038,0.0
lpJL9-mBNmk_00,306,22,2,295.8037863178901,-2.7233683240105755,0.0,-2.356194490192345,0.0,-0.44999999999998863,-0.19999999999998863,0.0,0.0,2_22,1.0,-0.40733661004412625,9999.0,156.03751102542248,135.0,0.49244289008979025
lpJL9-mBNmk_00,307,22,2,295.8301920021011,3.141592653589793,0.0,-2.390663591191861,0.0,-0.05000000000001137,0.0,0.0,0.0,2_22,1.0,-0.026405684210999425,9999.0,180.0,136.97493401088244,0.05000000000001137
lpJL9-mBNmk_00,308,22,2,295.9623117898629,3.141592653589793,0.0,-2.530866689200592,0.0,-0.25,0.0,0.0,0.0,2_22,1.0,-0.13211978776178057,9999.0,180.0,145.0079798014418,0.25
lpJL9-mBNmk_00,309,22,2,295.88302164875904,0.0,0.0,-2.4526682653749363,0.0,0.15000000000000568,0.0,0.0,0.0,2_22,1.0,0.07929014110385424,3731.649578744114,0.0,140.52754015165644,0.15000000000000568
lpJL9-mBNmk_00,310,22,2,295.9623117898629,3.141592653589793,0.0,-2.6779450445889994,0.0,-0.15000000000000568,0.0,0.0,0.0,2_22,1.0,-0.07929014110385424,9999.0,180.0,153.4349488229227,0.15000000000000568
lpJL9-mBNmk_00,311,22,2,295.9623117898629,0.0,0.0,-2.4468543773930853,0.0,0.0,0.0,0.0,0.0,2_22,1.0,-0.0,9999.0,0.0,140.19442890773453,0.0
lpJL9-mBNmk_00,312,22,2,296.0681171622503,3.141592653589793,0.0,-2.356194490192345,0.0,-0.19999999999998863,0.0,0.0,0.0,2_22,1.0,-0.10580537238740817,9999.0,180.0,135.0,0.19999999999998863
lpJL9-mBNmk_00,313,22,2,295.52834043455124,0.2782996590051006,0.0,-1.5707963267948966,0.0,0.6999999999999886,0.19999999999998863,0.0,0.0,2_22,1.0,0.5397767276990635,547.5010782593694,15.945395900922241,90.0,0.7280109889280377
lpJL9-mBNmk_00,314,22,2,295.58113945243525,3.141592653589793,0.0,-1.1071487177940904,0.0,-0.09999999999999432,0.0,0.0,0.0,2_22,1.0,-0.052799017884012756,9999.0,180.0,63.43494882292201,0.09999999999999432
lpJL9-mBNmk_00,315,22,2,295.58113945243525,0.0,0.0,-1.2793395323170191,0.0,0.0,0.0,0.0,0.0,2_22,1.0,-0.0,9999.0,0.0,73.30075576600578,0.0
lpJL9-mBNmk_00,316,22,2,295.52834043455124,0.0,0.0,-1.3734007669450268,0.0,0.09999999999999432,0.0,0.0,0.0,2_22,1.0,0.052799017884012756,5597.231772071192,0.0,78.69006752598041,0.09999999999999432
lpJL9-mBNmk_00,317,22,2,295.58113945243525,3.141592653589793,0.0,-1.7681918866447663,0.0,-0.09999999999999432,0.0,0.0,0.0,2_22,1.0,-0.052799017884012756,9999.0,180.0,101.30993247401959,0.09999999999999432
lpJL9-mBNmk_00,318,22,2,295.6339628662445,3.141592653589793,0.0,-2.1587989303424204,0.0,-0.09999999999999432,0.0,0.0,0.0,2_22,1.0,-0.05282341380922162,9999.0,180.0,123.69006752597726,0.09999999999999432
lpJL9-mBNmk_00,319,22,2,295.6339628662445,0.0,0.0,-2.1587989303424204,0.0,0.0,0.0,0.0,0.0,2_22,1.0,-0.0,9999.0,0.0,123.69006752597726,0.0
lpJL9-mBNmk_00,320,22,2,295.52834043455124,0.0,0.0,-1.8925468811915103,0.0,0.19999999999998863,0.0,0.0,0.0,2_22,1.0,0.10562243169323438,2797.969481453259,0.0,108.43494882292038,0.19999999999998863
lpJL9-mBNmk_00,328,22,2,294.97171474566846,1.5707963267948966,3.141592653589793,2.0344439357957027,3.141592653589793,0.0,0.5,-0.25,0.0,2_22,8.0,0.0695782111103469,4239.426539407012,90.0,63.43494882292201,0.06987712429686843
lpJL9-mBNmk_00,329,22,2,294.97171474566846,0.0,0.0,2.0344439357957027,3.141592653589793,0.0,0.0,0.0,0.0,2_22,1.0,-0.0,9999.0,0.0,63.43494882292201,0.0
lpJL9-mBNmk_00,330,22,2,294.15339960639585,1.951302703907242,3.141592653589793,2.007423486608432,3.141592653589793,-0.09999999999999432,0.25,-1.25,0.0,2_22,1.0,0.8183151392726131,359.4622480867994,68.19859051364931,64.98310652190031,1.1768602295939876
lpJL9-mBNmk_00,331,22,2,294.5472160791882,1.1902899496825512,0.0,1.8157749899217608,3.141592653589793,0.09999999999999432,0.25,1.25,0.0,2_22,1.0,-0.3938164727923663,9999.0,68.19859051364931,75.96375653207352,1.1768602295939876
lpJL9-mBNmk_00,332,22,2,294.89161144393375,-1.5707963267948966,0.0,1.8925468811915387,0.0,0.0,-0.25,0.25,0.0,2_22,1.0,-0.34439536474553734,9999.0,90.0,108.43494882292201,0.3535533905932738
lpJL9-mBNmk_00,333,22,2,294.78541347902546,1.5707963267948966,0.0,1.4056476493802774,0.0,0.0,0.25,0.19999999999998863,0.0,2_22,1.0,0.10619796490829003,2775.810381428636,90.0,80.53767779197483,0.32015621187163534
lpJL9-mBNmk_00,334,22,2,294.78541347902546,0.0,0.0,1.3654009376051273,0.0,0.0,0.0,0.0,0.0,2_22,1.0,-0.0,9999.0,0.0,78.23171106797925,0.0
lpJL9-mBNmk_00,335,22,2,294.57365802121546,0.0,0.0,0.9272952180016045,0.0,0.4000000000000057,0.0,0.0,0.0,2_22,1.0,0.21175545780999983,1391.1030254791604,0.0,53.13010235415554,0.4000000000000057
lpJL9-mBNmk_00,239,25,2,62.5,0.0,0.0,0.0,0.0,,,0.0,0.0,2_25,,0.0,9999.0,0.0,0.0,0.0
lpJL9-mBNmk_00,240,25,2,62.50199996800102,1.5707963267948966,0.0,1.5707963267948966,0.0,0.0,0.5,0.0,0.0,2_25,1.0,-0.001999968001022978,9999.0,90.0,90.0,0.5
lpJL9-mBNmk_00,241,25,2,62.25200799974247,0.0,0.0,1.5707963267948966,0.0,0.0,0.0,0.25,0.0,2_25,1.0,0.24999196825855563,249.0160321285121,0.0,90.0,0.25
lpJL9-mBNmk_00,242,25,2,62.25200799974247,0.0,0.0,1.5707963267948966,0.0,0.0,0.0,0.0,0.0,2_25,1.0,-0.0,9999.0,0.0,90.0,0.0
lpJL9-mBNmk_00,243,25,2,62.25200799974247,0.0,0.0,1.5707963267948966,0.0,0.0,0.0,0.0,0.0,2_25,1.0,-0.0,9999.0,0.0,90.0,0.0
lpJL9-mBNmk_00,244,25,2,62.25,-1.5707963267948966,0.0,0.0,0.0,0.0,-0.5,0.0,0.0,2_25,1.0,0.002007999742467348,31000.999991917204,90.0,0.0,0.5
lpJL9-mBNmk_00,245,25,2,62.25200799974247,1.5707963267948966,0.0,1.5707963267948966,0.0,0.0,0.5,0.0,0.0,2_25,1.0,-0.002007999742467348,9999.0,90.0,90.0,0.5
lpJL9-mBNmk_00,246,25,2,62.50199996800102,0.0,3.141592653589793,1.5707963267948966,0.0,0.0,0.0,-0.25,0.0,2_25,1.0,-0.24999196825855563,9999.0,180.0,90.0,0.25
lpJL9-mBNmk_00,247,25,2,62.25,-1.5707963267948966,0.0,0.0,0.0,0.0,-0.5,0.25,0.0,2_25,1.0,0.251999968001023,247.02384089091353,90.0,0.0,0.5590169943749475
lpJL9-mBNmk_00,248,25,2,62.5,0.0,3.141592653589793,0.0,0.0,0.0,0.0,-0.25,0.0,2_25,1.0,-0.25,9999.0,180.0,0.0,0.25
lpJL9-mBNmk_00,249,25,2,62.25,0.0,0.0,0.0,0.0,0.0,0.0,0.25,0.0,2_25,1.0,0.25,249.0,0.0,0.0,0.25
lpJL9-mBNmk_00,250,25,2,61.5,0.0,0.0,0.0,0.0,0.0,0.0,0.75,0.0,2_25,1.0,0.75,82.0,0.0,0.0,0.75
lpJL9-mBNmk_00,251,25,2,61.5,0.0,0.0,0.0,0.0,0.0,0.0,0.0,0.0,2_25,1.0,-0.0,9999.0,0.0,0.0,0.0
lpJL9-mBNmk_00,252,25,2,61.5,0.0,0.0,0.0,0.0,0.0,0.0,0.0,0.0,2_25,1.0,-0.0,9999.0,0.0,0.0,0.0
lpJL9-mBNmk_00,253,25,2,61.5,0.0,0.0,0.0,0.0,0.0,0.0,0.0,0.0,2_25,1.0,-0.0,9999.0,0.0,0.0,0.0
lpJL9-mBNmk_00,254,25,2,61.5,0.0,0.0,0.0,0.0,0.0,0.0,0.0,0.0,2_25,1.0,-0.0,9999.0,0.0,0.0,0.0
lpJL9-mBNmk_00,255,25,2,61.5,0.0,0.0,0.0,0.0,0.0,0.0,0.0,0.0,2_25,1.0,-0.0,9999.0,0.0,0.0,0.0
lpJL9-mBNmk_00,256,25,2,61.20204244957842,2.1112158270654975,0.0,2.1112158270654975,0.0,-0.30000000000001137,0.5,0.0,0.0,2_25,1.0,0.2979575504215788,205.40524099149,120.96375653207448,120.96375653207448,0.5830951894845359
lpJL9-mBNmk_00,257,25,2,61.20204244957842,0.0,0.0,2.1112158270654975,0.0,0.0,0.0,0.0,0.0,2_25,1.0,-0.0,9999.0,0.0,120.96375653207448,0.0
lpJL9-mBNmk_00,258,25,2,61.50203248673982,0.0,3.141592653589793,2.1112158270654975,0.0,0.0,0.0,-0.30000000000001137,0.0,2_25,1.0,-0.2999900371614004,9999.0,180.0,120.96375653207448,0.30000000000001137
lpJL9-mBNmk_00,259,25,2,61.50203248673982,0.0,0.0,2.1112158270654975,0.0,0.0,0.0,0.0,0.0,2_25,1.0,-0.0,9999.0,0.0,120.96375653207448,0.0
lpJL9-mBNmk_00,260,25,2,61.50203248673982,0.0,0.0,3.141592653589793,0.0,0.0,0.0,0.0,0.0,2_25,1.0,-0.0,9999.0,0.0,180.0,0.0
lpJL9-mBNmk_00,261,25,2,61.50203248673982,0.0,0.0,3.141592653589793,0.0,0.0,0.0,0.0,0.0,2_25,1.0,-0.0,9999.0,0.0,180.0,0.0
lpJL9-mBNmk_00,262,25,2,61.50203248673982,0.0,0.0,3.141592653589793,0.0,0.0,0.0,0.0,0.0,2_25,1.0,-0.0,9999.0,0.0,180.0,0.0
lpJL9-mBNmk_00,263,25,2,61.50203248673982,0.0,0.0,3.141592653589793,0.0,0.0,0.0,0.0,0.0,2_25,1.0,-0.0,9999.0,0.0,180.0,0.0
lpJL9-mBNmk_00,264,25,2,61.50203248673982,0.0,0.0,2.1112158270654975,0.0,0.0,0.0,0.0,0.0,2_25,1.0,-0.0,9999.0,0.0,120.96375653207448,0.0
lpJL9-mBNmk_00,265,25,2,61.50203248673982,0.0,0.0,3.141592653589793,0.0,0.0,0.0,0.0,0.0,2_25,1.0,-0.0,9999.0,0.0,180.0,0.0
lpJL9-mBNmk_00,266,25,2,61.30203911779772,3.141592653589793,0.0,3.141592653589793,0.0,-0.19999999999998863,0.0,0.0,0.0,2_25,1.0,0.19999336894210273,306.5203583602035,180.0,180.0,0.19999999999998863
lpJL9-mBNmk_00,267,25,2,62.00201609625287,0.0,3.141592653589793,2.356194490192345,3.141592653589793,0.0,0.0,-0.6999999999999886,0.0,2_25,1.0,-0.6999769784551546,9999.0,180.0,45.0,0.6999999999999886
lpJL9-mBNmk_00,268,25,2,61.5,-1.5707963267948966,0.0,3.141592653589793,0.0,0.0,-0.5,0.5,0.0,2_25,1.0,0.5020160962528735,122.50603209547583,90.0,180.0,0.7071067811865476
lpJL9-mBNmk_00,269,25,2,61.5,0.0,0.0,3.141592653589793,0.0,0.0,0.0,0.0,0.0,2_25,1.0,-0.0,9999.0,0.0,180.0,0.0
lpJL9-mBNmk_00,270,25,2,61.30000000000001,0.0,0.0,3.141592653589793,3.141592653589793,0.0,0.0,0.19999999999998863,0.0,2_25,1.0,0.19999999999998863,306.5000000000175,0.0,0.0,0.19999999999998863
lpJL9-mBNmk_00,271,25,2,61.75,0.0,3.141592653589793,3.141592653589793,3.141592653589793,0.25,0.0,-0.19999999999998863,0.0,2_25,1.0,-0.44999999999998863,9999.0,180.0,0.0,0.44999999999998863
lpJL9-mBNmk_00,272,25,2,61.5,3.141592653589793,0.0,3.141592653589793,3.141592653589793,-0.25,0.0,0.0,0.0,2_25,1.0,0.25,246.0,180.0,0.0,0.25
lpJL9-mBNmk_00,273,25,2,61.5,0.0,0.0,3.141592653589793,3.141592653589793,0.0,0.0,0.0,0.0,2_25,1.0,-0.0,9999.0,0.0,0.0,0.0
lpJL9-mBNmk_00,274,25,2,61.5,0.0,0.0,3.141592653589793,3.141592653589793,0.0,0.0,0.0,0.0,2_25,1.0,-0.0,9999.0,0.0,0.0,0.0
lpJL9-mBNmk_00,275,25,2,61.5,0.0,0.0,3.141592653589793,3.141592653589793,0.0,0.0,0.0,0.0,2_25,1.0,-0.0,9999.0,0.0,0.0,0.0
lpJL9-mBNmk_00,276,25,2,61.50203248673982,1.5707963267948966,0.0,3.141592653589793,3.141592653589793,0.0,0.5,0.0,0.0,2_25,1.0,-0.002032486739821593,9999.0,90.0,0.0,0.5
lpJL9-mBNmk_00,277,25,2,61.5,-1.5707963267948966,0.0,-1.951302703907242,3.141592653589793,0.0,-0.5,0.0,0.0,2_25,1.0,0.002032486739821593,30258.49999168916,90.0,68.19859051364932,0.5
lpJL9-mBNmk_00,278,25,2,61.94999999999999,0.0,3.141592653589793,-1.5707963267948966,3.141592653589793,0.19999999999998863,0.0,-0.25,0.0,2_25,1.0,-0.44999999999998863,9999.0,180.0,90.00000000000001,0.44999999999998863
lpJL9-mBNmk_00,279,25,2,61.5,3.141592653589793,0.0,-1.951302703907242,3.141592653589793,-0.19999999999998863,0.0,0.25,0.0,2_25,1.0,0.44999999999998863,136.66666666667012,180.0,68.19859051364932,0.44999999999998863
lpJL9-mBNmk_00,280,25,2,61.5,0.0,0.0,-1.951302703907242,3.141592653589793,0.0,0.0,0.0,0.0,2_25,1.0,-0.0,9999.0,0.0,68.19859051364932,0.0
lpJL9-mBNmk_00,281,25,2,61.5,0.0,0.0,-1.951302703907242,3.141592653589793,0.0,0.0,0.0,0.0,2_25,1.0,-0.0,9999.0,0.0,68.19859051364932,0.0
lpJL9-mBNmk_00,282,25,2,61.5,0.0,0.0,-1.951302703907242,3.141592653589793,0.0,0.0,0.0,0.0,2_25,1.0,-0.0,9999.0,0.0,68.19859051364932,0.0
lpJL9-mBNmk_00,283,25,2,61.5,0.0,0.0,-1.951302703907242,3.141592653589793,0.0,0.0,0.0,0.0,2_25,1.0,-0.0,9999.0,0.0,68.19859051364932,0.0
lpJL9-mBNmk_00,284,25,2,62.0,0.0,3.141592653589793,-1.951302703907242,3.141592653589793,0.0,0.0,-0.5,0.0,2_25,1.0,-0.5,9999.0,180.0,68.19859051364932,0.5
lpJL9-mBNmk_00,285,25,2,62.0,0.0,0.0,-1.951302703907242,3.141592653589793,0.0,0.0,0.0,0.0,2_25,1.0,-0.0,9999.0,0.0,68.19859051364932,0.0
lpJL9-mBNmk_00,286,25,2,62.25,0.0,0.0,-1.1071487177940904,3.141592653589793,0.25,0.0,0.0,0.0,2_25,1.0,-0.25,9999.0,0.0,116.56505117707799,0.25
lpJL9-mBNmk_00,287,25,2,62.25,0.0,0.0,-1.1071487177940904,0.0,0.0,0.0,0.0,0.0,2_25,1.0,-0.0,9999.0,0.0,63.43494882292201,0.0
lpJL9-mBNmk_00,288,25,2,62.25,0.0,0.0,0.0,3.141592653589793,0.0,0.0,0.0,0.0,2_25,1.0,-0.0,9999.0,0.0,180.0,0.0
lpJL9-mBNmk_00,289,25,2,62.25,0.0,0.0,0.0,3.141592653589793,0.0,0.0,0.0,0.0,2_25,1.0,-0.0,9999.0,0.0,180.0,0.0
lpJL9-mBNmk_00,290,25,2,62.5,0.0,0.0,0.0,3.141592653589793,0.25,0.0,0.0,0.0,2_25,1.0,-0.25,9999.0,0.0,180.0,0.25
lpJL9-mBNmk_00,291,25,2,62.69999999999999,0.0,3.141592653589793,0.0,3.141592653589793,0.0,0.0,-0.19999999999998863,0.0,2_25,1.0,-0.19999999999998863,9999.0,180.0,180.0,0.19999999999998863
lpJL9-mBNmk_00,292,25,2,62.5,0.0,0.0,0.0,3.141592653589793,0.0,0.0,0.19999999999998863,0.0,2_25,1.0,0.19999999999998863,312.5000000000178,0.0,180.0,0.19999999999998863
lpJL9-mBNmk_00,293,25,2,62.5,0.0,0.0,0.0,3.141592653589793,0.0,0.0,0.0,0.0,2_25,1.0,-0.0,9999.0,0.0,180.0,0.0
lpJL9-mBNmk_00,294,25,2,62.25,3.141592653589793,0.0,0.0,3.141592653589793,-0.25,0.0,0.0,0.0,2_25,1.0,0.25,249.0,180.0,180.0,0.25
lpJL9-mBNmk_00,295,25,2,62.25,0.0,0.0,0.0,3.141592653589793,0.0,0.0,0.0,0.0,2_25,1.0,-0.0,9999.0,0.0,180.0,0.0
lpJL9-mBNmk_00,296,25,2,62.25,0.0,0.0,-1.1071487177940904,3.141592653589793,0.0,0.0,0.0,0.0,2_25,1.0,-0.0,9999.0,0.0,116.56505117707799,0.0
lpJL9-mBNmk_00,297,25,2,62.5,0.0,0.0,0.0,3.141592653589793,0.25,0.0,0.0,0.0,2_25,1.0,-0.25,9999.0,0.0,180.0,0.25
lpJL9-mBNmk_00,298,25,2,62.5,0.0,0.0,0.0,3.141592653589793,0.0,0.0,0.0,0.0,2_25,1.0,-0.0,9999.0,0.0,180.0,0.0
lpJL9-mBNmk_00,299,25,2,62.5,0.0,0.0,0.0,3.141592653589793,0.0,0.0,0.0,0.0,2_25,1.0,-0.0,9999.0,0.0,180.0,0.0
lpJL9-mBNmk_00,300,25,2,62.5,0.0,0.0,0.0,3.141592653589793,0.0,0.0,0.0,0.0,2_25,1.0,-0.0,9999.0,0.0,180.0,0.0
lpJL9-mBNmk_00,301,25,2,62.5,0.0,0.0,0.0,3.141592653589793,0.0,0.0,0.0,0.0,2_25,1.0,-0.0,9999.0,0.0,180.0,0.0
lpJL9-mBNmk_00,302,25,2,62.5,0.0,0.0,0.0,3.141592653589793,0.0,0.0,0.0,0.0,2_25,1.0,-0.0,9999.0,0.0,180.0,0.0
lpJL9-mBNmk_00,303,25,2,62.5,0.0,0.0,0.0,3.141592653589793,0.0,0.0,0.0,0.0,2_25,1.0,-0.0,9999.0,0.0,180.0,0.0
lpJL9-mBNmk_00,304,25,2,62.5,0.0,0.0,0.0,0.0,0.0,0.0,0.0,0.0,2_25,1.0,-0.0,9999.0,0.0,0.0,0.0
lpJL9-mBNmk_00,305,25,2,62.5,0.0,0.0,0.0,0.0,0.0,0.0,0.0,0.0,2_25,1.0,-0.0,9999.0,0.0,0.0,0.0
lpJL9-mBNmk_00,306,25,2,62.25,3.141592653589793,0.0,0.0,0.0,-0.25,0.0,0.0,0.0,2_25,1.0,0.25,249.0,180.0,0.0,0.25
lpJL9-mBNmk_00,307,25,2,62.25,0.0,0.0,0.0,0.0,0.0,0.0,0.0,0.0,2_25,1.0,-0.0,9999.0,0.0,0.0,0.0
lpJL9-mBNmk_00,308,25,2,62.5,0.0,0.0,0.0,0.0,0.25,0.0,0.0,0.0,2_25,1.0,-0.25,9999.0,0.0,0.0,0.25
lpJL9-mBNmk_00,309,25,2,62.5,0.0,0.0,0.0,0.0,0.0,0.0,0.0,0.0,2_25,1.0,-0.0,9999.0,0.0,0.0,0.0
lpJL9-mBNmk_00,310,25,2,62.5,0.0,0.0,0.0,0.0,0.0,0.0,0.0,0.0,2_25,1.0,-0.0,9999.0,0.0,0.0,0.0
lpJL9-mBNmk_00,311,25,2,62.5,0.0,0.0,0.0,0.0,0.0,0.0,0.0,0.0,2_25,1.0,-0.0,9999.0,0.0,0.0,0.0
lpJL9-mBNmk_00,312,25,2,62.5,0.0,0.0,0.0,0.0,0.0,0.0,0.0,0.0,2_25,1.0,-0.0,9999.0,0.0,0.0,0.0
lpJL9-mBNmk_00,313,25,2,62.5,0.0,0.0,0.0,0.0,0.0,0.0,0.0,0.0,2_25,1.0,-0.0,9999.0,0.0,0.0,0.0
lpJL9-mBNmk_00,314,25,2,62.5,0.0,0.0,0.0,0.0,0.0,0.0,0.0,0.0,2_25,1.0,-0.0,9999.0,0.0,0.0,0.0
lpJL9-mBNmk_00,315,25,2,62.5,0.0,0.0,0.0,0.0,0.0,0.0,0.0,0.0,2_25,1.0,-0.0,9999.0,0.0,0.0,0.0
lpJL9-mBNmk_00,316,25,2,62.5,0.0,0.0,0.0,0.0,0.0,0.0,0.0,0.0,2_25,1.0,-0.0,9999.0,0.0,0.0,0.0
lpJL9-mBNmk_00,317,25,2,62.5,0.0,0.0,0.0,0.0,0.0,0.0,0.0,0.0,2_25,1.0,-0.0,9999.0,0.0,0.0,0.0
lpJL9-mBNmk_00,318,25,2,62.5,0.0,0.0,0.0,0.0,0.0,0.0,0.0,0.0,2_25,1.0,-0.0,9999.0,0.0,0.0,0.0
lpJL9-mBNmk_00,319,25,2,62.5,0.0,0.0,0.0,0.0,0.0,0.0,0.0,0.0,2_25,1.0,-0.0,9999.0,0.0,0.0,0.0
lpJL9-mBNmk_00,320,25,2,62.5,0.0,0.0,0.0,0.0,0.0,0.0,0.0,0.0,2_25,1.0,-0.0,9999.0,0.0,0.0,0.0
lpJL9-mBNmk_00,321,25,2,62.5,0.0,0.0,0.0,0.0,0.0,0.0,0.0,0.0,2_25,1.0,-0.0,9999.0,0.0,0.0,0.0
lpJL9-mBNmk_00,322,25,2,62.5,0.0,0.0,0.0,0.0,0.0,0.0,0.0,0.0,2_25,1.0,-0.0,9999.0,0.0,0.0,0.0
lpJL9-mBNmk_00,323,25,2,62.5,0.0,0.0,0.0,0.0,0.0,0.0,0.0,0.0,2_25,1.0,-0.0,9999.0,0.0,0.0,0.0
lpJL9-mBNmk_00,324,25,2,62.25,3.141592653589793,0.0,3.141592653589793,0.0,-0.25,0.0,0.0,0.0,2_25,1.0,0.25,249.0,180.0,180.0,0.25
lpJL9-mBNmk_00,325,25,2,62.30000000000001,0.0,0.0,0.0,0.0,0.25,0.0,0.19999999999998863,0.0,2_25,1.0,-0.05000000000001137,9999.0,0.0,0.0,0.05000000000001137
lpJL9-mBNmk_00,326,25,2,62.25,3.141592653589793,3.141592653589793,0.0,0.0,-0.25,0.0,-0.19999999999998863,0.0,2_25,1.0,0.05000000000001137,1244.999999999717,0.0,0.0,0.05000000000001137
lpJL9-mBNmk_00,327,25,2,62.0,3.141592653589793,0.0,3.141592653589793,0.0,-0.25,0.0,0.0,0.0,2_25,1.0,0.25,248.0,180.0,180.0,0.25
lpJL9-mBNmk_00,328,25,2,62.5,0.0,3.141592653589793,3.141592653589793,3.141592653589793,0.25,0.0,-0.25,0.0,2_25,1.0,-0.5,9999.0,180.0,0.0,0.5
lpJL9-mBNmk_00,329,25,2,62.5,0.0,0.0,3.141592653589793,3.141592653589793,0.0,0.0,0.0,0.0,2_25,1.0,-0.0,9999.0,0.0,0.0,0.0
lpJL9-mBNmk_00,330,25,2,64.0,0.0,3.141592653589793,0.0,3.141592653589793,0.25,0.0,-1.25,0.0,2_25,1.0,-1.5,9999.0,180.0,180.0,1.5
lpJL9-mBNmk_00,331,25,2,62.75,0.0,0.0,0.0,3.141592653589793,0.0,0.0,1.25,0.0,2_25,1.0,1.25,50.2,0.0,180.0,1.25
lpJL9-mBNmk_00,332,25,2,62.5,0.0,0.0,0.0,0.0,0.0,0.0,0.25,0.0,2_25,1.0,0.25,250.0,0.0,0.0,0.25
lpJL9-mBNmk_00,333,25,2,62.30000000000001,0.0,0.0,0.0,0.0,0.0,0.0,0.19999999999998863,0.0,2_25,1.0,0.19999999999998863,311.5000000000178,0.0,0.0,0.19999999999998863
lpJL9-mBNmk_00,334,25,2,62.05000000000001,3.141592653589793,0.0,3.141592653589793,0.0,-0.25,0.0,0.0,0.0,2_25,1.0,0.25,248.20000000000005,180.0,180.0,0.25
lpJL9-mBNmk_00,335,25,2,62.05000000000001,0.0,0.0,3.141592653589793,0.0,0.0,0.0,0.0,0.0,2_25,1.0,-0.0,9999.0,0.0,180.0,0.0
lpJL9-mBNmk_00,336,25,2,62.05000000000001,0.0,0.0,3.141592653589793,0.0,0.0,0.0,0.0,0.0,2_25,1.0,-0.0,9999.0,0.0,180.0,0.0
lpJL9-mBNmk_00,337,25,2,62.30000000000001,0.0,0.0,0.0,0.0,0.25,0.0,0.0,0.0,2_25,1.0,-0.25,9999.0,0.0,0.0,0.25
lpJL9-mBNmk_00,338,25,2,62.30000000000001,0.0,0.0,0.0,0.0,0.0,0.0,0.0,0.0,2_25,1.0,-0.0,9999.0,0.0,0.0,0.0
lpJL9-mBNmk_00,339,25,2,62.30000000000001,0.0,0.0,0.0,0.0,0.0,0.0,0.0,0.0,2_25,1.0,-0.0,9999.0,0.0,0.0,0.0
lpJL9-mBNmk_00,340,25,2,62.30000000000001,0.0,0.0,0.0,0.0,0.0,0.0,0.0,0.0,2_25,1.0,-0.0,9999.0,0.0,0.0,0.0
lpJL9-mBNmk_00,341,25,2,62.30000000000001,0.0,0.0,0.0,0.0,0.0,0.0,0.0,0.0,2_25,1.0,-0.0,9999.0,0.0,0.0,0.0
lpJL9-mBNmk_00,342,25,2,62.30000000000001,0.0,0.0,0.0,0.0,0.0,0.0,0.0,0.0,2_25,1.0,-0.0,9999.0,0.0,0.0,0.0
lpJL9-mBNmk_00,343,25,2,62.30000000000001,0.0,0.0,0.0,0.0,0.0,0.0,0.0,0.0,2_25,1.0,-0.0,9999.0,0.0,0.0,0.0
lpJL9-mBNmk_00,344,25,2,62.30000000000001,0.0,0.0,0.0,0.0,0.0,0.0,0.0,0.0,2_25,1.0,-0.0,9999.0,0.0,0.0,0.0
lpJL9-mBNmk_00,345,25,2,62.30000000000001,0.0,0.0,0.0,0.0,0.0,0.0,0.0,0.0,2_25,1.0,-0.0,9999.0,0.0,0.0,0.0
lpJL9-mBNmk_00,346,25,2,61.70202589866883,2.1112158270654975,0.0,1.670464979286081,0.0,-0.30000000000001137,0.5,0.30000000000001137,0.0,2_25,1.0,0.5979741013311823,103.18511414007835,120.96375653207448,95.71059313750094,0.781024967590683
lpJL9-mBNmk_00,347,25,2,62.00201609625287,0.0,3.141592653589793,1.1902899496825512,0.0,0.0,0.0,-0.30000000000001137,0.0,2_25,1.0,-0.29999019758404444,9999.0,180.0,68.19859051364931,0.30000000000001137
lpJL9-mBNmk_00,348,25,2,61.70202589866883,0.0,0.0,1.670464979286081,0.0,0.0,0.0,0.30000000000001137,0.0,2_25,1.0,0.29999019758404444,205.68014020318967,0.0,95.71059313750094,0.30000000000001137
lpJL9-mBNmk_00,349,25,2,61.70202589866883,0.0,0.0,1.670464979286081,0.0,0.0,0.0,0.0,0.0,2_25,1.0,-0.0,9999.0,0.0,95.71059313750094,0.0
lpJL9-mBNmk_00,350,25,2,62.00201609625287,0.0,3.141592653589793,2.1112158270654975,0.0,0.0,0.0,-0.30000000000001137,0.0,2_25,1.0,-0.29999019758404444,9999.0,180.0,120.96375653207448,0.30000000000001137
lpJL9-mBNmk_00,351,25,2,62.00201609625287,0.0,0.0,2.1112158270654975,0.0,0.0,0.0,0.0,0.0,2_25,1.0,-0.0,9999.0,0.0,120.96375653207448,0.0
lpJL9-mBNmk_00,352,25,2,62.00201609625287,0.0,0.0,2.1112158270654975,0.0,0.0,0.0,0.0,0.0,2_25,1.0,-0.0,9999.0,0.0,120.96375653207448,0.0
lpJL9-mBNmk_00,353,25,2,62.00201609625287,0.0,0.0,2.1112158270654975,0.0,0.0,0.0,0.0,0.0,2_25,1.0,-0.0,9999.0,0.0,120.96375653207448,0.0
lpJL9-mBNmk_00,354,25,2,62.00201609625287,0.0,0.0,1.670464979286081,0.0,0.0,0.0,0.0,0.0,2_25,1.0,-0.0,9999.0,0.0,95.71059313750094,0.0
lpJL9-mBNmk_00,355,25,2,62.00201609625287,0.0,0.0,1.670464979286081,0.0,0.0,0.0,0.0,0.0,2_25,1.0,-0.0,9999.0,0.0,95.71059313750094,0.0
lpJL9-mBNmk_00,356,25,2,62.00201609625287,0.0,0.0,1.670464979286081,0.0,0.0,0.0,0.0,0.0,2_25,1.0,-0.0,9999.0,0.0,95.71059313750094,0.0
lpJL9-mBNmk_00,357,25,2,62.00201609625287,0.0,0.0,2.1112158270654975,0.0,0.0,0.0,0.0,0.0,2_25,1.0,-0.0,9999.0,0.0,120.96375653207448,0.0
lpJL9-mBNmk_00,358,25,2,62.00201609625287,0.0,0.0,2.1112158270654975,0.0,0.0,0.0,0.0,0.0,2_25,1.0,-0.0,9999.0,0.0,120.96375653207448,0.0
lpJL9-mBNmk_00,359,25,2,62.00201609625287,0.0,0.0,2.1112158270654975,0.0,0.0,0.0,0.0,0.0,2_25,1.0,-0.0,9999.0,0.0,120.96375653207448,0.0
lpJL9-mBNmk_00,360,25,2,62.20200961383803,0.0,3.141592653589793,2.1112158270654975,3.141592653589793,0.0,0.0,-0.19999999999998863,0.0,2_25,1.0,-0.19999351758515616,9999.0,180.0,59.036243467925516,0.19999999999998863
lpJL9-mBNmk_00,361,25,2,62.20200961383803,0.0,0.0,2.1112158270654975,3.141592653589793,0.0,0.0,0.0,0.0,2_25,1.0,-0.0,9999.0,0.0,59.036243467925516,0.0
lpJL9-mBNmk_00,362,25,2,62.20200961383803,0.0,0.0,2.1112158270654975,3.141592653589793,0.0,0.0,0.0,0.0,2_25,1.0,-0.0,9999.0,0.0,59.036243467925516,0.0
lpJL9-mBNmk_00,363,25,2,62.20200961383803,0.0,0.0,2.1112158270654975,3.141592653589793,0.0,0.0,0.0,0.0,2_25,1.0,-0.0,9999.0,0.0,59.036243467925516,0.0
lpJL9-mBNmk_00,364,25,2,62.20200961383803,0.0,0.0,2.1112158270654975,3.141592653589793,0.0,0.0,0.0,0.0,2_25,1.0,-0.0,9999.0,0.0,59.036243467925516,0.0
lpJL9-mBNmk_00,365,25,2,62.20200961383803,0.0,0.0,2.1112158270654975,3.141592653589793,0.0,0.0,0.0,0.0,2_25,1.0,-0.0,9999.0,0.0,59.036243467925516,0.0
lpJL9-mBNmk_00,366,25,2,62.20200961383803,0.0,0.0,0.0,3.141592653589793,0.0,0.0,0.0,0.0,2_25,1.0,-0.0,9999.0,0.0,180.0,0.0
lpJL9-mBNmk_00,367,25,2,62.20200961383803,0.0,0.0,0.0,3.141592653589793,0.0,0.0,0.0,0.0,2_25,1.0,-0.0,9999.0,0.0,180.0,0.0
lpJL9-mBNmk_00,368,25,2,62.20200961383803,0.0,0.0,0.0,3.141592653589793,0.0,0.0,0.0,0.0,2_25,1.0,-0.0,9999.0,0.0,180.0,0.0
lpJL9-mBNmk_00,369,25,2,62.20200961383803,0.0,0.0,0.0,3.141592653589793,0.0,0.0,0.0,0.0,2_25,1.0,-0.0,9999.0,0.0,180.0,0.0
lpJL9-mBNmk_00,370,25,2,62.20200961383803,0.0,0.0,0.0,3.141592653589793,0.0,0.0,0.0,0.0,2_25,1.0,-0.0,9999.0,0.0,180.0,0.0
lpJL9-mBNmk_00,371,25,2,62.20200961383803,0.0,0.0,0.0,3.141592653589793,0.0,0.0,0.0,0.0,2_25,1.0,-0.0,9999.0,0.0,180.0,0.0
lpJL9-mBNmk_00,372,25,2,62.20200961383803,0.0,0.0,0.0,3.141592653589793,0.0,0.0,0.0,0.0,2_25,1.0,-0.0,9999.0,0.0,180.0,0.0
lpJL9-mBNmk_00,373,25,2,62.20200961383803,0.0,0.0,0.0,3.141592653589793,0.0,0.0,0.0,0.0,2_25,1.0,-0.0,9999.0,0.0,180.0,0.0
lpJL9-mBNmk_00,374,25,2,62.00201609625287,3.141592653589793,0.0,3.141592653589793,3.141592653589793,-0.19999999999998863,0.0,0.0,0.0,2_25,1.0,0.19999351758515616,310.020128876691,180.0,0.0,0.19999999999998863
lpJL9-mBNmk_00,375,25,2,62.00201609625287,0.0,0.0,3.141592653589793,3.141592653589793,0.0,0.0,0.0,0.0,2_25,1.0,-0.0,9999.0,0.0,0.0,0.0
lpJL9-mBNmk_00,376,25,2,62.00201609625287,0.0,0.0,3.141592653589793,3.141592653589793,0.0,0.0,0.0,0.0,2_25,1.0,-0.0,9999.0,0.0,0.0,0.0
lpJL9-mBNmk_00,377,25,2,62.00201609625287,0.0,0.0,3.141592653589793,3.141592653589793,0.0,0.0,0.0,0.0,2_25,1.0,-0.0,9999.0,0.0,0.0,0.0
lpJL9-mBNmk_00,378,25,2,62.00201609625287,0.0,0.0,3.141592653589793,3.141592653589793,0.0,0.0,0.0,0.0,2_25,1.0,-0.0,9999.0,0.0,0.0,0.0
lpJL9-mBNmk_00,379,25,2,62.00201609625287,0.0,0.0,3.141592653589793,3.141592653589793,0.0,0.0,0.0,0.0,2_25,1.0,-0.0,9999.0,0.0,0.0,0.0
lpJL9-mBNmk_00,380,25,2,62.00201609625287,0.0,0.0,3.141592653589793,0.0,0.0,0.0,0.0,0.0,2_25,1.0,-0.0,9999.0,0.0,180.0,0.0
lpJL9-mBNmk_00,381,25,2,62.00201609625287,0.0,0.0,3.141592653589793,0.0,0.0,0.0,0.0,0.0,2_25,1.0,-0.0,9999.0,0.0,180.0,0.0
lpJL9-mBNmk_00,382,25,2,62.0,0.0,1.5707963267948966,3.141592653589793,1.5707963267948966,0.0,0.0,0.0,0.5,2_25,1.0,0.002016096252873467,30752.499991820183,90.0,90.0,0.5
lpJL9-mBNmk_00,383,25,2,62.0,0.0,0.0,3.141592653589793,1.5707963267948966,0.0,0.0,0.0,0.0,2_25,1.0,-0.0,9999.0,0.0,90.0,0.0
lpJL9-mBNmk_00,384,25,2,62.00806399170998,-1.5707963267948966,1.5707963267948966,-1.951302703907242,1.5707963267948966,0.0,-0.5,0.0,0.5,2_25,1.0,-0.008063991709981622,9999.0,180.0,158.1985905136493,1.0
lpJL9-mBNmk_00,385,25,2,62.00806399170998,0.0,0.0,-1.951302703907242,1.5707963267948966,0.0,0.0,0.0,0.0,2_25,1.0,-0.0,9999.0,0.0,158.1985905136493,0.0
lpJL9-mBNmk_00,386,25,2,62.00806399170998,0.0,0.0,-1.951302703907242,1.5707963267948966,0.0,0.0,0.0,0.0,2_25,1.0,-0.0,9999.0,0.0,158.1985905136493,0.0
lpJL9-mBNmk_00,387,25,2,62.00806399170998,0.0,0.0,-1.951302703907242,1.5707963267948966,0.0,0.0,0.0,0.0,2_25,1.0,-0.0,9999.0,0.0,158.1985905136493,0.0
lpJL9-mBNmk_00,388,25,2,62.00806399170998,0.0,0.0,-1.951302703907242,1.5707963267948966,0.0,0.0,0.0,0.0,2_25,1.0,-0.0,9999.0,0.0,158.1985905136493,0.0
lpJL9-mBNmk_00,389,25,2,62.00806399170998,0.0,0.0,-1.951302703907242,1.5707963267948966,0.0,0.0,0.0,0.0,2_25,1.0,-0.0,9999.0,0.0,158.1985905136493,0.0
lpJL9-mBNmk_00,390,25,2,62.00806399170998,0.0,0.0,-1.951302703907242,1.5707963267948966,0.0,0.0,0.0,0.0,2_25,1.0,-0.0,9999.0,0.0,158.1985905136493,0.0
lpJL9-mBNmk_00,391,25,2,62.00806399170998,0.0,0.0,-1.951302703907242,1.5707963267948966,0.0,0.0,0.0,0.0,2_25,1.0,-0.0,9999.0,0.0,158.1985905136493,0.0
lpJL9-mBNmk_00,392,25,2,62.50199996800102,0.0,-2.356194490192345,-1.951302703907242,2.356194490192345,0.0,0.0,-0.5,-0.5,2_25,1.0,-0.49393597629104136,9999.0,135.0,113.19859051364932,0.7071067811865476
lpJL9-mBNmk_00,393,25,2,62.50199996800102,0.0,0.0,-1.951302703907242,2.356194490192345,0.0,0.0,0.0,0.0,2_25,1.0,-0.0,9999.0,0.0,113.19859051364932,0.0
lpJL9-mBNmk_00,394,25,2,62.00806399170998,0.0,0.7853981633974483,-1.5707963267948966,1.5707963267948966,0.0,0.0,0.5,0.5,2_25,1.0,0.49393597629104136,125.53866688822245,45.0,180.0,0.7071067811865476
lpJL9-mBNmk_00,395,25,2,62.00806399170998,0.0,0.0,-1.5707963267948966,1.5707963267948966,0.0,0.0,0.0,0.0,2_25,1.0,-0.0,9999.0,0.0,180.0,0.0
lpJL9-mBNmk_00,396,25,2,62.00806399170998,0.0,0.0,-1.5707963267948966,1.5707963267948966,0.0,0.0,0.0,0.0,2_25,1.0,-0.0,9999.0,0.0,180.0,0.0
lpJL9-mBNmk_00,397,25,2,62.00806399170998,0.0,0.0,-1.5707963267948966,1.5707963267948966,0.0,0.0,0.0,0.0,2_25,1.0,-0.0,9999.0,0.0,180.0,0.0
lpJL9-mBNmk_00,398,25,2,62.00806399170998,0.0,0.0,-1.5707963267948966,1.5707963267948966,0.0,0.0,0.0,0.0,2_25,1.0,-0.0,9999.0,0.0,180.0,0.0
lpJL9-mBNmk_00,399,25,2,62.208038065831964,0.0,0.0,-1.1902899496825512,1.5707963267948966,0.19999999999998863,0.0,0.0,0.0,2_25,1.0,-0.19997407412198243,9999.0,0.0,158.1985905136493,0.19999999999998863
lpJL9-mBNmk_00,400,25,2,62.50799948806552,0.0,0.0,-0.7853981633974483,1.5707963267948966,0.30000000000001137,0.0,0.0,0.0,2_25,1.0,-0.29996142223355804,9999.0,0.0,135.0,0.30000000000001137
lpJL9-mBNmk_00,411,25,2,62.19999999999999,3.141592653589793,-1.5707963267948966,-1.1902899496825512,-1.5707963267948966,-0.30000000000001137,0.0,0.0,-0.5,2_25,11.0,0.027999953460503043,2221.432263726431,90.00000000000001,21.801409486350696,0.05300865358950326
lpJL9-mBNmk_00,412,25,2,62.20200961383803,0.0,1.5707963267948966,-1.1902899496825512,0.0,0.0,0.0,0.0,0.5,2_25,1.0,-0.002009613838040991,9999.0,90.0,68.19859051364931,0.5
lpJL9-mBNmk_00,413,25,2,62.20200961383803,0.0,0.0,-1.1902899496825512,0.0,0.0,0.0,0.0,0.0,2_25,1.0,-0.0,9999.0,0.0,68.19859051364931,0.0
lpJL9-mBNmk_00,414,25,2,62.20200961383803,0.0,0.0,0.0,-1.5707963267948966,0.0,0.0,0.0,0.0,2_25,1.0,-0.0,9999.0,0.0,90.0,0.0
lpJL9-mBNmk_00,415,25,2,62.20200961383803,0.0,0.0,0.0,-1.5707963267948966,0.0,0.0,0.0,0.0,2_25,1.0,-0.0,9999.0,0.0,90.0,0.0
lpJL9-mBNmk_00,416,25,2,62.50199996800102,0.0,0.0,0.0,-1.5707963267948966,0.30000000000001137,0.0,0.0,0.0,2_25,1.0,-0.29999035416299336,9999.0,0.0,90.0,0.30000000000001137
lpJL9-mBNmk_00,417,25,2,62.50199996800102,0.0,0.0,0.0,-1.5707963267948966,0.0,0.0,0.0,0.0,2_25,1.0,-0.0,9999.0,0.0,90.0,0.0
lpJL9-mBNmk_00,418,25,2,62.50199996800102,0.0,0.0,0.0,-1.5707963267948966,0.0,0.0,0.0,0.0,2_25,1.0,-0.0,9999.0,0.0,90.0,0.0
lpJL9-mBNmk_00,419,25,2,62.50199996800102,0.0,0.0,0.0,-1.5707963267948966,0.0,0.0,0.0,0.0,2_25,1.0,-0.0,9999.0,0.0,90.0,0.0
lpJL9-mBNmk_00,420,25,2,62.50199996800102,0.0,0.0,0.0,-1.5707963267948966,0.0,0.0,0.0,0.0,2_25,1.0,-0.0,9999.0,0.0,90.0,0.0
lpJL9-mBNmk_00,421,25,2,62.50199996800102,0.0,0.0,0.0,-1.5707963267948966,0.0,0.0,0.0,0.0,2_25,1.0,-0.0,9999.0,0.0,90.0,0.0
lpJL9-mBNmk_00,422,25,2,62.50199996800102,0.0,0.0,0.0,-1.5869239606385328,0.0,0.0,0.0,0.0,2_25,1.0,-0.0,9999.0,0.0,90.92404535277271,0.0
lpJL9-mBNmk_00,423,25,2,62.19999999999999,3.141592653589793,-1.5707963267948966,0.0,-1.1071487177940904,-0.30000000000001137,0.0,0.0,-0.5,2_25,1.0,0.30199996800103435,205.96028672356334,90.00000000000001,63.43494882292201,0.5830951894845359
lpJL9-mBNmk_00,424,25,2,62.50199996800102,0.0,1.5707963267948966,0.0,-1.5707963267948966,0.30000000000001137,0.0,0.0,0.5,2_25,1.0,-0.30199996800103435,9999.0,90.0,90.0,0.5830951894845359
lpJL9-mBNmk_00,425,25,2,63.00198409574099,0.0,3.141592653589793,0.0,-2.0344439357957027,0.0,0.0,-0.5,0.0,2_25,1.0,-0.4999841277399639,9999.0,180.0,116.56505117707799,0.5
lpJL9-mBNmk_00,426,25,2,63.00198409574099,0.0,0.0,0.0,3.141592653589793,0.0,0.0,0.0,0.0,2_25,1.0,-0.0,9999.0,0.0,180.0,0.0
lpJL9-mBNmk_00,427,25,2,62.50199996800102,0.0,0.0,0.0,2.0344439357957027,0.0,0.0,0.5,0.0,2_25,1.0,0.4999841277399639,125.00796825395946,0.0,116.56505117707799,0.5
lpJL9-mBNmk_00,428,25,2,62.50199996800102,0.0,0.0,0.0,0.0,0.0,0.0,0.0,0.0,2_25,1.0,-0.0,9999.0,0.0,0.0,0.0
lpJL9-mBNmk_00,429,25,2,62.50199996800102,0.0,0.0,0.0,0.0,0.0,0.0,0.0,0.0,2_25,1.0,-0.0,9999.0,0.0,0.0,0.0
lpJL9-mBNmk_00,430,25,2,62.50199996800102,0.0,0.0,0.0,0.0,0.0,0.0,0.0,0.0,2_25,1.0,-0.0,9999.0,0.0,0.0,0.0
lpJL9-mBNmk_00,431,25,2,62.50199996800102,0.0,0.0,0.0,1.5707963267948966,0.0,0.0,0.0,0.0,2_25,1.0,-0.0,9999.0,0.0,90.0,0.0
lpJL9-mBNmk_00,432,25,2,62.20200961383803,3.141592653589793,0.0,0.0,0.0,-0.30000000000001137,0.0,0.0,0.0,2_25,1.0,0.29999035416299336,207.34669882099575,180.0,0.0,0.30000000000001137
lpJL9-mBNmk_00,433,25,2,62.50199996800102,0.0,0.0,0.0,0.0,0.30000000000001137,0.0,0.0,0.0,2_25,1.0,-0.29999035416299336,9999.0,0.0,0.0,0.30000000000001137
lpJL9-mBNmk_00,434,25,2,62.50199996800102,0.0,0.0,0.0,0.0,0.0,0.0,0.0,0.0,2_25,1.0,-0.0,9999.0,0.0,0.0,0.0
lpJL9-mBNmk_00,435,25,2,62.50199996800102,0.0,0.0,0.0,0.0,0.0,0.0,0.0,0.0,2_25,1.0,-0.0,9999.0,0.0,0.0,0.0
lpJL9-mBNmk_00,436,25,2,62.50199996800102,0.0,0.0,0.0,0.0,0.0,0.0,0.0,0.0,2_25,1.0,-0.0,9999.0,0.0,0.0,0.0
lpJL9-mBNmk_00,437,25,2,62.50199996800102,0.0,0.0,0.0,0.0,0.0,0.0,0.0,0.0,2_25,1.0,-0.0,9999.0,0.0,0.0,0.0
lpJL9-mBNmk_00,438,25,2,62.50199996800102,0.0,0.0,0.0,0.0,0.0,0.0,0.0,0.0,2_25,1.0,-0.0,9999.0,0.0,0.0,0.0
lpJL9-mBNmk_00,439,25,2,62.50199996800102,0.0,0.0,0.0,0.0,0.0,0.0,0.0,0.0,2_25,1.0,-0.0,9999.0,0.0,0.0,0.0
lpJL9-mBNmk_00,440,25,2,62.801990414317295,0.0,3.141592653589793,0.0,3.141592653589793,0.0,0.0,-0.30000000000001137,0.0,2_25,1.0,-0.29999044631627214,9999.0,180.0,180.0,0.30000000000001137
lpJL9-mBNmk_00,441,25,2,62.801990414317295,0.0,0.0,0.0,3.141592653589793,0.0,0.0,0.0,0.0,2_25,1.0,-0.0,9999.0,0.0,180.0,0.0
lpJL9-mBNmk_00,442,25,2,62.801990414317295,0.0,0.0,0.0,3.141592653589793,0.0,0.0,0.0,0.0,2_25,1.0,-0.0,9999.0,0.0,180.0,0.0
lpJL9-mBNmk_00,443,25,2,62.50199996800102,0.0,0.0,0.0,1.5707963267948966,0.0,0.0,0.30000000000001137,0.0,2_25,1.0,0.29999044631627214,208.3466348195195,0.0,90.0,0.30000000000001137
lpJL9-mBNmk_00,444,25,2,62.50199996800102,0.0,0.0,0.0,0.0,0.0,0.0,0.0,0.0,2_25,1.0,-0.0,9999.0,0.0,0.0,0.0
lpJL9-mBNmk_00,445,25,2,62.50199996800102,0.0,0.0,0.0,0.0,0.0,0.0,0.0,0.0,2_25,1.0,-0.0,9999.0,0.0,0.0,0.0
lpJL9-mBNmk_00,446,25,2,62.50199996800102,0.0,0.0,0.0,0.0,0.0,0.0,0.0,0.0,2_25,1.0,-0.0,9999.0,0.0,0.0,0.0
lpJL9-mBNmk_00,447,25,2,62.5,1.5707963267948966,0.0,1.5707963267948966,0.0,0.0,0.5,0.0,0.0,2_25,1.0,0.001999968001022978,31250.499992015582,90.0,90.0,0.5
lpJL9-mBNmk_00,448,25,2,62.5,0.0,0.0,1.5707963267948966,0.0,0.0,0.0,0.0,0.0,2_25,1.0,-0.0,9999.0,0.0,90.0,0.0
lpJL9-mBNmk_00,449,25,2,62.5,0.0,0.0,1.5707963267948966,0.0,0.0,0.0,0.0,0.0,2_25,1.0,-0.0,9999.0,0.0,90.0,0.0
lpJL9-mBNmk_00,0,3,2,701.9569538084226,0.0,0.0,0.0,0.0,,,,,2_3,,0.0,9999.0,0.0,0.0,0.0
lpJL9-mBNmk_00,1,3,2,701.9569538084226,0.0,0.0,0.0,0.0,0.0,0.0,0.0,0.0,2_3,1.0,-0.0,9999.0,0.0,0.0,0.0
lpJL9-mBNmk_00,2,3,2,702.0004077634144,-1.5707963267948966,0.0,-1.5707963267948966,0.0,0.0,-0.04999999999999716,0.0,0.0,2_3,1.0,-0.04345395499183269,9999.0,90.0,90.0,0.04999999999999716
lpJL9-mBNmk_00,3,3,2,702.0004077634144,0.0,0.0,-1.5707963267948966,0.0,0.0,0.0,0.0,0.0,2_3,1.0,-0.0,9999.0,0.0,90.0,0.0
lpJL9-mBNmk_00,4,3,2,702.0004077634144,0.0,0.0,-1.5707963267948966,0.0,0.0,0.0,0.0,0.0,2_3,1.0,-0.0,9999.0,0.0,90.0,0.0
lpJL9-mBNmk_00,5,3,2,701.9509473602839,0.0,0.0,-0.46364760900077767,0.0,0.10000000000000142,0.0,0.0,0.0,2_3,1.0,0.049460403130524355,14192.180065897537,0.0,26.565051177076366,0.10000000000000142
lpJL9-mBNmk_00,6,3,2,701.9509473602839,0.0,0.0,-0.4636476090007778,0.0,0.0,0.0,0.0,0.0,2_3,1.0,-0.0,9999.0,0.0,26.56505117707637,0.0
lpJL9-mBNmk_00,7,3,2,701.975676216776,3.141592653589793,0.0,-0.7853981633974483,0.0,-0.05000000000000426,0.0,0.0,0.0,2_3,1.0,-0.0247288564921746,9999.0,180.0,45.0,0.05000000000000426
lpJL9-mBNmk_00,8,3,2,701.9569538084226,2.356194490192345,0.0,0.0,0.0,-0.04999999999999716,0.04999999999999716,0.0,0.0,2_3,1.0,0.018722408353482933,37492.87701428846,135.0,0.0,0.07071067811865074
lpJL9-mBNmk_00,9,3,2,701.9569538084226,0.0,0.0,0.0,0.0,0.0,0.0,0.0,0.0,2_3,1.0,-0.0,9999.0,0.0,0.0,0.0
lpJL9-mBNmk_00,10,3,2,701.9569538084226,0.0,0.0,0.0,0.0,0.0,0.0,0.0,0.0,2_3,1.0,-0.0,9999.0,0.0,0.0,0.0
lpJL9-mBNmk_00,11,3,2,701.8333153249423,0.0,3.141592653589793,0.0,3.141592653589793,0.0,0.0,-0.25,0.0,2_3,1.0,0.1236384834802493,5676.495663561394,180.0,180.0,0.25
lpJL9-mBNmk_00,12,3,2,701.9569538084226,0.0,0.0,0.0,0.0,0.0,0.0,0.25,0.0,2_3,1.0,-0.1236384834802493,9999.0,0.0,0.0,0.25
lpJL9-mBNmk_00,13,3,2,701.7097441250193,0.0,3.141592653589793,0.0,3.141592653589793,0.0,0.0,-0.5,0.0,2_3,1.0,0.24720968340329819,2838.5204594928796,180.0,180.0,0.5
lpJL9-mBNmk_00,35,3,2,702.0559130154805,2.0344439357957027,0.0,3.1415926535897576,0.0,-0.05000000000000426,0.10000000000000853,0.0,0.0,2_3,22.0,-0.015734949566422074,9999.0,116.56505117707799,179.99999999999795,0.0050819726761363185
lpJL9-mBNmk_00,36,3,2,702.0311691798306,-1.4210854715200792e-13,0.0,3.141592653589793,0.0,0.05000000000000426,-7.105427357601002e-15,0.0,0.0,2_3,1.0,0.02474383564992877,28371.96217724844,8.142219984545908e-12,180.0,0.05000000000000426
lpJL9-mBNmk_00,37,3,2,701.9135007249824,0.3217505543966706,0.0,1.5707963267948966,0.0,0.14999999999999858,0.05000000000000426,0.0,0.0,2_3,1.0,0.11766845484817168,5965.17989150674,18.434948822923644,90.0,0.15811388300841897
lpJL9-mBNmk_00,38,3,2,701.8827626462984,-2.67794504458893,3.141592653589793,3.141592653589793,3.141592653589793,-0.09999999999999432,-0.05000000000000426,-0.25,0.0,2_3,1.0,0.03073807868406675,22834.30821621662,26.565051177081266,0.0,0.15811388300842572
lpJL9-mBNmk_00,39,3,2,701.9322207307483,4.73695157173427e-14,0.0,1.4210854715202814e-13,0.0,0.14999999999999147,7.105427357601002e-15,0.25,0.0,2_3,1.0,-0.049458084449952366,9999.0,2.714073328182355e-12,8.142219984547067e-12,0.10000000000000853
lpJL9-mBNmk_00,40,3,2,701.7344529806128,-3.141592653589722,3.141592653589793,3.141592653589793,3.141592653589793,-0.09999999999999432,-7.105427357601002e-15,-0.5,0.0,2_3,1.0,0.19776775013554015,3548.2754518857546,4.085143410870372e-12,0.0,0.4000000000000057
lpJL9-mBNmk_00,41,3,2,701.7532133877265,-0.7853981633974483,0.0,-1.5707963267948966,3.141592653589793,0.04999999999999716,-0.04999999999999716,0.0,0.0,2_3,1.0,-0.018760407113745714,9999.0,45.0,90.00000000000001,0.07071067811865074
lpJL9-mBNmk_00,42,3,2,701.7097441250193,1.5707963267948966,0.0,1.5707963267948966,3.141592653589793,0.0,0.04999999999999716,0.0,0.0,2_3,1.0,0.04346926270727636,16142.664964215264,90.0,90.0,0.04999999999999716
lpJL9-mBNmk_00,43,3,2,702.0004077634144,-1.5707963267948966,0.0,0.0,0.0,0.0,-0.04999999999999716,0.5,0.0,2_3,1.0,-0.2906636383951309,9999.0,90.0,0.0,0.5024937810560443
lpJL9-mBNmk_00,44,3,2,702.06859529536,-2.356194490192345,0.0,-2.819842099193165,0.0,-0.04999999999999716,-0.04999999999999716,0.0,0.0,2_3,1.0,-0.06818753194556848,9999.0,135.0,161.5650511770788,0.07071067811865074
lpJL9-mBNmk_00,45,3,2,701.8401545223813,-0.7853981633975192,3.141592653589793,-1.5707963267948966,3.141592653589793,0.04999999999999716,-0.05000000000000426,-0.5,0.0,2_3,1.0,0.22844077297861531,3072.3068626110876,134.99999999999594,90.00000000000001,0.5522680508593606
lpJL9-mBNmk_00,46,3,2,702.0873182874051,0.0,0.0,-2.356194490192345,0.0,0.0,0.0,0.5,0.0,2_3,1.0,-0.2471637650237426,9999.0,0.0,135.0,0.5
lpJL9-mBNmk_00,47,3,2,702.0625898023623,0.0,0.0,-1.1071487177941188,0.0,0.04999999999999716,0.0,0.0,0.0,2_3,1.0,0.024728485042828652,28390.84515636201,0.0,63.43494882292364,0.04999999999999716
lpJL9-mBNmk_00,48,3,2,702.5713575858327,-2.3036114285813984,3.141592653589793,-2.1587989303424613,3.141592653589793,-0.44999999999999574,-0.5,-0.30000000000001137,0.0,2_3,1.0,-0.5087677834704891,9999.0,48.01278750418365,56.30993247402036,0.522015325445523
lpJL9-mBNmk_00,49,3,2,702.5091600826283,2.034443935795731,0.0,-2.303611428581406,3.141592653589793,-0.05000000000000426,0.10000000000000142,0.0,0.0,2_3,1.0,0.06219750320440198,11294.812876554646,116.56505117707962,48.01278750418319,0.11180339887499267
lpJL9-mBNmk_00,50,3,2,702.5466390212111,-0.7853981633974483,0.0,-2.034443935795707,3.141592653589793,0.10000000000000142,-0.10000000000000142,0.0,0.0,2_3,1.0,-0.03747893858280804,9999.0,45.0,63.434948822921754,0.14142135623731153
lpJL9-mBNmk_00,51,3,2,702.7197254240128,3.141592653589793,0.0,-2.0988707752212568,0.0,-0.04999999999999716,0.0,0.30000000000001137,0.0,2_3,1.0,-0.17308640280168675,9999.0,180.0,120.2564371635293,0.3500000000000085
lpJL9-mBNmk_00,52,3,2,702.7197254240128,0.0,0.0,-1.965587446494653,0.0,0.0,0.0,0.0,0.0,2_3,1.0,-0.0,9999.0,0.0,112.61986494804013,0.0
lpJL9-mBNmk_00,53,3,2,702.6949907321099,0.0,0.0,-1.9974238199217853,3.141592653589793,0.04999999999999716,0.0,0.0,0.0,2_3,1.0,0.024734691902949635,28409.288196887257,0.0,65.55604521958276,0.04999999999999716
lpJL9-mBNmk_00,54,3,2,702.7197254240128,3.141592653589793,0.0,-1.9974238199217746,0.0,-0.04999999999999716,0.0,0.0,0.0,2_3,1.0,-0.024734691902949635,9999.0,180.0,114.44395478041665,0.04999999999999716
lpJL9-mBNmk_00,55,3,2,702.7444628028029,3.141592653589793,0.0,-1.9379701606131128,0.0,-0.05000000000000426,0.0,0.0,0.0,2_3,1.0,-0.024737378790064213,9999.0,180.0,111.03751102542165,0.05000000000000426
lpJL9-mBNmk_00,56,3,2,702.7197254240128,0.0,0.0,-1.9379701606131166,0.0,0.05000000000000426,0.0,0.0,0.0,2_3,1.0,0.024737378790064213,28407.202371265816,0.0,111.03751102542186,0.05000000000000426
lpJL9-mBNmk_00,57,3,2,702.7197254240128,0.0,0.0,-2.0899424410414165,0.0,0.0,0.0,0.0,0.0,2_3,1.0,-0.0,9999.0,0.0,119.74488129694205,0.0
lpJL9-mBNmk_00,58,3,2,702.7197254240128,0.0,0.0,-2.0032041023654408,0.0,0.0,0.0,0.0,0.0,2_3,1.0,-0.0,9999.0,0.0,114.77514056883228,0.0
lpJL9-mBNmk_00,59,3,2,702.6575624014873,2.034443935795731,0.0,-2.3086113869153575,0.0,-0.05000000000000426,0.10000000000000142,0.0,0.0,2_3,1.0,0.062163022525510314,11303.465208969406,116.56505117707962,132.27368900609352,0.11180339887499267
lpJL9-mBNmk_00,60,3,2,702.7752450108071,-0.7853981633973773,0.0,-2.098870775221262,0.0,0.05000000000000426,-0.04999999999999716,0.19999999999998863,0.0,2_3,1.0,-0.11768260931978602,9999.0,44.99999999999594,120.2564371635296,0.15811388300840323
lpJL9-mBNmk_00,61,3,2,702.6762732581768,0.0,3.141592653589793,-2.1995926132103305,0.0,0.0,0.0,-0.19999999999998863,0.0,2_3,1.0,0.09897175263029112,7099.7658885866485,180.0,126.02737338510366,0.19999999999998863
lpJL9-mBNmk_00,62,3,2,702.7010121666256,3.141592653589793,0.0,-2.214297435588189,0.0,-0.05000000000000426,0.0,0.0,0.0,2_3,1.0,-0.024738908448739494,9999.0,180.0,126.86989764584447,0.05000000000000426
lpJL9-mBNmk_00,63,3,2,702.7317998354707,0.7853981633973773,0.0,-2.245537269018447,0.0,0.05000000000000426,0.04999999999999716,0.19999999999998863,0.0,2_3,1.0,-0.030787668845164262,9999.0,44.99999999999594,128.65980825408997,0.15811388300840323
lpJL9-mBNmk_00,64,3,2,702.7752450108071,-1.5707963267948966,0.0,-2.1815222911841072,0.0,0.0,-0.04999999999999716,0.0,0.0,2_3,1.0,-0.043445175336387365,9999.0,90.0,124.99202019855878,0.04999999999999716
lpJL9-mBNmk_00,65,3,2,702.7752450108071,0.0,0.0,-2.297438667476625,0.0,0.0,0.0,0.0,0.0,2_3,1.0,-0.0,9999.0,0.0,131.63353933657038,0.0
lpJL9-mBNmk_00,66,3,2,702.7752450108071,0.0,0.0,-2.297438667476625,0.0,0.0,0.0,0.0,0.0,2_3,1.0,-0.0,9999.0,0.0,131.63353933657038,0.0
lpJL9-mBNmk_00,67,3,2,702.6575624014873,2.356194490192416,3.141592653589793,-2.4668517113662425,0.0,-0.05000000000000426,0.04999999999999716,-0.19999999999998863,0.0,2_3,1.0,0.11768260931978602,5970.785033259363,44.99999999999593,141.34019174591003,0.15811388300840323
lpJL9-mBNmk_00,68,3,2,702.6762732581768,-0.7853981633973773,0.0,1.5707963267948966,0.0,0.05000000000000426,-0.04999999999999716,0.0,0.0,2_3,1.0,-0.018710856689494904,9999.0,44.99999999999594,90.0,0.07071067811865576
lpJL9-mBNmk_00,69,3,2,702.6328219632214,1.5707963267948966,0.0,0.0,0.0,0.0,0.04999999999999716,0.0,0.0,2_3,1.0,0.04345129495538913,16170.584160601087,90.0,0.0,0.04999999999999716
lpJL9-mBNmk_00,70,3,2,702.6575624014873,3.141592653589793,0.0,2.356194490192345,0.0,-0.05000000000000426,0.0,0.0,0.0,2_3,1.0,-0.024740438265894227,9999.0,180.0,135.0,0.05000000000000426
lpJL9-mBNmk_00,71,3,2,702.7010121666256,-1.5707963267948966,0.0,2.356194490192416,0.0,0.0,-0.05000000000000426,0.0,0.0,2_3,1.0,-0.0434497651382344,9999.0,90.0,135.00000000000406,0.05000000000000426
lpJL9-mBNmk_00,72,3,2,702.725753761736,3.141592653589793,0.0,2.6779450445890154,0.0,-0.04999999999999716,0.0,0.0,0.0,2_3,1.0,-0.024741595110413073,9999.0,180.0,153.43494882292364,0.04999999999999716
lpJL9-mBNmk_00,73,3,2,702.725753761736,0.0,0.0,2.819842099193165,0.0,0.0,0.0,0.0,0.0,2_3,1.0,-0.0,9999.0,0.0,161.5650511770788,0.0
lpJL9-mBNmk_00,74,3,2,702.7010121666256,0.0,0.0,2.356194490192416,0.0,0.04999999999999716,0.0,0.0,0.0,2_3,1.0,0.024741595110413073,28401.605031151674,0.0,135.00000000000406,0.04999999999999716
lpJL9-mBNmk_00,75,3,2,702.7504980432244,3.141592653589793,0.0,2.677945044588987,0.0,-0.09999999999999432,0.0,0.0,0.0,2_3,1.0,-0.049485876598851064,9999.0,180.0,153.434948822922,0.09999999999999432
lpJL9-mBNmk_00,76,3,2,702.7504980432244,0.0,0.0,2.819842099193165,0.0,0.0,0.0,0.0,0.0,2_3,1.0,-0.0,9999.0,0.0,161.5650511770788,0.0
lpJL9-mBNmk_00,77,3,2,702.7504980432244,0.0,0.0,2.819842099193165,0.0,0.0,0.0,0.0,0.0,2_3,1.0,-0.0,9999.0,0.0,161.5650511770788,0.0
lpJL9-mBNmk_00,78,3,2,702.7504980432244,0.0,0.0,2.819842099193165,0.0,0.0,0.0,0.0,0.0,2_3,1.0,-0.0,9999.0,0.0,161.5650511770788,0.0
lpJL9-mBNmk_00,79,3,2,702.725753761736,0.0,0.0,-2.356194490192274,0.0,0.04999999999999716,0.0,0.0,0.0,2_3,1.0,0.02474428148843799,28399.52148499812,0.0,134.99999999999594,0.04999999999999716
lpJL9-mBNmk_00,80,3,2,702.7504980432244,3.141592653589793,0.0,-3.1415926535897456,3.141592653589793,-0.04999999999999716,0.0,0.0,0.0,2_3,1.0,-0.02474428148843799,9999.0,180.0,2.7620326633815484e-12,0.04999999999999716
lpJL9-mBNmk_00,81,3,2,702.725753761736,0.0,0.0,-3.141592653589722,0.0,0.04999999999999716,0.0,0.0,0.0,2_3,1.0,0.02474428148843799,28399.52148499812,0.0,179.99999999999594,0.04999999999999716
lpJL9-mBNmk_00,82,3,2,702.725753761736,0.0,0.0,-3.141592653589651,0.0,0.0,0.0,0.0,0.0,2_3,1.0,-0.0,9999.0,0.0,179.99999999999184,0.0
lpJL9-mBNmk_00,83,3,2,702.725753761736,0.0,0.0,-2.6779450445889585,3.141592653589793,0.0,0.0,0.0,0.0,2_3,1.0,-0.0,9999.0,0.0,26.56505117707964,0.0
lpJL9-mBNmk_00,84,3,2,702.7504980432244,3.141592653589793,0.0,-3.1415926535897456,3.141592653589793,-0.04999999999999716,0.0,0.0,0.0,2_3,1.0,-0.02474428148843799,9999.0,180.0,2.7620326633815484e-12,0.04999999999999716
lpJL9-mBNmk_00,85,3,2,702.725753761736,0.0,0.0,-3.141592653589722,3.141592653589793,0.04999999999999716,0.0,0.0,0.0,2_3,1.0,0.02474428148843799,28399.52148499812,0.0,4.085143410870372e-12,0.04999999999999716
lpJL9-mBNmk_00,86,3,2,702.725753761736,0.0,0.0,-3.141592653589722,3.141592653589793,0.0,0.0,0.0,0.0,2_3,1.0,-0.0,9999.0,0.0,4.085143410870372e-12,0.0
lpJL9-mBNmk_00,87,3,2,702.7752450108071,3.141592653589793,0.0,-2.8198420991931226,0.0,-0.10000000000000142,0.0,0.0,0.0,2_3,1.0,-0.049491249071138554,9999.0,180.0,161.56505117707636,0.10000000000000142
lpJL9-mBNmk_00,88,3,2,702.7070513378958,0.7853981633974483,0.0,2.819842099193165,0.0,0.05000000000000426,0.05000000000000426,0.0,0.0,2_3,1.0,0.06819367291132039,10304.57843576928,45.0,161.5650511770788,0.07071067811866079
lpJL9-mBNmk_00,89,3,2,702.7070513378958,0.0,0.0,3.141592653589793,0.0,0.0,0.0,0.0,0.0,2_3,1.0,-0.0,9999.0,0.0,180.0,0.0
lpJL9-mBNmk_00,253,33,2,764.8797291077859,0.0,0.0,0.0,0.0,,,0.0,0.0,2_33,,0.0,9999.0,0.0,0.0,0.0
lpJL9-mBNmk_00,254,33,2,764.7094628027039,1.5707963267948966,0.0,1.5707963267948966,0.0,0.0,0.25,0.0,0.0,2_33,1.0,0.17026630508200924,4491.255403906131,90.0,90.0,0.25
lpJL9-mBNmk_00,255,33,2,766.0728180140579,-1.5707963267948966,0.0,-1.5707963267948966,0.0,0.0,-2.0,0.0,0.0,2_33,1.0,-1.363355211354019,9999.0,90.0,90.0,2.0
lpJL9-mBNmk_00,256,33,2,765.3907907075967,1.5707963267948966,0.0,-1.5707963267948966,0.0,0.0,1.0,0.0,0.0,2_33,1.0,0.6820273064612365,1122.2289539679862,90.0,90.0,1.0
lpJL9-mBNmk_00,257,33,2,765.4248754776656,-1.5707963267948966,0.0,-1.5707963267948966,0.0,0.0,-0.05000000000001137,0.0,0.0,2_33,1.0,-0.034084770068943726,9999.0,90.0,90.0,0.05000000000001137
lpJL9-mBNmk_00,258,33,2,765.6784654801256,-1.5707963267948966,3.141592653589793,-1.5707963267948966,0.0,0.0,-0.04999999999998295,-0.30000000000001137,0.0,2_33,1.0,-0.25359000245998686,9999.0,90.00000000000001,90.0,0.3041381265149194
lpJL9-mBNmk_00,259,33,2,765.644388734091,1.5707963267948966,0.0,-1.5707963267948966,0.0,0.0,0.04999999999998295,0.0,0.0,2_33,1.0,0.034076746034656935,22468.23649052086,90.0,90.0,0.04999999999998295
lpJL9-mBNmk_00,260,33,2,765.7125439745648,-1.5707963267948966,0.0,-1.5707963267948966,0.0,0.0,-0.09999999999999432,0.0,0.0,2_33,1.0,-0.06815524047385679,9999.0,90.0,90.0,0.09999999999999432
lpJL9-mBNmk_00,261,33,2,765.6784654801256,1.5707963267948966,0.0,-1.5707963267948966,0.0,0.0,0.05000000000001137,0.0,0.0,2_33,1.0,0.03407849443919986,22468.08370147303,90.0,90.0,0.05000000000001137
lpJL9-mBNmk_00,262,33,2,765.644388734091,1.5707963267948966,0.0,-1.5707963267948966,0.0,0.0,0.04999999999998295,0.0,0.0,2_33,1.0,0.034076746034656935,22468.23649052086,90.0,90.0,0.04999999999998295
lpJL9-mBNmk_00,263,33,2,765.7807062077236,-1.5707963267948966,0.0,-1.5707963267948966,0.0,0.0,-0.19999999999998863,0.0,0.0,2_33,1.0,-0.13631747363263003,9999.0,90.0,90.0,0.19999999999998863
lpJL9-mBNmk_00,264,33,2,764.588878090703,1.5707963267948966,0.0,1.5707963267948966,0.0,0.0,1.75,0.0,0.0,2_33,1.0,1.1918281170205773,641.5261287861546,90.0,90.0,1.75
lpJL9-mBNmk_00,265,33,2,765.8147899459764,-1.5707963267948966,0.0,-1.5707963267948966,0.0,0.0,-1.8000000000000114,0.0,0.0,2_33,1.0,-1.2259118552733526,9999.0,90.0,90.0,1.8000000000000114
lpJL9-mBNmk_00,266,33,2,764.4187922860086,1.5707963267948966,0.0,1.5707963267948966,0.0,0.0,2.0500000000000114,0.0,0.0,2_33,1.0,1.3959976599677475,547.5788493110149,90.0,90.0,2.0500000000000114
lpJL9-mBNmk_00,267,33,2,766.2249082351734,-1.5707963267948966,3.141592653589793,-1.5707963267948966,3.141592653589793,0.0,-1.9000000000000057,-0.6999999999999886,0.0,2_33,1.0,-1.8061159491647913,9999.0,90.00000000000001,90.00000000000001,2.02484567313166
lpJL9-mBNmk_00,268,33,2,765.7907612396483,1.5707963267948966,0.0,-1.5707963267948966,0.0,0.0,0.09999999999999432,0.5,0.0,2_33,1.0,0.4341469955251114,1763.8974106302537,90.0,90.0,0.5099019513592773
lpJL9-mBNmk_00,269,33,2,765.8589034541545,-1.5707963267948966,0.0,-1.5707963267948966,0.0,0.0,-0.09999999999999432,0.0,0.0,2_33,1.0,-0.06814221450622426,9999.0,90.0,90.0,0.09999999999999432
lpJL9-mBNmk_00,270,33,2,765.7807062077236,-1.5707963267948966,0.0,-1.5707963267948966,3.141592653589793,0.0,-0.09999999999999432,0.19999999999998863,0.0,2_33,1.0,0.07819724643093195,9792.936978722168,90.0,90.00000000000001,0.22360679774996628
lpJL9-mBNmk_00,271,33,2,764.6334154351351,1.5707963267948966,3.141592653589793,1.5707963267948966,3.141592653589793,0.0,1.9000000000000057,-0.19999999999998863,0.0,2_33,1.0,1.1472907725884625,666.4687224059214,90.0,90.0,1.9104973174542845
lpJL9-mBNmk_00,272,33,2,763.7837210231703,1.5707963267948966,0.0,1.5707963267948966,3.141592653589793,0.0,1.25,0.0,0.0,2_33,1.0,0.8496944119648333,898.8922491051776,90.0,90.0,1.25
lpJL9-mBNmk_00,273,33,2,763.7157930146528,1.5707963267948966,0.0,1.5707963267948966,3.141592653589793,0.0,0.09999999999999432,0.0,0.0,2_33,1.0,0.0679280085174696,11243.017566431992,90.0,90.0,0.09999999999999432
lpJL9-mBNmk_00,274,33,2,763.7497561374406,-1.5707963267948966,0.0,1.5707963267948966,3.141592653589793,0.0,-0.05000000000001137,0.0,0.0,2_33,1.0,-0.033963122787781685,9999.0,90.0,90.0,0.05000000000001137
lpJL9-mBNmk_00,275,33,2,763.7157930146528,1.5707963267948966,0.0,1.5707963267948966,3.141592653589793,0.0,0.05000000000001137,0.0,0.0,2_33,1.0,0.033963122787781685,22486.61873016581,90.0,90.0,0.05000000000001137
lpJL9-mBNmk_00,276,33,2,763.7157930146528,0.0,0.0,1.5707963267948966,3.141592653589793,0.0,0.0,0.0,0.0,2_33,1.0,-0.0,9999.0,0.0,90.0,0.0
lpJL9-mBNmk_00,277,33,2,763.8856262556587,-1.5707963267948966,0.0,1.5707963267948966,3.141592653589793,0.0,-0.25,0.0,0.0,2_33,1.0,-0.1698332410059038,9999.0,90.0,90.0,0.25
lpJL9-mBNmk_00,278,33,2,763.7295414608499,1.5707963267948966,3.141592653589793,1.5707963267948966,3.141592653589793,0.0,0.5,-0.25,0.0,2_33,1.0,0.15608479480886217,4893.042543933222,90.0,90.0,0.5590169943749475
lpJL9-mBNmk_00,279,33,2,763.3762588003376,1.5707963267948966,0.0,1.5707963267948966,3.141592653589793,0.0,0.25,0.25,0.0,2_33,1.0,0.35328266051226365,2160.808735117183,90.0,90.0,0.3535533905932738
lpJL9-mBNmk_00,280,33,2,763.2065578858715,1.5707963267948966,0.0,1.5707963267948966,3.141592653589793,0.0,0.25,0.0,0.0,2_33,1.0,0.16970091446614788,4497.3626705949,90.0,90.0,0.25
lpJL9-mBNmk_00,281,33,2,763.4781005372715,-1.5707963267948966,0.0,1.5707963267948966,3.141592653589793,0.0,-0.4000000000000057,0.0,0.0,2_33,1.0,-0.2715426514000683,9999.0,90.0,90.0,0.4000000000000057
lpJL9-mBNmk_00,282,33,2,763.4781005372715,0.0,0.0,1.5707963267948966,3.141592653589793,0.0,0.0,0.0,0.0,2_33,1.0,-0.0,9999.0,0.0,90.0,0.0
lpJL9-mBNmk_00,283,33,2,763.4781005372715,0.0,0.0,1.5707963267948966,3.141592653589793,0.0,0.0,0.0,0.0,2_33,1.0,-0.0,9999.0,0.0,90.0,0.0
lpJL9-mBNmk_00,284,33,2,763.8452461068276,0.0,3.141592653589793,1.5707963267948966,3.141592653589793,0.0,0.0,-0.5,0.0,2_33,1.0,-0.3671455695561008,9999.0,180.0,90.0,0.5
lpJL9-mBNmk_00,285,33,2,763.7095259324713,1.5707963267948966,0.0,1.5707963267948966,3.141592653589793,0.0,0.20000000000001705,0.0,0.0,2_33,1.0,0.13572017435637918,5627.089189607831,90.0,90.0,0.20000000000001705
lpJL9-mBNmk_00,286,33,2,764.2525760506143,-1.5707963267948966,0.0,1.5707963267948966,3.141592653589793,0.0,-0.8000000000000114,0.0,0.0,2_33,1.0,-0.5430501181430145,9999.0,90.0,90.0,0.8000000000000114
lpJL9-mBNmk_00,287,33,2,764.2525760506143,0.0,0.0,1.5707963267948966,0.0,0.0,0.0,0.0,0.0,2_33,1.0,-0.0,9999.0,0.0,90.0,0.0
lpJL9-mBNmk_00,288,33,2,764.3204890620165,-1.5707963267948966,0.0,1.5707963267948966,3.141592653589793,0.0,-0.09999999999999432,0.0,0.0,2_33,1.0,-0.0679130114021973,9999.0,90.0,90.0,0.09999999999999432
lpJL9-mBNmk_00,289,33,2,764.2525760506143,1.5707963267948966,0.0,1.5707963267948966,3.141592653589793,0.0,0.09999999999999432,0.0,0.0,2_33,1.0,0.0679130114021973,11253.404322251674,90.0,90.0,0.09999999999999432
lpJL9-mBNmk_00,290,33,2,764.2525760506143,0.0,0.0,1.5707963267948966,3.141592653589793,0.0,0.0,0.0,0.0,2_33,1.0,-0.0,9999.0,0.0,90.0,0.0
lpJL9-mBNmk_00,291,33,2,764.39939822059,0.0,3.141592653589793,1.5707963267948966,3.141592653589793,0.0,0.0,-0.19999999999998863,0.0,2_33,1.0,-0.14682216997573505,9999.0,180.0,90.0,0.19999999999998863
lpJL9-mBNmk_00,292,33,2,764.2865316751303,-1.5707963267948966,0.0,-1.5707963267948966,3.141592653589793,0.0,-0.05000000000001137,0.19999999999998863,0.0,2_33,1.0,0.11286654545972397,6771.594971406857,90.0,90.00000000000001,0.20615528128087476
lpJL9-mBNmk_00,293,33,2,764.2865316751303,0.0,0.0,-1.5707963267948966,3.141592653589793,0.0,0.0,0.0,0.0,2_33,1.0,-0.0,9999.0,0.0,90.00000000000001,0.0
lpJL9-mBNmk_00,294,33,2,764.1846700896322,1.5707963267948966,0.0,-1.5707963267948966,3.141592653589793,0.0,0.15000000000000568,0.0,0.0,2_33,1.0,0.10186158549811353,7502.187074280175,90.0,90.00000000000001,0.15000000000000568
lpJL9-mBNmk_00,295,33,2,764.2525760506143,-1.5707963267948966,0.0,-1.5707963267948966,3.141592653589793,0.0,-0.09999999999999432,0.0,0.0,2_33,1.0,-0.06790596098210244,9999.0,90.0,90.00000000000001,0.09999999999999432
lpJL9-mBNmk_00,296,33,2,764.3204890620165,-1.5707963267948966,0.0,-1.5707963267948966,3.141592653589793,0.0,-0.09999999999999432,0.0,0.0,2_33,1.0,-0.0679130114021973,9999.0,90.0,90.00000000000001,0.09999999999999432
lpJL9-mBNmk_00,297,33,2,764.3204890620165,0.0,0.0,-1.5707963267948966,3.141592653589793,0.0,0.0,0.0,0.0,2_33,1.0,-0.0,9999.0,0.0,90.00000000000001,0.0
lpJL9-mBNmk_00,298,33,2,764.3204890620165,0.0,0.0,-1.5707963267948966,3.141592653589793,0.0,0.0,0.0,0.0,2_33,1.0,-0.0,9999.0,0.0,90.00000000000001,0.0
lpJL9-mBNmk_00,299,33,2,764.3204890620165,0.0,0.0,-1.5707963267948966,3.141592653589793,0.0,0.0,0.0,0.0,2_33,1.0,-0.0,9999.0,0.0,90.00000000000001,0.0
lpJL9-mBNmk_00,300,33,2,764.4563362285645,-1.5707963267948966,0.0,-1.5707963267948966,3.141592653589793,0.0,-0.20000000000001705,0.0,0.0,2_33,1.0,-0.13584716654804652,9999.0,90.0,90.00000000000001,0.20000000000001705
lpJL9-mBNmk_00,301,33,2,764.3204890620165,1.5707963267948966,0.0,-1.5707963267948966,3.141592653589793,0.0,0.20000000000001705,0.0,0.0,2_33,1.0,0.13584716654804652,5626.32632305725,90.0,90.00000000000001,0.20000000000001705
lpJL9-mBNmk_00,302,33,2,764.150719753636,1.5707963267948966,0.0,-1.5707963267948966,3.141592653589793,0.0,0.25,0.0,0.0,2_33,1.0,0.1697693083804097,4501.112286099259,90.0,90.00000000000001,0.25
lpJL9-mBNmk_00,303,33,2,764.150719753636,0.0,0.0,-1.5707963267948966,3.141592653589793,0.0,0.0,0.0,0.0,2_33,1.0,-0.0,9999.0,0.0,90.00000000000001,0.0
lpJL9-mBNmk_00,304,33,2,764.1167711809497,1.5707963267948966,0.0,-1.5707963267948966,0.0,0.0,0.04999999999998295,0.0,0.0,2_33,1.0,0.03394857268631313,22508.06766580248,90.0,90.0,0.04999999999998295
lpJL9-mBNmk_00,305,33,2,764.1167711809497,0.0,0.0,-1.5707963267948966,0.0,0.0,0.0,0.0,0.0,2_33,1.0,-0.0,9999.0,0.0,90.0,0.0
lpJL9-mBNmk_00,306,33,2,764.2525760506143,-1.5707963267948966,0.0,0.0,0.0,0.0,-0.19999999999998863,0.0,0.0,2_33,1.0,-0.13580486966452554,9999.0,90.0,0.0,0.19999999999998863
lpJL9-mBNmk_00,307,33,2,764.2525760506143,0.0,0.0,0.0,0.0,0.0,0.0,0.0,0.0,2_33,1.0,-0.0,9999.0,0.0,0.0,0.0
lpJL9-mBNmk_00,308,33,2,764.3884091219595,-1.5707963267948966,0.0,-1.5707963267948966,0.0,0.0,-0.19999999999998863,0.0,0.0,2_33,1.0,-0.13583307134524603,9999.0,90.0,90.0,0.19999999999998863
lpJL9-mBNmk_00,309,33,2,764.5242703799534,-1.5707963267948966,0.0,-1.5707963267948966,0.0,0.0,-0.20000000000001705,0.0,0.0,2_33,1.0,-0.13586125799383808,9999.0,90.0,90.0,0.20000000000001705
lpJL9-mBNmk_00,310,33,2,764.5922115742483,-1.5707963267948966,0.0,-1.5707963267948966,0.0,0.0,-0.09999999999999432,0.0,0.0,2_33,1.0,-0.0679411942949173,9999.0,90.0,90.0,0.09999999999999432
lpJL9-mBNmk_00,311,33,2,764.7960773957984,-1.5707963267948966,0.0,-1.5707963267948966,0.0,0.0,-0.30000000000001137,0.0,0.0,2_33,1.0,-0.20386582155015276,9999.0,90.0,90.0,0.30000000000001137
lpJL9-mBNmk_00,312,33,2,764.5582400968549,1.5707963267948966,0.0,-1.5707963267948966,0.0,0.0,0.35000000000002274,0.0,0.0,2_33,1.0,0.237837298943532,3214.6271568547304,90.0,90.0,0.35000000000002274
lpJL9-mBNmk_00,313,33,2,764.5582400968549,0.0,0.0,-1.5707963267948966,0.0,0.0,0.0,0.0,0.0,2_33,1.0,-0.0,9999.0,0.0,90.0,0.0
lpJL9-mBNmk_00,314,33,2,764.5922115742483,-1.5707963267948966,0.0,-1.5707963267948966,0.0,0.0,-0.05000000000001137,0.0,0.0,2_33,1.0,-0.033971477393379246,9999.0,90.0,90.0,0.05000000000001137
lpJL9-mBNmk_00,315,33,2,764.5922115742483,0.0,0.0,-1.5707963267948966,0.0,0.0,0.0,0.0,0.0,2_33,1.0,-0.0,9999.0,0.0,90.0,0.0
lpJL9-mBNmk_00,316,33,2,764.5922115742483,0.0,0.0,-1.5707963267948966,0.0,0.0,0.0,0.0,0.0,2_33,1.0,-0.0,9999.0,0.0,90.0,0.0
lpJL9-mBNmk_00,317,33,2,764.5242703799534,1.5707963267948966,0.0,-1.5707963267948966,0.0,0.0,0.09999999999999432,0.0,0.0,2_33,1.0,0.0679411942949173,11252.735226603865,90.0,90.0,0.09999999999999432
lpJL9-mBNmk_00,318,33,2,764.5922115742483,-1.5707963267948966,0.0,-1.5707963267948966,0.0,0.0,-0.09999999999999432,0.0,0.0,2_33,1.0,-0.0679411942949173,9999.0,90.0,90.0,0.09999999999999432
lpJL9-mBNmk_00,319,33,2,764.4903024237784,1.5707963267948966,0.0,-1.5707963267948966,0.0,0.0,0.15000000000000568,0.0,0.0,2_33,1.0,0.10190915046985083,7501.684577872602,90.0,90.0,0.15000000000000568
lpJL9-mBNmk_00,320,33,2,764.5242703799534,-1.5707963267948966,0.0,-1.5707963267948966,0.0,0.0,-0.05000000000001137,0.0,0.0,2_33,1.0,-0.033967956174933533,9999.0,90.0,90.0,0.05000000000001137
lpJL9-mBNmk_00,321,33,2,764.660159809572,-1.5707963267948966,0.0,-1.5707963267948966,0.0,0.0,-0.19999999999998863,0.0,0.0,2_33,1.0,-0.13588942961860084,9999.0,90.0,90.0,0.19999999999998863
lpJL9-mBNmk_00,322,33,2,764.4563362285645,1.5707963267948966,0.0,-1.5707963267948966,0.0,0.0,0.29999999999998295,0.0,0.0,2_33,1.0,0.20382358100744113,3750.5784779664723,90.0,90.0,0.29999999999998295
lpJL9-mBNmk_00,323,33,2,764.5242703799534,-1.5707963267948966,0.0,-1.5707963267948966,0.0,0.0,-0.09999999999999432,0.0,0.0,2_33,1.0,-0.06793415138884029,9999.0,90.0,90.0,0.09999999999999432
lpJL9-mBNmk_00,324,33,2,764.5922115742483,-1.5707963267948966,0.0,-1.5707963267948966,0.0,0.0,-0.09999999999999432,0.0,0.0,2_33,1.0,-0.0679411942949173,9999.0,90.0,90.0,0.09999999999999432
lpJL9-mBNmk_00,325,33,2,764.6153951497445,-1.5707963267948966,0.0,-1.5707963267948966,0.0,0.0,-0.25,0.19999999999998863,0.0,2_33,1.0,-0.023183575496204867,9999.0,90.0,90.0,0.32015621187163534
lpJL9-mBNmk_00,326,33,2,764.5922115742483,1.5707963267948966,3.141592653589793,-1.5707963267948966,0.0,0.0,0.25,-0.19999999999998863,0.0,2_33,1.0,0.023183575496204867,32979.90906102518,90.0,90.0,0.32015621187163534
lpJL9-mBNmk_00,327,33,2,764.660159809572,-1.5707963267948966,0.0,-1.5707963267948966,0.0,0.0,-0.09999999999999432,0.0,0.0,2_33,1.0,-0.06794823532368355,9999.0,90.0,90.0,0.09999999999999432
lpJL9-mBNmk_00,328,33,2,764.9455045949352,-1.5707963267948966,3.141592653589793,-1.5707963267948966,3.141592653589793,0.0,-0.15000000000000568,-0.25,0.0,2_33,1.0,-0.28534478536323604,9999.0,90.00000000000001,90.00000000000001,0.29154759474226793
lpJL9-mBNmk_00,329,33,2,764.8435934882373,1.5707963267948966,0.0,-1.5707963267948966,3.141592653589793,0.0,0.15000000000000568,0.0,0.0,2_33,1.0,0.10191110669791215,7505.007238861695,90.0,90.00000000000001,0.15000000000000568
lpJL9-mBNmk_00,330,33,2,765.7613270464891,0.0,3.141592653589793,-1.5707963267948966,3.141592653589793,0.0,0.0,-1.25,0.0,2_33,1.0,-0.9177335582518253,9999.0,180.0,90.00000000000001,1.25
lpJL9-mBNmk_00,331,33,2,764.7756615504968,1.5707963267948966,0.0,1.5707963267948966,3.141592653589793,0.0,0.09999999999999432,1.25,0.0,2_33,1.0,0.9856654959922935,775.8977712622258,90.0,90.0,1.2539936203984448
lpJL9-mBNmk_00,332,33,2,764.4903024237784,1.5707963267948966,0.0,1.5707963267948966,0.0,0.0,0.15000000000000568,0.25,0.0,2_33,1.0,0.28535912671839014,2679.046264317399,90.0,90.0,0.29154759474226793
lpJL9-mBNmk_00,333,33,2,764.6153951497445,-1.5707963267948966,0.0,-1.5707963267948966,0.0,0.0,-0.4000000000000057,0.19999999999998863,0.0,2_33,1.0,-0.1250927259660557,9999.0,90.0,90.0,0.4472135954999579
lpJL9-mBNmk_00,334,33,2,764.1737040751925,1.5707963267948966,0.0,1.5707963267948966,0.0,0.0,0.6500000000000057,0.0,0.0,2_33,1.0,0.44169107455195444,1730.1090017505112,90.0,90.0,0.6500000000000057
lpJL9-mBNmk_00,335,33,2,764.2756063750824,-1.5707963267948966,0.0,1.5707963267948966,0.0,0.0,-0.15000000000000568,0.0,0.0,2_33,1.0,-0.10190229988984356,9999.0,90.0,90.0,0.15000000000000568
lpJL9-mBNmk_00,336,33,2,764.1737040751925,1.5707963267948966,0.0,1.5707963267948966,0.0,0.0,0.15000000000000568,0.0,0.0,2_33,1.0,0.10190229988984356,7499.082011900268,90.0,90.0,0.15000000000000568
lpJL9-mBNmk_00,337,33,2,764.5474233165658,-1.5707963267948966,0.0,-1.5707963267948966,0.0,0.0,-0.5500000000000114,0.0,0.0,2_33,1.0,-0.3737192413732373,9999.0,90.0,90.0,0.5500000000000114
lpJL9-mBNmk_00,338,33,2,764.4794585206328,1.5707963267948966,0.0,-1.5707963267948966,0.0,0.0,0.09999999999999432,0.0,0.0,2_33,1.0,0.0679647959329941,11248.168232187829,90.0,90.0,0.09999999999999432
lpJL9-mBNmk_00,339,33,2,764.5814083536167,-1.5707963267948966,0.0,-1.5707963267948966,0.0,0.0,-0.14999999999997726,0.0,0.0,2_33,1.0,-0.10194983298390525,9999.0,90.0,90.0,0.14999999999997726
lpJL9-mBNmk_00,340,33,2,764.3435500480134,1.5707963267948966,0.0,1.5707963267948966,0.0,0.0,0.3499999999999943,0.0,0.0,2_33,1.0,0.23785830560325394,3213.440657913932,90.0,90.0,0.3499999999999943
lpJL9-mBNmk_00,341,33,2,764.4454787622201,-1.5707963267948966,0.0,1.5707963267948966,0.0,0.0,-0.15000000000000568,0.0,0.0,2_33,1.0,-0.1019287142066787,9999.0,90.0,90.0,0.15000000000000568
lpJL9-mBNmk_00,342,33,2,764.0039021497206,1.5707963267948966,0.0,1.5707963267948966,0.0,0.0,0.6500000000000057,0.0,0.0,2_33,1.0,0.4415766124994889,1730.172931544478,90.0,90.0,0.6500000000000057
lpJL9-mBNmk_00,343,33,2,763.9699470528928,1.5707963267948966,0.0,1.5707963267948966,0.0,0.0,0.04999999999998295,0.0,0.0,2_33,1.0,0.03395509682775355,22499.4188922016,90.0,90.0,0.04999999999998295
lpJL9-mBNmk_00,344,33,2,763.3251355091093,1.5707963267948966,0.0,1.5707963267948966,0.0,0.0,0.950000000000017,0.0,0.0,2_33,1.0,0.6448115437835895,1183.795704137231,90.0,90.0,0.950000000000017
lpJL9-mBNmk_00,345,33,2,763.5286913404105,-1.5707963267948966,0.0,1.5707963267948966,0.0,0.0,-0.30000000000001137,0.0,0.0,2_33,1.0,-0.20355583130128707,9999.0,90.0,90.0,0.30000000000001137
lpJL9-mBNmk_00,346,33,2,763.8856262556587,-1.5707963267948966,0.0,1.5707963267948966,0.0,0.0,-0.8499999999999943,0.30000000000001137,0.0,2_33,1.0,-0.3569349152481891,9999.0,90.0,90.0,0.9013878188659958
lpJL9-mBNmk_00,347,33,2,764.1057780176773,0.0,3.141592653589793,1.5707963267948966,0.0,0.0,0.0,-0.30000000000001137,0.0,2_33,1.0,-0.22015176201853137,9999.0,180.0,90.0,0.30000000000001137
lpJL9-mBNmk_00,348,33,2,763.9535718877163,-1.5707963267948966,0.0,1.5707963267948966,0.0,0.0,-0.09999999999999432,0.30000000000001137,0.0,2_33,1.0,0.15220612996097316,5019.203708047764,90.0,90.0,0.31622776601684693
lpJL9-mBNmk_00,349,33,2,763.8856262556587,1.5707963267948966,0.0,1.5707963267948966,0.0,0.0,0.09999999999999432,0.0,0.0,2_33,1.0,0.06794563205755821,11242.600931411673,90.0,90.0,0.09999999999999432
lpJL9-mBNmk_00,350,33,2,763.9020421493846,1.5707963267948966,3.141592653589793,1.5707963267948966,0.0,0.0,0.30000000000001137,-0.30000000000001137,0.0,2_33,1.0,-0.01641589372582075,9999.0,90.0,90.0,0.4242640687119446
lpJL9-mBNmk_00,351,33,2,763.9020421493846,0.0,0.0,1.5707963267948966,0.0,0.0,0.0,0.0,0.0,2_33,1.0,-0.0,9999.0,0.0,90.0,0.0
lpJL9-mBNmk_00,352,33,2,763.9020421493846,0.0,0.0,1.5707963267948966,0.0,0.0,0.0,0.0,0.0,2_33,1.0,-0.0,9999.0,0.0,90.0,0.0
lpJL9-mBNmk_00,353,33,2,764.0378590096174,-1.5707963267948966,0.0,1.5707963267948966,0.0,0.0,-0.20000000000001705,0.0,0.0,2_33,1.0,-0.1358168602328078,9999.0,90.0,90.0,0.20000000000001705
lpJL9-mBNmk_00,354,33,2,763.8341443009732,1.5707963267948966,0.0,1.5707963267948966,0.0,0.0,0.30000000000001137,0.0,0.0,2_33,1.0,0.20371470864415642,3749.5286883541576,90.0,90.0,0.30000000000001137
lpJL9-mBNmk_00,355,33,2,764.0039021497206,-1.5707963267948966,0.0,1.5707963267948966,0.0,0.0,-0.25,0.0,0.0,2_33,1.0,-0.16975784874739475,9999.0,90.0,90.0,0.25
lpJL9-mBNmk_00,356,33,2,764.2756063750824,-1.5707963267948966,0.0,-1.5707963267948966,0.0,0.0,-0.4000000000000057,0.0,0.0,2_33,1.0,-0.2717042253617592,9999.0,90.0,90.0,0.4000000000000057
lpJL9-mBNmk_00,357,33,2,764.1737040751925,1.5707963267948966,0.0,1.5707963267948966,0.0,0.0,0.15000000000000568,0.0,0.0,2_33,1.0,0.10190229988984356,7499.082011900268,90.0,90.0,0.15000000000000568
lpJL9-mBNmk_00,358,33,2,764.1057780176773,1.5707963267948966,0.0,1.5707963267948966,0.0,0.0,0.09999999999999432,0.0,0.0,2_33,1.0,0.06792605751525116,11249.081809968373,90.0,90.0,0.09999999999999432
lpJL9-mBNmk_00,409,33,2,762.6299053276105,1.7804361726691096,0.0,1.7332854360121008,-1.5707963267948966,-0.5,2.3499999999999943,0.0,0.0,2_33,51.0,0.02893868019738839,26353.306374920132,102.01147838636547,170.69005982501392,0.04710985794797622
lpJL9-mBNmk_00,410,33,2,762.8672885895685,-1.5707963267948966,0.0,1.7804361726691096,-1.5707963267948966,0.0,-0.3499999999999943,0.0,0.0,2_33,1.0,-0.23738326195802983,9999.0,90.0,167.98852161363453,0.3499999999999943
lpJL9-mBNmk_00,411,33,2,762.8957989135869,0.0,-1.5707963267948966,1.5707963267948966,-1.5707963267948966,0.5,0.0,0.0,-0.5,2_33,1.0,-0.02851032401838438,9999.0,90.0,180.0,0.7071067811865476
lpJL9-mBNmk_00,412,33,2,763.3025350409888,-1.5707963267948966,1.5707963267948966,1.5707963267948966,0.0,0.0,-0.09999999999999432,0.0,0.5,2_33,1.0,-0.40673612740192766,9999.0,180.0,90.0,0.5999999999999943
lpJL9-mBNmk_00,413,33,2,762.6299053276105,2.408777551803299,0.0,1.7992929660867583,0.0,-0.5,0.44999999999998863,0.0,0.0,2_33,1.0,0.6726297133783419,1133.8034733809702,138.01278750418408,103.0918930643468,0.6726812023536779
lpJL9-mBNmk_00,414,33,2,763.4042588956391,-0.8760580505981886,0.0,1.5707963267948966,-1.5707963267948966,0.5,-0.5999999999999943,0.0,0.0,2_33,1.0,-0.7743535680286868,9999.0,50.19442890773453,180.0,0.7810249675906611
lpJL9-mBNmk_00,415,33,2,763.234727983469,1.5707963267948966,0.0,1.5707963267948966,-1.5707963267948966,0.0,0.25,0.0,0.0,2_33,1.0,0.16953091217010297,4502.0387032287,90.0,180.0,0.25
lpJL9-mBNmk_00,416,33,2,763.4042588956391,-1.5707963267948966,0.0,1.5707963267948966,-1.5707963267948966,0.0,-0.25,0.0,0.0,2_33,1.0,-0.16953091217010297,9999.0,90.0,180.0,0.25
lpJL9-mBNmk_00,417,33,2,762.8672885895685,2.677945044588987,0.0,1.8157749899217608,-1.5707963267948966,-0.5,0.25,0.0,0.0,2_33,1.0,0.536970306070657,1420.6880342638294,153.434948822922,165.96375653207352,0.5590169943749475
lpJL9-mBNmk_00,418,33,2,762.7655422867501,1.5707963267948966,0.0,1.7894652726688385,-1.5707963267948966,0.0,0.15000000000000568,0.0,0.0,2_33,1.0,0.10174630281835562,7496.739647124975,90.0,167.47119229084848,0.15000000000000568
lpJL9-mBNmk_00,419,33,2,763.234727983469,-0.29145679447787753,0.0,1.5707963267948966,-1.5707963267948966,0.5,-0.15000000000000568,0.0,0.0,2_33,1.0,-0.46918569671890964,9999.0,16.699244233994225,180.0,0.5220153254455291
lpJL9-mBNmk_00,420,33,2,763.234727983469,0.0,0.0,1.5707963267948966,-1.5707963267948966,0.0,0.0,0.0,0.0,2_33,1.0,-0.0,9999.0,0.0,180.0,0.0
lpJL9-mBNmk_00,421,33,2,762.6299053276105,2.530866689200592,0.0,1.810027926758559,-1.5707963267948966,-0.5,0.3499999999999943,0.0,0.0,2_33,1.0,0.6048226558585839,1260.9149110742376,145.0079798014418,166.29303899592009,0.6103277807866818
lpJL9-mBNmk_00,422,33,2,762.8333713859141,-1.5707963267948966,0.0,1.849095985800008,-1.5869239606385328,0.0,-0.29999999999998295,0.0,0.0,2_33,1.0,-0.20346605830366116,9999.0,90.0,163.13055874630444,0.29999999999998295
lpJL9-mBNmk_00,423,33,2,762.5281961999832,-1.5707963267948966,-1.5707963267948966,1.8281200417659846,-1.1071487177940904,0.0,-0.05000000000001137,0.0,-0.5,2_33,1.0,0.30517518593092063,2498.657267542679,0.0,168.1785116593927,0.44999999999998863
lpJL9-mBNmk_00,424,33,2,762.5281961999832,1.5707963267948966,1.5707963267948966,1.8045395076637987,-1.5707963267948966,0.0,0.5,0.0,0.5,2_33,1.0,-0.0,9999.0,0.0,166.60750224624886,0.0
lpJL9-mBNmk_00,425,33,2,762.8280343563679,1.5707963267948966,3.141592653589793,1.7721134351695382,-2.0344439357957027,0.0,0.09999999999999432,-0.5,0.0,2_33,1.0,-0.2998381563846806,9999.0,90.0,141.90032816927726,0.5099019513592773
lpJL9-mBNmk_00,426,33,2,762.7264008148662,1.5707963267948966,0.0,1.7359450042095235,3.141592653589793,0.0,0.15000000000000568,0.0,0.0,2_33,1.0,0.1016335415016556,7504.672075236515,90.0,80.53767779197437,0.15000000000000568
lpJL9-mBNmk_00,427,33,2,762.7316303917125,-1.5707963267948966,0.0,1.7848570103587196,2.0344439357957027,0.0,-0.5500000000000114,0.5,0.0,2_33,1.0,-0.005229576846318196,9999.0,90.0,14.300277449185504,0.7433034373659336
lpJL9-mBNmk_00,428,33,2,762.7316303917125,0.0,0.0,1.7942729279355307,0.0,0.0,0.0,0.0,0.0,2_33,1.0,-0.0,9999.0,0.0,102.80426606528681,0.0
lpJL9-mBNmk_00,429,33,2,762.697720266686,1.5707963267948966,0.0,-1.5707963267948966,0.0,0.0,0.05000000000001137,0.0,0.0,2_33,1.0,0.03391012502652302,22491.740141628412,90.0,90.0,0.05000000000001137
lpJL9-mBNmk_00,430,33,2,762.7994559515627,-1.5707963267948966,0.0,1.5707963267948966,0.0,0.0,-0.15000000000000568,0.0,0.0,2_33,1.0,-0.10173568487664397,9999.0,90.0,90.0,0.15000000000000568
lpJL9-mBNmk_00,431,33,2,762.8672885895685,-1.5707963267948966,0.0,3.141592653589793,1.5707963267948966,0.0,-0.09999999999999432,0.0,0.0,2_33,1.0,-0.06783263800582517,9999.0,90.0,90.0,0.09999999999999432
lpJL9-mBNmk_00,432,33,2,763.6756003042129,-0.9151007005533646,0.0,-1.5707963267948966,0.0,0.5,-0.6500000000000057,0.0,0.0,2_33,1.0,-0.8083117146444465,9999.0,52.431407971172746,90.0,0.8200609733428408
lpJL9-mBNmk_00,433,33,2,763.234727983469,1.5707963267948966,0.0,-0.610725964389201,0.0,0.0,0.6500000000000057,0.0,0.0,2_33,1.0,0.4408723207438925,1731.1922116036865,90.0,34.99202019855822,0.6500000000000057
lpJL9-mBNmk_00,434,33,2,762.7316303917125,2.7610862764774478,0.0,2.408777551803299,0.0,-0.5,0.19999999999998863,0.0,0.0,2_33,1.0,0.5030975917565002,1516.0709231955052,158.1985905136493,138.01278750418408,0.5385164807134462
lpJL9-mBNmk_00,435,33,2,762.7316303917125,0.0,0.0,2.7610862764774478,0.0,0.0,0.0,0.0,0.0,2_33,1.0,-0.0,9999.0,0.0,158.1985905136493,0.0
lpJL9-mBNmk_00,436,33,2,762.3926088309094,1.5707963267948966,0.0,2.055274255831925,0.0,0.0,0.5,0.0,0.0,2_33,1.0,0.33902156080318946,2248.802722235998,90.0,117.75854060106032,0.5
lpJL9-mBNmk_00,437,33,2,762.3587164189835,1.5707963267948966,0.0,1.5707963267948966,0.0,0.0,0.05000000000001137,0.0,0.0,2_33,1.0,0.03389241192587633,22493.492587257693,90.0,90.0,0.05000000000001137
lpJL9-mBNmk_00,438,33,2,762.3587164189835,0.0,0.0,1.5707963267948966,0.0,0.0,0.0,0.0,0.0,2_33,1.0,-0.0,9999.0,0.0,90.0,0.0
lpJL9-mBNmk_00,439,33,2,762.2909369131971,1.5707963267948966,0.0,2.102520394053705,0.0,0.0,0.09999999999999432,0.0,0.0,2_33,1.0,0.06777950578634773,11246.62872751042,90.0,120.46554491946004,0.09999999999999432
lpJL9-mBNmk_00,440,33,2,762.4099225482312,1.5707963267948966,3.141592653589793,2.0344439357957027,3.141592653589793,0.0,0.15000000000000568,-0.30000000000001137,0.0,2_33,1.0,-0.11898563503405057,9999.0,90.0,63.43494882292201,0.33541019662498117
lpJL9-mBNmk_00,441,33,2,762.4776718042306,-1.5707963267948966,0.0,1.5707963267948966,3.141592653589793,0.0,-0.09999999999999432,0.0,0.0,2_33,1.0,-0.06774925599938797,9999.0,90.0,90.0,0.09999999999999432
lpJL9-mBNmk_00,442,33,2,762.4099225482312,1.5707963267948966,0.0,1.5707963267948966,3.141592653589793,0.0,0.09999999999999432,0.0,0.0,2_33,1.0,0.06774925599938797,11253.406569588285,90.0,90.0,0.09999999999999432
lpJL9-mBNmk_00,443,33,2,762.2909369131971,-1.5707963267948966,0.0,1.5707963267948966,1.5707963267948966,0.0,-0.15000000000000568,0.30000000000001137,0.0,2_33,1.0,0.11898563503405057,6406.579556389723,90.0,0.0,0.33541019662498117
lpJL9-mBNmk_00,444,33,2,762.5281961999832,-1.5707963267948966,0.0,0.0,0.0,0.0,-0.3499999999999943,0.0,0.0,2_33,1.0,-0.23725928678607033,9999.0,90.0,0.0,0.3499999999999943
lpJL9-mBNmk_00,445,33,2,762.5281961999832,0.0,0.0,-1.5707963267948966,0.0,0.0,0.0,0.0,0.0,2_33,1.0,-0.0,9999.0,0.0,90.0,0.0
lpJL9-mBNmk_00,446,33,2,762.9635705589095,-0.19739555984986984,0.0,-0.610725964389201,0.0,0.5,-0.09999999999999432,0.0,0.0,2_33,1.0,-0.4353743589263104,9999.0,11.30993247401959,34.99202019855822,0.5099019513592773
lpJL9-mBNmk_00,447,33,2,762.5960005140337,3.141592653589793,0.0,1.5707963267948966,0.0,-0.5,0.0,0.0,0.0,2_33,1.0,0.36757004487583345,2074.6957243799384,180.0,90.0,0.5
lpJL9-mBNmk_00,448,33,2,762.5960005140337,0.0,0.0,1.5707963267948966,0.0,0.0,0.0,0.0,0.0,2_33,1.0,-0.0,9999.0,0.0,90.0,0.0
lpJL9-mBNmk_00,449,33,2,763.0991351063111,-0.3805063771123943,0.0,-0.09966865249118455,0.0,0.5,-0.20000000000001705,0.0,0.0,2_33,1.0,-0.5031345922774335,9999.0,21.801409486353503,5.7105931375009344,0.5385164807134567
lpJL9-mBNmk_00,405,39,2,703.823450873868,0.0,3.141592653589793,0.0,3.141592653589793,,,-0.25,0.0,2_39,,0.0,9999.0,180.0,180.0,0.0
lpJL9-mBNmk_00,406,39,2,703.4632986162107,0.0,-1.1071487177940904,0.0,-1.5707963267948966,0.09999999999999432,0.0,0.25,-0.5,2_39,1.0,0.36015225765720515,1953.2386196667157,63.43494882292201,90.0,0.5220153254455291
lpJL9-mBNmk_00,407,39,2,703.1901947553024,-0.7853981633974483,-1.1071487177940904,-0.46364760900082036,-1.3258176636680323,0.10000000000000142,-0.10000000000000142,0.25,-0.5,2_39,1.0,0.2731038609083498,2574.808691522981,18.43494882292201,49.39870535499471,0.4272001872658747
lpJL9-mBNmk_00,408,39,2,703.6058164910236,2.9764439761751738,2.0344439357957027,-2.6779450445889585,-1.5707963267948966,-0.29999999999999716,0.04999999999999716,-0.25,0.5,2_39,1.0,-0.41562173572117445,9999.0,53.97262661489682,63.434948822920376,0.45276925690687336
lpJL9-mBNmk_00,409,39,2,703.6305937777294,3.141592653589793,0.0,-2.8198420991931368,-1.5707963267948966,-0.05000000000000426,0.0,0.0,0.0,2_39,1.0,-0.024777286705784718,9999.0,180.0,71.56505117707718,0.05000000000000426
lpJL9-mBNmk_00,410,39,2,703.6305937777294,0.0,0.0,-2.8198420991931368,-1.5707963267948966,0.0,0.0,0.0,0.0,2_39,1.0,-0.0,9999.0,0.0,71.56505117707718,0.0
lpJL9-mBNmk_00,411,39,2,703.2645679258981,-2.356194490192345,-1.5707963267948966,-2.677945044588987,-1.5707963267948966,-0.04999999999999716,-0.04999999999999716,0.0,-0.5,2_39,1.0,0.36602585183129577,1921.3521788347298,45.0,63.43494882292201,0.45276925690687336
lpJL9-mBNmk_00,412,39,2,703.674022541688,0.0,1.5707963267948966,-2.5535900500422364,0.0,0.04999999999999716,0.0,0.0,0.5,2_39,1.0,-0.40945461578996856,9999.0,90.0,146.30993247402083,0.5024937810560443
lpJL9-mBNmk_00,413,39,2,703.6801563920926,2.677945044588987,0.0,-2.944197093739896,0.0,-0.09999999999999432,0.04999999999999716,0.0,0.0,2_39,1.0,-0.0061338504045806985,9999.0,153.434948822922,168.69006752597883,0.11180339887498314
lpJL9-mBNmk_00,414,39,2,703.6926779496856,-0.5880026035475457,0.0,-2.158798930342475,-1.5707963267948966,0.14999999999999858,-0.09999999999999432,0.0,0.0,2_39,1.0,-0.012521557593004218,9999.0,33.69006752597854,33.69006752598041,0.18027756377319512
lpJL9-mBNmk_00,415,39,2,703.6305937777294,2.0344439357957596,0.0,-2.8198420991931368,-1.5707963267948966,-0.05000000000000426,0.09999999999999432,0.0,0.0,2_39,1.0,0.062084171956257705,11333.494055030362,116.56505117708124,71.56505117707718,0.1118033988749863
lpJL9-mBNmk_00,416,39,2,703.6926779496856,-1.1071487177940336,0.0,-2.158798930342475,-1.5707963267948966,0.05000000000000426,-0.09999999999999432,0.0,0.0,2_39,1.0,-0.062084171956257705,9999.0,63.43494882291875,33.69006752598041,0.1118033988749863
lpJL9-mBNmk_00,417,39,2,703.674022541688,2.356194490192416,0.0,-2.553590050042237,-1.5707963267948966,-0.05000000000000426,0.04999999999999716,0.0,0.0,2_39,1.0,0.018655407997584916,37719.57293203043,135.00000000000406,56.309932474020854,0.07071067811865576
lpJL9-mBNmk_00,418,39,2,703.717452178074,-1.5707963267948966,0.0,-2.3561944901923684,-1.5707963267948966,0.0,-0.04999999999999716,0.0,0.0,2_39,1.0,-0.0434296363860085,9999.0,90.0,45.00000000000134,0.04999999999999716
lpJL9-mBNmk_00,419,39,2,703.6679064018765,0.0,0.0,-1.892546881191567,-1.5707963267948966,0.10000000000000142,0.0,0.0,0.0,2_39,1.0,0.04954577619753309,14202.379302656127,0.0,18.43494882292364,0.10000000000000142
lpJL9-mBNmk_00,420,39,2,703.6679064018765,0.0,0.0,-1.892546881191567,-1.5707963267948966,0.0,0.0,0.0,0.0,2_39,1.0,-0.0,9999.0,0.0,18.43494882292364,0.0
lpJL9-mBNmk_00,421,39,2,703.6553737448468,2.5535900500422475,0.0,-2.896613990462912,-1.5707963267948966,-0.14999999999999858,0.09999999999999432,0.0,0.0,2_39,1.0,0.012532657029737493,56145.74563679618,146.30993247402148,75.96375653207255,0.18027756377319512
lpJL9-mBNmk_00,422,39,2,703.6926779496856,-0.7853981633974129,0.0,-2.158798930342475,-1.5869239606385328,0.10000000000000142,-0.09999999999999432,0.0,0.0,2_39,1.0,-0.037304204838847,9999.0,44.999999999997975,32.76602217320771,0.1414213562373065
lpJL9-mBNmk_00,423,39,2,703.2831950928445,3.141592653589793,-1.5707963267948966,-2.3561944901923684,-1.1071487177940904,-0.05000000000000426,0.0,0.0,-0.5,2_39,1.0,0.40948285684112307,1717.491180261337,90.00000000000001,71.56505117707934,0.5024937810560449
lpJL9-mBNmk_00,424,39,2,703.7235820974029,2.677945044588987,1.5707963267948966,-2.7610862764774233,-1.5707963267948966,-0.09999999999999432,0.04999999999999716,0.0,0.5,2_39,1.0,-0.44038700455837443,9999.0,63.43494882292201,68.1985905136479,0.46097722286464593
lpJL9-mBNmk_00,429,39,2,703.7422290867587,-0.7853981633974483,0.0,-2.4980915447965204,0.0,0.04999999999999716,-0.04999999999999716,0.0,0.0,2_39,5.0,-0.003729397871165929,9999.0,45.0,143.13010235415663,0.014142135623730148
lpJL9-mBNmk_00,430,39,2,703.6926779496856,0.0,0.0,-2.498091544796503,0.0,0.10000000000000142,0.0,0.0,0.0,2_39,1.0,0.04955113707308101,14201.342683858842,0.0,143.13010235415564,0.10000000000000142
lpJL9-mBNmk_00,431,39,2,703.6926779496856,0.0,0.0,-2.9764439761751738,1.5707963267948966,0.0,0.0,0.0,0.0,2_39,1.0,-0.0,9999.0,0.0,99.46232220802517,0.0
lpJL9-mBNmk_00,432,39,2,703.66180797312,-0.321750554396628,0.0,-0.7853981633974247,0.0,0.14999999999999858,-0.04999999999999716,0.0,0.0,2_39,1.0,0.030869976565668367,22794.374543053204,18.4349488229212,44.99999999999865,0.15811388300841672
lpJL9-mBNmk_00,433,39,2,703.6183713491284,1.5707963267948966,0.0,-0.46364760900077767,0.0,0.0,0.04999999999999716,0.0,0.0,2_39,1.0,0.043436623991510714,16198.735230588918,90.0,26.565051177076366,0.04999999999999716
lpJL9-mBNmk_00,434,39,2,703.6244737073889,2.6779450445890154,0.0,-0.46364760900077767,0.0,-0.10000000000000142,0.04999999999999716,0.0,0.0,2_39,1.0,-0.006102358260477558,9999.0,153.43494882292364,26.565051177076366,0.11180339887498948
lpJL9-mBNmk_00,435,39,2,703.6244737073889,0.0,0.0,0.0,0.0,0.0,0.0,0.0,0.0,2_39,1.0,-0.0,9999.0,0.0,0.0,0.0
lpJL9-mBNmk_00,0,4,2,765.2720104642532,0.0,0.0,0.0,0.0,,,,,2_4,,0.0,9999.0,0.0,0.0,0.0
lpJL9-mBNmk_00,1,4,2,764.4223717945466,1.5707963267948966,0.0,1.5707963267948966,0.0,0.0,1.25,0.0,0.0,2_4,1.0,0.8496386697065645,899.7028961247154,90.0,90.0,1.25
lpJL9-mBNmk_00,2,4,2,764.3884091219595,1.5707963267948966,0.0,1.5707963267948966,0.0,0.0,0.05000000000001137,0.0,0.0,2_4,1.0,0.0339626725871085,22506.72137657697,90.0,90.0,0.05000000000001137
lpJL9-mBNmk_00,3,4,2,764.4223717945466,-1.5707963267948966,0.0,1.5707963267948966,0.0,0.0,-0.05000000000001137,0.0,0.0,2_4,1.0,-0.0339626725871085,9999.0,90.0,90.0,0.05000000000001137
lpJL9-mBNmk_00,4,4,2,765.2720104642532,-1.5707963267948966,0.0,0.0,0.0,0.0,-1.25,0.0,0.0,2_4,1.0,-0.8496386697065645,9999.0,90.0,0.0,1.25
lpJL9-mBNmk_00,5,4,2,765.4420699830915,-1.5707963267948966,0.0,-1.5707963267948966,0.0,0.0,-0.25,0.0,0.0,2_4,1.0,-0.17005951883834314,9999.0,90.0,90.0,0.25
lpJL9-mBNmk_00,6,4,2,765.4420699830915,0.0,0.0,-1.5707963267948966,0.0,0.0,0.0,0.0,0.0,2_4,1.0,-0.0,9999.0,0.0,90.0,0.0
lpJL9-mBNmk_00,7,4,2,765.4420699830915,0.0,0.0,-1.5707963267948966,0.0,0.0,0.0,0.0,0.0,2_4,1.0,-0.0,9999.0,0.0,90.0,0.0
lpJL9-mBNmk_00,8,4,2,765.4420699830915,0.0,0.0,-1.5707963267948966,0.0,0.0,0.0,0.0,0.0,2_4,1.0,-0.0,9999.0,0.0,90.0,0.0
lpJL9-mBNmk_00,9,4,2,765.3400290067154,1.5707963267948966,0.0,-1.5707963267948966,0.0,0.0,0.15000000000000568,0.0,0.0,2_4,1.0,0.10204097637608811,7500.320520120604,90.0,90.0,0.15000000000000568
lpJL9-mBNmk_00,10,4,2,765.4420699830915,-1.5707963267948966,0.0,-1.5707963267948966,0.0,0.0,-0.15000000000000568,0.0,0.0,2_4,1.0,-0.10204097637608811,9999.0,90.0,90.0,0.15000000000000568
lpJL9-mBNmk_00,11,4,2,765.7273486692245,-1.5707963267948966,3.141592653589793,-1.5707963267948966,3.141592653589793,0.0,-0.15000000000000568,-0.25,0.0,2_4,1.0,-0.28527868613298324,9999.0,90.00000000000001,90.00000000000001,0.29154759474226793
lpJL9-mBNmk_00,12,4,2,765.2720104642532,1.5707963267948966,0.0,0.0,0.0,0.0,0.4000000000000057,0.25,0.0,2_4,1.0,0.4553382049713264,1680.6672537228542,90.0,0.0,0.471699056602835
lpJL9-mBNmk_00,13,4,2,765.9786224171012,-1.5707963267948966,3.141592653589793,-1.5707963267948966,3.141592653589793,0.0,-0.5,-0.5,0.0,2_4,1.0,-0.706611952847993,9999.0,90.00000000000001,90.00000000000001,0.7071067811865476
lpJL9-mBNmk_00,32,4,2,767.5233302642989,0.0,0.0,-1.3734007669450157,3.141592653589793,0.0,0.0,0.25,0.0,2_4,19.0,-0.08130041301040747,9999.0,0.0,101.3099324740202,0.013157894736842105
lpJL9-mBNmk_00,33,4,2,766.9745758498126,0.0,0.0,-1.3258176636680323,0.0,0.0,0.0,0.75,0.0,2_4,1.0,0.548754414486325,1397.664520963823,0.0,75.96375653207352,0.75
lpJL9-mBNmk_00,34,4,2,767.4426183761233,-1.5707963267948966,3.141592653589793,-1.3843094251276802,0.0,0.0,-0.15000000000000568,-0.5,0.0,2_4,1.0,-0.46804252631068266,9999.0,90.00000000000001,79.31508759999731,0.5220153254455291
lpJL9-mBNmk_00,35,4,2,767.4426183761233,0.0,0.0,-1.3971251284533224,0.0,0.0,0.0,0.0,0.0,2_4,1.0,-0.0,9999.0,0.0,80.04937331204837,0.0
lpJL9-mBNmk_00,36,4,2,766.633713059894,2.2264919530364287,0.0,-1.5707963267948966,0.0,-0.5,0.6500000000000057,0.0,0.0,2_4,1.0,0.808905316229243,947.7422112066213,127.56859202882725,90.0,0.8200609733428408
lpJL9-mBNmk_00,37,4,2,767.1450726557526,-1.5707963267948966,0.0,-1.5707963267948966,0.0,0.0,-0.75,0.0,0.0,2_4,1.0,-0.5113595958586075,9999.0,90.0,90.0,0.75
lpJL9-mBNmk_00,38,4,2,767.727785416159,-0.09966865249118455,3.141592653589793,-1.4204248987877626,3.141592653589793,0.5,-0.05000000000001137,-0.25,0.0,2_4,1.0,-0.5827127604063662,9999.0,174.28940686249908,98.61564818416407,0.7516648189186462
lpJL9-mBNmk_00,39,4,2,767.1450726557526,3.0419240010986086,0.0,-1.5707963267948966,0.0,-0.5,0.05000000000001137,0.25,0.0,2_4,1.0,0.5827127604063662,1316.5063900793402,174.28940686249908,90.0,0.7516648189186462
lpJL9-mBNmk_00,40,4,2,766.9996740546895,1.5707963267948966,3.141592653589793,-1.5707963267948966,3.141592653589793,0.0,0.75,-0.5,0.0,2_4,1.0,0.14539860106310698,5275.151675783941,90.0,90.00000000000001,0.9013878188659973
lpJL9-mBNmk_00,41,4,2,766.6591485138621,1.5707963267948966,0.0,-1.5707963267948966,3.141592653589793,0.0,0.5,0.0,0.0,2_4,1.0,0.340525540827457,2251.3998411130206,90.0,90.00000000000001,0.5
lpJL9-mBNmk_00,42,4,2,766.7272396361043,-1.5707963267948966,0.0,-1.5707963267948966,3.141592653589793,0.0,-0.09999999999999432,0.0,0.0,2_4,1.0,-0.06809112224220826,9999.0,90.0,90.00000000000001,0.09999999999999432
lpJL9-mBNmk_00,43,4,2,766.2930248932192,1.5707963267948966,0.0,1.5707963267948966,0.0,0.0,0.09999999999999432,0.5,0.0,2_4,1.0,0.4342147428850467,1764.778919761567,90.0,90.0,0.5099019513592773
lpJL9-mBNmk_00,44,4,2,766.2930248932192,0.0,0.0,1.5707963267948966,0.0,0.0,0.0,0.0,0.0,2_4,1.0,-0.0,9999.0,0.0,90.0,0.0
lpJL9-mBNmk_00,45,4,2,766.4889513228485,1.5707963267948966,3.141592653589793,1.5707963267948966,3.141592653589793,0.0,0.25,-0.5,0.0,2_4,1.0,-0.1959264296292531,9999.0,90.0,90.0,0.5590169943749475
lpJL9-mBNmk_00,46,4,2,766.1227463664031,0.0,0.0,1.5707963267948966,0.0,0.0,0.0,0.5,0.0,2_4,1.0,0.3662049564453582,2092.060014159631,0.0,90.0,0.5
lpJL9-mBNmk_00,47,4,2,765.7823205715838,1.5707963267948966,0.0,1.5707963267948966,0.0,0.0,0.5,0.0,0.0,2_4,1.0,0.340425794819339,2249.483829443588,90.0,90.0,0.5
lpJL9-mBNmk_00,48,4,2,765.254018284125,1.5707963267948966,3.141592653589793,1.7444675251364707,3.141592653589793,0.0,1.0999999999999943,-0.30000000000001137,0.0,2_4,1.0,0.5283022874588141,1448.5154360490694,90.0,80.04937331204837,1.1401754250991354
lpJL9-mBNmk_00,49,4,2,765.3219926932716,-1.5707963267948966,0.0,1.7359450042095235,3.141592653589793,0.0,-0.09999999999999432,0.0,0.0,2_4,1.0,-0.06797440914658637,9999.0,90.0,80.53767779197437,0.09999999999999432
lpJL9-mBNmk_00,50,4,2,764.9821909691753,1.5707963267948966,0.0,1.7234456551901618,3.141592653589793,0.0,0.5,0.0,0.0,2_4,1.0,0.339801724096219,2251.2604755135417,90.0,81.25383773744478,0.5
lpJL9-mBNmk_00,51,4,2,765.1359944480458,-1.5707963267948966,0.0,1.7539071440573815,0.0,0.0,-0.5500000000000114,0.30000000000001137,0.0,2_4,1.0,-0.1538034788704863,9999.0,90.0,100.49147701233164,0.6264982043070988
lpJL9-mBNmk_00,52,4,2,765.2039989440724,-1.5707963267948966,0.0,1.7607846147136126,0.0,0.0,-0.09999999999999432,0.0,0.0,2_4,1.0,-0.06800449602656045,9999.0,90.0,100.88552705465875,0.09999999999999432
lpJL9-mBNmk_00,53,4,2,765.2720104642532,-1.5707963267948966,0.0,1.7681918866447774,3.141592653589793,0.0,-0.09999999999999432,0.0,0.0,2_4,1.0,-0.06801152018078938,9999.0,90.0,78.69006752597979,0.09999999999999432
lpJL9-mBNmk_00,54,4,2,764.660159809572,1.5707963267948966,0.0,1.7107209973690138,0.0,0.0,0.9000000000000057,0.0,0.0,2_4,1.0,0.6118506546812341,1249.7496798592942,90.0,98.0170930736553,0.9000000000000057
lpJL9-mBNmk_00,55,4,2,765.2039989440724,-1.5707963267948966,0.0,1.750649826587375,0.0,0.0,-0.8000000000000114,0.0,0.0,2_4,1.0,-0.5438391345004447,9999.0,90.0,100.30484646876603,0.8000000000000114
lpJL9-mBNmk_00,56,4,2,765.2039989440724,0.0,0.0,1.5707963267948966,0.0,0.0,0.0,0.0,0.0,2_4,1.0,-0.0,9999.0,0.0,90.0,0.0
lpJL9-mBNmk_00,57,4,2,765.1359944480458,1.5707963267948966,0.0,1.5707963267948966,0.0,0.0,0.09999999999999432,0.0,0.0,2_4,1.0,0.06800449602656045,11251.25600738527,90.0,90.0,0.09999999999999432
lpJL9-mBNmk_00,58,4,2,765.2039989440724,-1.5707963267948966,0.0,1.741531538270179,0.0,0.0,-0.09999999999999432,0.0,0.0,2_4,1.0,-0.06800449602656045,9999.0,90.0,99.78240703180727,0.09999999999999432
lpJL9-mBNmk_00,59,4,2,765.1359944480458,1.5707963267948966,0.0,1.5707963267948966,0.0,0.0,0.09999999999999432,0.0,0.0,2_4,1.0,0.06800449602656045,11251.25600738527,90.0,90.0,0.09999999999999432
lpJL9-mBNmk_00,60,4,2,765.2955001174382,-1.5707963267948966,0.0,1.5707963267948966,0.0,0.0,-0.44999999999998863,0.19999999999998863,0.0,2_4,1.0,-0.15950566939238797,9999.0,90.0,90.0,0.49244289008979025
lpJL9-mBNmk_00,61,4,2,765.3400290067154,1.5707963267948966,3.141592653589793,1.5707963267948966,0.0,0.0,0.15000000000000568,-0.19999999999998863,0.0,2_4,1.0,-0.044528889277216877,9999.0,90.0,90.0,0.2499999999999943
lpJL9-mBNmk_00,62,4,2,765.2720104642532,1.5707963267948966,0.0,1.5707963267948966,0.0,0.0,0.09999999999999432,0.0,0.0,2_4,1.0,0.06801854246225503,11250.932212917078,90.0,90.0,0.09999999999999432
lpJL9-mBNmk_00,63,4,2,765.4656360673547,-1.5707963267948966,0.0,1.5707963267948966,0.0,0.0,-0.5,0.19999999999998863,0.0,2_4,1.0,-0.19362560310150911,9999.0,90.0,90.0,0.5385164807134462
lpJL9-mBNmk_00,64,4,2,765.6358158419706,-1.5707963267948966,0.0,1.5707963267948966,0.0,0.0,-0.25,0.0,0.0,2_4,1.0,-0.17017977461591727,9999.0,90.0,90.0,0.25
lpJL9-mBNmk_00,65,4,2,765.6358158419706,0.0,0.0,1.5707963267948966,0.0,0.0,0.0,0.0,0.0,2_4,1.0,-0.0,9999.0,0.0,90.0,0.0
lpJL9-mBNmk_00,66,4,2,765.5677386750306,1.5707963267948966,0.0,1.5707963267948966,0.0,0.0,0.09999999999999432,0.0,0.0,2_4,1.0,0.06807716694004284,11245.58751613862,90.0,90.0,0.09999999999999432
lpJL9-mBNmk_00,67,4,2,765.6121733619444,1.5707963267948966,3.141592653589793,1.5707963267948966,0.0,0.0,0.15000000000000568,-0.19999999999998863,0.0,2_4,1.0,-0.04443468691385988,9999.0,90.0,90.0,0.2499999999999943
lpJL9-mBNmk_00,68,4,2,765.6121733619444,0.0,0.0,-1.5707963267948966,0.0,0.0,0.0,0.0,0.0,2_4,1.0,-0.0,9999.0,0.0,90.0,0.0
lpJL9-mBNmk_00,69,4,2,765.6121733619444,0.0,0.0,-1.5707963267948966,0.0,0.0,0.0,0.0,0.0,2_4,1.0,-0.0,9999.0,0.0,90.0,0.0
lpJL9-mBNmk_00,70,4,2,765.3400290067154,1.5707963267948966,0.0,-1.5707963267948966,0.0,0.0,0.4000000000000057,0.0,0.0,2_4,1.0,0.2721443552289884,2812.257591610677,90.0,90.0,0.4000000000000057
lpJL9-mBNmk_00,71,4,2,765.6121733619444,-1.5707963267948966,0.0,-1.5707963267948966,0.0,0.0,-0.4000000000000057,0.0,0.0,2_4,1.0,-0.2721443552289884,9999.0,90.0,90.0,0.4000000000000057
lpJL9-mBNmk_00,72,4,2,765.4420699830915,1.5707963267948966,0.0,-1.5707963267948966,0.0,0.0,0.25,0.0,0.0,2_4,1.0,0.17010337885290028,4499.86399532381,90.0,90.0,0.25
lpJL9-mBNmk_00,73,4,2,765.4420699830915,0.0,0.0,-1.5707963267948966,0.0,0.0,0.0,0.0,0.0,2_4,1.0,-0.0,9999.0,0.0,90.0,0.0
lpJL9-mBNmk_00,74,4,2,765.5441267490726,-1.5707963267948966,0.0,-1.5707963267948966,0.0,0.0,-0.15000000000000568,0.0,0.0,2_4,1.0,-0.10205676598104674,9999.0,90.0,90.0,0.15000000000000568
lpJL9-mBNmk_00,75,4,2,765.4420699830915,1.5707963267948966,0.0,-1.5707963267948966,0.0,0.0,0.15000000000000568,0.0,0.0,2_4,1.0,0.10205676598104674,7500.159961224364,90.0,90.0,0.15000000000000568
lpJL9-mBNmk_00,76,4,2,765.4420699830915,0.0,0.0,-1.5707963267948966,0.0,0.0,0.0,0.0,0.0,2_4,1.0,-0.0,9999.0,0.0,90.0,0.0
lpJL9-mBNmk_00,77,4,2,765.5441267490726,-1.5707963267948966,0.0,-1.5707963267948966,0.0,0.0,-0.15000000000000568,0.0,0.0,2_4,1.0,-0.10205676598104674,9999.0,90.0,90.0,0.15000000000000568
lpJL9-mBNmk_00,78,4,2,765.2039989440724,1.5707963267948966,0.0,0.0,0.0,0.0,0.5,0.0,0.0,2_4,1.0,0.34012780500017925,2249.754320860857,90.0,0.0,0.5
lpJL9-mBNmk_00,79,4,2,765.3740409107171,-1.5707963267948966,0.0,-1.5707963267948966,0.0,0.0,-0.25,0.0,0.0,2_4,1.0,-0.17004196664470328,9999.0,90.0,90.0,0.25
lpJL9-mBNmk_00,80,4,2,765.4420699830915,-1.5707963267948966,0.0,0.0,3.141592653589793,0.0,-0.09999999999999432,0.0,0.0,2_4,1.0,-0.06802907237442923,9999.0,90.0,180.0,0.09999999999999432
lpJL9-mBNmk_00,81,4,2,765.7406039253763,0.19739555984986984,0.0,-0.09966865249118455,0.0,0.5,0.09999999999999432,0.0,0.0,2_4,1.0,-0.2985339422847346,9999.0,11.30993247401959,5.7105931375009344,0.5099019513592773
lpJL9-mBNmk_00,82,4,2,765.3740409107171,3.141592653589793,0.0,-1.5707963267948966,0.0,-0.5,0.0,0.0,0.0,2_4,1.0,0.36656301465916385,2087.9739916542703,180.0,90.0,0.5
lpJL9-mBNmk_00,83,4,2,765.6121733619444,-1.5707963267948966,0.0,0.0,3.141592653589793,0.0,-0.3499999999999943,0.0,0.0,2_4,1.0,-0.2381324512273295,9999.0,90.0,180.0,0.3499999999999943
lpJL9-mBNmk_00,84,4,2,765.5101060730682,1.5707963267948966,0.0,1.5707963267948966,3.141592653589793,0.0,0.15000000000000568,0.0,0.0,2_4,1.0,0.10206728887624195,7500.053293286355,90.0,90.0,0.15000000000000568
lpJL9-mBNmk_00,85,4,2,765.6121733619444,-1.5707963267948966,0.0,1.5707963267948966,3.141592653589793,0.0,-0.15000000000000568,0.0,0.0,2_4,1.0,-0.10206728887624195,9999.0,90.0,90.0,0.15000000000000568
lpJL9-mBNmk_00,86,4,2,765.6121733619444,0.0,0.0,1.5707963267948966,3.141592653589793,0.0,0.0,0.0,0.0,2_4,1.0,-0.0,9999.0,0.0,90.0,0.0
lpJL9-mBNmk_00,87,4,2,765.4420699830915,1.5707963267948966,0.0,1.5707963267948966,0.0,0.0,0.25,0.0,0.0,2_4,1.0,0.17010337885290028,4499.86399532381,90.0,90.0,0.25
lpJL9-mBNmk_00,88,4,2,765.4420699830915,0.0,0.0,1.5707963267948966,0.0,0.0,0.0,0.0,0.0,2_4,1.0,-0.0,9999.0,0.0,90.0,0.0
lpJL9-mBNmk_00,89,4,2,765.6802269877419,-1.5707963267948966,0.0,-1.5707963267948966,0.0,0.0,-0.3499999999999943,0.0,0.0,2_4,1.0,-0.23815700465036116,9999.0,90.0,90.0,0.3499999999999943
lpJL9-mBNmk_00,90,4,2,764.7756615504968,1.5707963267948966,3.141592653589793,1.5707963267948966,3.141592653589793,0.0,1.5999999999999943,-0.25,0.0,2_4,1.0,0.9045654372450826,845.4619533990539,90.0,90.0,1.6194134740701591
lpJL9-mBNmk_00,91,4,2,764.7756615504968,0.0,0.0,1.5707963267948966,3.141592653589793,0.0,0.0,0.0,0.0,2_4,1.0,-0.0,9999.0,0.0,90.0,0.0
lpJL9-mBNmk_00,92,4,2,765.0134541300564,-1.5707963267948966,0.0,1.5707963267948966,3.141592653589793,0.0,-0.3499999999999943,0.0,0.0,2_4,1.0,-0.23779257955959565,9999.0,90.0,90.0,0.3499999999999943
lpJL9-mBNmk_00,93,4,2,764.8435934882373,1.5707963267948966,0.0,1.5707963267948966,3.141592653589793,0.0,0.25,0.0,0.0,2_4,1.0,0.16986064181912752,4502.7711263605415,90.0,90.0,0.25
lpJL9-mBNmk_00,94,4,2,764.7756615504968,1.5707963267948966,0.0,1.5707963267948966,3.141592653589793,0.0,0.09999999999999432,0.0,0.0,2_4,1.0,0.06793193774046813,11257.969181922921,90.0,90.0,0.09999999999999432
lpJL9-mBNmk_00,95,4,2,765.1153916240347,0.0,1.5707963267948966,1.5707963267948966,2.0344439357957027,0.0,0.0,0.0,0.5,2_4,1.0,-0.33973007353790763,9999.0,90.0,26.565051177077994,0.5
lpJL9-mBNmk_00,96,4,2,765.2853226085026,-1.5707963267948966,0.0,1.5707963267948966,2.0344439357957027,0.0,-0.25,0.0,0.0,2_4,1.0,-0.16993098446789645,9999.0,90.0,26.565051177077994,0.25
lpJL9-mBNmk_00,97,4,2,765.1153916240347,1.5707963267948966,0.0,1.5707963267948966,2.0344439357957027,0.0,0.25,0.0,0.0,2_4,1.0,0.16993098446789645,4502.506673634796,90.0,26.565051177077994,0.25
lpJL9-mBNmk_00,98,4,2,765.2987978561054,0.0,3.141592653589793,1.5707963267948966,2.356194490192345,0.0,0.0,-0.25,0.0,2_4,1.0,-0.183406232070638,9999.0,180.0,45.0,0.25
lpJL9-mBNmk_00,99,4,2,765.4552975190647,-1.5707963267948966,0.0,1.5707963267948966,2.0344439357957027,0.0,-0.5,0.25,0.0,2_4,1.0,-0.15649966295939066,9999.0,90.0,26.565051177077994,0.5590169943749475
lpJL9-mBNmk_00,100,4,2,765.3873022855814,1.5707963267948966,0.0,1.5707963267948966,2.0344439357957027,0.0,0.09999999999999432,0.0,0.0,2_4,1.0,0.06799523348331604,11256.48465452191,90.0,26.565051177077994,0.09999999999999432
lpJL9-mBNmk_00,101,4,2,765.4552975190647,-1.5707963267948966,0.0,2.2264919530364287,2.0344439357957027,0.0,-0.09999999999999432,0.0,0.0,2_4,1.0,-0.06799523348331604,9999.0,90.0,11.003540851749268,0.09999999999999432
lpJL9-mBNmk_00,102,4,2,765.3873022855814,1.5707963267948966,0.0,1.5707963267948966,2.0344439357957027,0.0,0.09999999999999432,0.0,0.0,2_4,1.0,0.06799523348331604,11256.48465452191,90.0,26.565051177077994,0.09999999999999432
lpJL9-mBNmk_00,103,4,2,765.1153916240347,1.5707963267948966,0.0,1.5707963267948966,2.0344439357957027,0.0,0.4000000000000057,0.0,0.0,2_4,1.0,0.2719106615467126,2813.84844298425,90.0,26.565051177077994,0.4000000000000057
lpJL9-mBNmk_00,104,4,2,765.4552975190647,-1.5707963267948966,0.0,1.5707963267948966,2.0344439357957027,0.0,-0.5,0.0,0.0,2_4,1.0,-0.33990589503002866,9999.0,90.0,26.565051177077994,0.5
lpJL9-mBNmk_00,105,4,2,765.4552975190647,0.0,0.0,1.5707963267948966,2.0344439357957027,0.0,0.0,0.0,0.0,2_4,1.0,-0.0,9999.0,0.0,26.565051177077994,0.0
lpJL9-mBNmk_00,106,4,2,765.2853226085026,-1.5707963267948966,-1.5707963267948966,1.5707963267948966,3.141592653589793,0.0,-0.25,0.0,-0.5,2_4,1.0,0.1699749105621322,4502.342846232957,0.0,90.0,0.25
lpJL9-mBNmk_00,107,4,2,765.5232997760421,-1.5707963267948966,0.0,1.5707963267948966,3.141592653589793,0.0,-0.3499999999999943,0.0,0.0,2_4,1.0,-0.2379771675394977,9999.0,90.0,90.0,0.3499999999999943
lpJL9-mBNmk_00,108,4,2,765.1153916240347,1.5707963267948966,0.0,1.5707963267948966,3.141592653589793,0.0,0.5999999999999943,0.0,0.0,2_4,1.0,0.40790815200739416,1875.70507688742,90.0,90.0,0.5999999999999943
lpJL9-mBNmk_00,109,4,2,765.2853226085026,-1.5707963267948966,0.0,1.5707963267948966,3.141592653589793,0.0,-0.25,0.0,0.0,2_4,1.0,-0.16993098446789645,9999.0,90.0,90.0,0.25
lpJL9-mBNmk_00,110,4,2,765.6386223277924,-1.5707963267948966,3.141592653589793,-1.5707963267948966,3.141592653589793,0.0,-0.25,-0.25,0.0,2_4,1.0,-0.35329971928979376,9999.0,90.00000000000001,90.00000000000001,0.3535533905932738
lpJL9-mBNmk_00,111,4,2,765.5026714519029,1.5707963267948966,0.0,-1.5707963267948966,3.141592653589793,0.0,0.19999999999998863,0.0,0.0,2_4,1.0,0.13595087588953447,5630.729970977932,90.0,90.00000000000001,0.19999999999998863
lpJL9-mBNmk_00,112,4,2,765.4919594613649,-1.5707963267948966,0.0,-1.5707963267948966,3.141592653589793,0.0,-0.19999999999998863,0.19999999999998863,0.0,2_4,1.0,0.01071199053797045,71461.2243866301,90.0,90.00000000000001,0.28284271247460296
lpJL9-mBNmk_00,113,4,2,765.4919594613649,0.0,0.0,-1.5707963267948966,3.141592653589793,0.0,0.0,0.0,0.0,2_4,1.0,-0.0,9999.0,0.0,90.00000000000001,0.0
lpJL9-mBNmk_00,114,4,2,765.3899741308348,1.5707963267948966,0.0,-1.5707963267948966,3.141592653589793,0.0,0.15000000000000568,0.0,0.0,2_4,1.0,0.10198533053005576,7504.902618374799,90.0,90.00000000000001,0.15000000000000568
lpJL9-mBNmk_00,115,4,2,765.3559825336181,1.5707963267948966,0.0,-1.5707963267948966,-1.670464979286081,0.0,0.04999999999998295,0.0,0.0,2_4,1.0,0.0339915972167546,22516.03470272856,90.0,5.710593137500933,0.04999999999998295
lpJL9-mBNmk_00,116,4,2,765.7567254030486,-0.09966865249112826,0.0,-0.8760580505981886,-1.670464979286081,0.5,-0.04999999999998295,0.0,0.0,2_4,1.0,-0.40074286943047355,9999.0,5.710593137497709,45.51616422976639,0.5024937810560428
lpJL9-mBNmk_00,117,4,2,765.4919594613649,-2.8501358591119157,0.0,-1.5707963267948966,-1.670464979286081,-0.5,-0.15000000000000568,0.0,0.0,2_4,1.0,0.2647659416836632,2891.2025262522575,163.30075576600578,5.710593137500933,0.5220153254455291
lpJL9-mBNmk_00,118,4,2,765.8015669871668,0.5404195002706009,3.141592653589793,-0.9505468408120674,-1.5707963267948966,0.5,0.30000000000001137,-0.19999999999998863,0.0,2_4,1.0,-0.30960752580188,9999.0,149.03624346792552,35.537677791974815,0.7615773105863848
lpJL9-mBNmk_00,119,4,2,765.620834682547,1.5707963267948966,0.0,-0.29145679447787753,-1.670464979286081,0.0,0.04999999999998295,0.19999999999998863,0.0,2_4,1.0,0.18073230461982348,4236.214639618835,90.0,79.01134890350671,0.20615528128086788
lpJL9-mBNmk_00,120,4,2,767.3657863105443,-1.5707963267948966,3.141592653589793,-1.3808080388761805,-2.0344439357957027,0.0,-2.3499999999999943,-0.19999999999998863,0.0,2_4,1.0,-1.7449516279973523,9999.0,90.00000000000001,37.45057823173674,2.3584952830141446
lpJL9-mBNmk_00,121,4,2,765.1565607769433,1.5707963267948966,0.0,0.9827937232473289,-2.0344439357957027,0.0,3.25,0.0,0.0,2_4,1.0,2.2092255336010567,346.34606070740614,90.0,172.87498365109818,3.25
lpJL9-mBNmk_00,122,4,2,765.3262376268045,-1.5707963267948966,0.0,0.6747409422235596,-2.0344439357957027,0.0,-0.25,0.0,0.0,2_4,1.0,-0.1696768498612755,9999.0,90.0,155.22485943116848,0.25
lpJL9-mBNmk_00,123,4,2,765.4280648761189,-1.5707963267948966,0.0,-0.29145679447787753,-2.0344439357957027,0.0,-0.15000000000000568,0.0,0.0,2_4,1.0,-0.1018272493143968,9999.0,90.0,99.86580694308378,0.15000000000000568
lpJL9-mBNmk_00,124,4,2,765.3262376268045,1.5707963267948966,0.0,0.7853981633974483,-2.0344439357957027,0.0,0.15000000000000568,0.0,0.0,2_4,1.0,0.1018272493143968,7515.927639995665,90.0,161.565051177078,0.15000000000000568
lpJL9-mBNmk_00,125,4,2,765.7613270464891,-0.19739555984986984,0.0,0.3805063771123698,-2.0344439357957027,0.5,-0.09999999999999432,0.0,0.0,2_4,1.0,-0.43508941968457293,9999.0,11.30993247401959,138.36646066343008,0.5099019513592773
lpJL9-mBNmk_00,126,4,2,766.1006852888203,-1.5707963267948966,0.0,0.1488899476095028,3.141592653589793,0.0,-0.5,0.0,0.0,2_4,1.0,-0.33935824233117273,9999.0,90.0,171.46923439005155,0.5
lpJL9-mBNmk_00,127,4,2,765.6934765296097,1.5707963267948966,0.0,0.832981266674429,3.141592653589793,0.0,0.5999999999999943,0.0,0.0,2_4,1.0,0.40720875921056177,1880.3462823688444,90.0,132.2736890060939,0.5999999999999943
lpJL9-mBNmk_00,137,4,2,767.0236322956418,-1.8692952583810758,0.0,-1.5707963267948966,0.0,-1.0,-3.25,0.0,0.0,2_4,10.0,-0.1330155766032135,9999.0,107.10272896905236,90.0,0.3400367627183861
lpJL9-mBNmk_00,138,4,2,767.179177246098,-1.5707963267948966,0.0,-1.5707963267948966,0.0,0.0,-0.5500000000000114,0.30000000000001137,0.0,2_4,1.0,-0.15554495045614658,9999.0,90.0,90.0,0.6264982043070988
lpJL9-mBNmk_00,139,4,2,767.2473916540871,-1.5707963267948966,0.0,-1.5707963267948966,0.0,0.0,-0.09999999999999432,0.0,0.0,2_4,1.0,-0.06821440798910317,9999.0,90.0,90.0,0.09999999999999432
lpJL9-mBNmk_00,140,4,2,767.3156130302576,-1.5707963267948966,0.0,-1.5707963267948966,0.0,0.0,-0.09999999999999432,0.0,0.0,2_4,1.0,-0.06822137617052704,9999.0,90.0,90.0,0.09999999999999432
lpJL9-mBNmk_00,141,4,2,767.3497263308302,-1.5707963267948966,0.0,-1.5707963267948966,0.0,0.0,-0.05000000000001137,0.0,0.0,2_4,1.0,-0.034113300572585104,9999.0,90.0,90.0,0.05000000000001137
lpJL9-mBNmk_00,142,4,2,767.3156130302576,1.5707963267948966,0.0,-1.5707963267948966,0.0,0.0,0.05000000000001137,0.0,0.0,2_4,1.0,0.034113300572585104,22493.15076967091,90.0,90.0,0.05000000000001137
lpJL9-mBNmk_00,143,4,2,767.2132835789537,1.5707963267948966,0.0,-1.5707963267948966,0.0,0.0,0.15000000000000568,0.0,0.0,2_4,1.0,0.10232945130394455,7497.482628926981,90.0,90.0,0.15000000000000568
lpJL9-mBNmk_00,144,4,2,767.4520766797103,-1.5707963267948966,0.0,-1.5707963267948966,0.0,0.0,-0.3499999999999943,0.0,0.0,2_4,1.0,-0.23879310075665217,9999.0,90.0,90.0,0.3499999999999943
lpJL9-mBNmk_00,148,4,2,767.8616346712472,-1.5707963267948966,0.0,-1.6967089524806942,0.0,0.0,-0.6000000000000227,0.0,0.0,2_4,4.0,-0.10238949788421792,9999.0,90.0,97.21426203920673,0.15000000000000568
lpJL9-mBNmk_00,436,47,2,298.3129648540271,0.0,0.0,0.0,0.0,,,0.0,0.0,2_47,,0.0,9999.0,0.0,0.0,0.0
lpJL9-mBNmk_00,437,47,2,297.8347906138569,0.46364760900080615,0.0,0.46364760900080615,0.0,0.5,0.25,0.0,0.0,2_47,1.0,0.4781742401701763,622.8582922155347,26.565051177077994,26.565051177077994,0.5590169943749475
lpJL9-mBNmk_00,438,47,2,297.8347906138569,0.0,0.0,0.46364760900080615,0.0,0.0,0.0,0.0,0.0,2_47,1.0,-0.0,9999.0,0.0,26.565051177077994,0.0
lpJL9-mBNmk_00,439,47,2,297.80814293769737,0.0,0.0,0.4266274931268683,0.0,0.05000000000001137,0.0,0.0,0.0,2_47,1.0,0.026647676159541334,11175.764113714871,0.0,24.443954780416096,0.05000000000001137
lpJL9-mBNmk_00,440,47,2,296.4549755021831,0.3320594675428879,3.141592653589793,0.35877067027057225,3.141592653589793,1.4499999999999886,0.5,-0.30000000000001137,0.0,2_47,1.0,1.3531674355142513,219.0822567271727,160.97439396243118,159.44395478041653,1.8200274723201295
lpJL9-mBNmk_00,441,47,2,296.6406453943896,-1.3734007669449722,0.0,0.2392315999636593,3.141592653589793,0.05000000000001137,-0.25,0.0,0.0,2_47,1.0,-0.18566989220647656,9999.0,78.69006752597728,166.29303899592026,0.2549509756796415
lpJL9-mBNmk_00,442,47,2,296.58887369555856,-0.46364760900080615,0.0,0.0977269073587183,3.141592653589793,0.5,-0.25,0.0,0.0,2_47,1.0,0.05177169883103261,5728.783879847872,26.565051177077994,174.40066066347947,0.5590169943749475
lpJL9-mBNmk_00,443,47,2,297.4888401268189,3.141592653589793,0.0,0.2140606835638205,1.5707963267948966,-1.4000000000000057,0.0,0.30000000000001137,0.0,2_47,1.0,-0.8999664312603386,9999.0,180.0,77.73522627210765,1.700000000000017
lpJL9-mBNmk_00,444,47,2,297.037981578114,0.0,0.0,0.12435499454676144,0.0,0.8499999999999943,0.0,0.0,0.0,2_47,1.0,0.4508585487049004,658.8274358584553,0.0,7.1250163489017995,0.8499999999999943
lpJL9-mBNmk_00,445,47,2,297.1174178670783,3.141592653589793,0.0,0.13432144195296888,0.0,-0.15000000000000568,0.0,0.0,0.0,2_47,1.0,-0.07943628896430255,9999.0,180.0,7.696051722016591,0.15000000000000568
lpJL9-mBNmk_00,446,47,2,297.1174178670783,0.0,0.0,0.1343214419529689,0.0,0.0,0.0,0.0,0.0,2_47,1.0,-0.0,9999.0,0.0,7.696051722016593,0.0
lpJL9-mBNmk_00,447,47,2,297.170405659783,3.141592653589793,0.0,0.14189705460416394,0.0,-0.09999999999999432,0.0,0.0,0.0,2_47,1.0,-0.05298779270469822,9999.0,180.0,8.130102354155982,0.09999999999999432
lpJL9-mBNmk_00,448,47,2,297.037981578114,0.0,0.0,0.12435499454676144,0.0,0.25,0.0,0.0,0.0,2_47,1.0,0.13242408166900077,2243.081302391601,0.0,7.1250163489017995,0.25
lpJL9-mBNmk_00,449,47,2,296.9585998081214,0.0,0.0,0.11575921772081042,0.0,0.15000000000000568,0.0,0.0,0.0,2_47,1.0,0.07938176999260804,3740.891640936879,0.0,6.632514615138448,0.15000000000000568
lpJL9-mBNmk_00,0,5,2,51.088159097779204,0.0,0.0,0.0,0.0,,,,,2_5,,0.0,9999.0,0.0,0.0,0.0
lpJL9-mBNmk_00,1,5,2,51.088159097779204,0.0,0.0,0.0,0.0,0.0,0.0,0.0,0.0,2_5,1.0,-0.0,9999.0,0.0,0.0,0.0
lpJL9-mBNmk_00,2,5,2,51.088159097779204,0.0,0.0,0.0,0.0,0.0,0.0,0.0,0.0,2_5,1.0,-0.0,9999.0,0.0,0.0,0.0
lpJL9-mBNmk_00,3,5,2,51.088159097779204,0.0,0.0,0.0,0.0,0.0,0.0,0.0,0.0,2_5,1.0,-0.0,9999.0,0.0,0.0,0.0
lpJL9-mBNmk_00,4,5,2,51.088159097779204,0.0,0.0,0.0,0.0,0.0,0.0,0.0,0.0,2_5,1.0,-0.0,9999.0,0.0,0.0,0.0
lpJL9-mBNmk_00,5,5,2,51.088159097779204,0.0,0.0,0.0,0.0,0.0,0.0,0.0,0.0,2_5,1.0,-0.0,9999.0,0.0,0.0,0.0
lpJL9-mBNmk_00,6,5,2,51.088159097779204,0.0,0.0,0.0,0.0,0.0,0.0,0.0,0.0,2_5,1.0,-0.0,9999.0,0.0,0.0,0.0
lpJL9-mBNmk_00,7,5,2,50.83859262410792,0.0,0.0,0.0,0.0,0.25,0.0,0.0,0.0,2_5,1.0,0.24956647367128681,203.70762096462244,0.0,0.0,0.25
lpJL9-mBNmk_00,8,5,2,51.088159097779204,3.141592653589793,0.0,0.0,0.0,-0.25,0.0,0.0,0.0,2_5,1.0,-0.24956647367128681,9999.0,180.0,0.0,0.25
lpJL9-mBNmk_00,9,5,2,51.088159097779204,0.0,0.0,0.0,0.0,0.0,0.0,0.0,0.0,2_5,1.0,-0.0,9999.0,0.0,0.0,0.0
lpJL9-mBNmk_00,10,5,2,51.088159097779204,0.0,0.0,0.0,0.0,0.0,0.0,0.0,0.0,2_5,1.0,-0.0,9999.0,0.0,0.0,0.0
lpJL9-mBNmk_00,11,5,2,50.83859262410792,0.0,3.141592653589793,0.0,3.141592653589793,0.0,0.0,-0.25,0.0,2_5,1.0,0.24956647367128681,203.70762096462244,180.0,180.0,0.25
lpJL9-mBNmk_00,12,5,2,51.088159097779204,0.0,0.0,0.0,0.0,0.0,0.0,0.25,0.0,2_5,1.0,-0.24956647367128681,9999.0,0.0,0.0,0.25
lpJL9-mBNmk_00,13,5,2,50.3394725836495,0.0,3.141592653589793,0.0,3.141592653589793,0.25,0.0,-0.5,0.0,2_5,1.0,0.7486865141297017,67.23704999837722,180.0,180.0,0.75
lpJL9-mBNmk_00,32,5,2,51.6686800682967,0.0,0.0,2.582993338246237,3.141592653589793,0.19999999999998863,0.0,0.25,0.0,2_5,19.0,-0.06995828866564206,9999.0,0.0,32.00538320808313,0.0026315789473690195
lpJL9-mBNmk_00,33,5,2,52.08646657242167,-1.0303768265242956,0.0,3.141592653589793,0.0,0.30000000000001137,-0.5,0.75,0.0,2_5,1.0,-0.41778650412496887,9999.0,59.036243467925516,180.0,0.6726812023536779
lpJL9-mBNmk_00,34,5,2,51.61879502661797,1.5707963267948966,3.141592653589793,2.5535900500422253,0.0,0.0,0.5,-0.5,0.0,2_5,1.0,0.46767154580370374,110.37403384871308,90.0,146.3099324740202,0.7071067811865476
lpJL9-mBNmk_00,35,5,2,51.58730463980455,-1.5707963267948966,0.0,3.141592653589793,0.0,0.0,-0.5,0.0,0.0,2_5,1.0,0.03149038681341665,1638.1921551317846,90.0,180.0,0.5
lpJL9-mBNmk_00,36,5,2,51.58730463980455,0.0,0.0,-1.5042281630190728,0.0,0.0,0.0,0.0,0.0,2_5,1.0,-0.0,9999.0,0.0,86.18592516570965,0.0
lpJL9-mBNmk_00,37,5,2,51.119956963988145,0.7853981633974483,0.0,1.5707963267948966,0.0,0.5,0.5,0.0,0.0,2_5,1.0,0.4673476758164057,109.38314152239471,45.0,90.0,0.7071067811865476
lpJL9-mBNmk_00,38,5,2,50.87054648812022,0.0,3.141592653589793,2.0344439357957027,3.141592653589793,0.0,0.0,-0.25,0.0,2_5,1.0,0.24941047586792564,203.96315075016545,180.0,63.43494882292201,0.25
lpJL9-mBNmk_00,39,5,2,51.119956963988145,0.0,0.0,2.1112158270654975,0.0,0.0,0.0,0.25,0.0,2_5,1.0,-0.24941047586792564,9999.0,0.0,120.96375653207448,0.25
lpJL9-mBNmk_00,40,5,2,50.62114182829147,0.0,3.141592653589793,2.356194490192345,3.141592653589793,0.0,0.0,-0.5,0.0,2_5,1.0,0.4988151356966739,101.48277028039871,180.0,45.0,0.5
lpJL9-mBNmk_00,41,5,2,50.58903043150758,-1.5707963267948966,0.0,-2.0344439357957027,3.141592653589793,0.0,-0.5,0.0,0.0,2_5,1.0,0.032111396783889745,1575.422918285761,90.0,63.43494882292201,0.5
lpJL9-mBNmk_00,42,5,2,50.62114182829147,1.5707963267948966,0.0,0.0,3.141592653589793,0.0,0.5,0.0,0.0,2_5,1.0,-0.032111396783889745,9999.0,90.0,180.0,0.5
lpJL9-mBNmk_00,43,5,2,51.33772979008713,-2.0344439357957027,0.0,-1.1071487177940904,0.0,-0.25,-0.5,0.5,0.0,2_5,1.0,-0.7165879617956605,9999.0,116.56505117707799,63.43494882292201,0.9013878188659973
lpJL9-mBNmk_00,44,5,2,51.33772979008713,0.0,0.0,-2.0344439357957027,0.0,0.0,0.0,0.0,0.0,2_5,1.0,-0.0,9999.0,0.0,116.56505117707799,0.0
lpJL9-mBNmk_00,45,5,2,50.58903043150758,0.0,3.141592653589793,-1.5707963267948966,3.141592653589793,0.25,0.0,-0.5,0.0,2_5,1.0,0.7486993585795503,67.56921834083879,180.0,90.00000000000001,0.75
lpJL9-mBNmk_00,46,5,2,50.83859262410792,0.0,0.0,-0.5880026035475676,0.0,0.25,0.0,0.5,0.0,2_5,1.0,-0.24956219260033663,9999.0,0.0,33.690067525979785,0.25
lpJL9-mBNmk_00,47,5,2,50.83859262410792,0.0,0.0,-0.5880026035475676,0.0,0.0,0.0,0.0,0.0,2_5,1.0,-0.0,9999.0,0.0,33.690067525979785,0.0
lpJL9-mBNmk_00,48,5,2,50.60832441407243,1.5707963267948966,3.141592653589793,0.5880026035475676,3.141592653589793,0.0,1.0,-0.30000000000001137,0.0,2_5,1.0,0.23026821003549003,219.77990103919439,90.0,146.3099324740202,1.0440306508910582
lpJL9-mBNmk_00,49,5,2,50.820665088131214,-2.0344439357957027,0.0,0.0,3.141592653589793,-0.25,-0.5,0.0,0.0,2_5,1.0,-0.21234067405878676,9999.0,116.56505117707799,180.0,0.5590169943749475
lpJL9-mBNmk_00,50,5,2,50.57126160182282,0.0,0.0,0.5880026035475676,3.141592653589793,0.25,0.0,0.0,0.0,2_5,1.0,0.24940348630839537,202.7688640217717,0.0,146.3099324740202,0.25
lpJL9-mBNmk_00,51,5,2,51.119956963988145,3.141592653589793,0.0,0.0,0.0,-0.25,0.0,0.30000000000001137,0.0,2_5,1.0,-0.5486953621653257,9999.0,180.0,0.0,0.5500000000000114
lpJL9-mBNmk_00,52,5,2,51.119956963988145,0.0,0.0,0.0,0.0,0.0,0.0,0.0,0.0,2_5,1.0,-0.0,9999.0,0.0,0.0,0.0
lpJL9-mBNmk_00,53,5,2,51.36937317118051,3.141592653589793,0.0,1.1071487177940904,3.141592653589793,-0.25,0.0,0.0,0.0,2_5,1.0,-0.24941620719236823,9999.0,180.0,116.56505117707799,0.25
lpJL9-mBNmk_00,54,5,2,51.61879502661797,3.141592653589793,0.0,0.0,0.0,-0.25,0.0,0.0,0.0,2_5,1.0,-0.2494218554374541,9999.0,180.0,0.0,0.25
lpJL9-mBNmk_00,55,5,2,51.61879502661797,0.0,0.0,1.5707963267948966,0.0,0.0,0.0,0.0,0.0,2_5,1.0,-0.0,9999.0,0.0,90.0,0.0
lpJL9-mBNmk_00,56,5,2,51.61879502661797,0.0,0.0,1.5707963267948966,0.0,0.0,0.0,0.0,0.0,2_5,1.0,-0.0,9999.0,0.0,90.0,0.0
lpJL9-mBNmk_00,57,5,2,51.61879502661797,0.0,0.0,3.141592653589793,0.0,0.0,0.0,0.0,0.0,2_5,1.0,-0.0,9999.0,0.0,180.0,0.0
lpJL9-mBNmk_00,58,5,2,51.61879502661797,0.0,0.0,3.141592653589793,0.0,0.0,0.0,0.0,0.0,2_5,1.0,-0.0,9999.0,0.0,180.0,0.0
lpJL9-mBNmk_00,59,5,2,52.61653732430518,3.141592653589793,0.0,3.141592653589793,0.0,-1.0,0.0,0.0,0.0,2_5,1.0,-0.9977422976872106,9999.0,180.0,180.0,1.0
lpJL9-mBNmk_00,60,5,2,52.81609603141829,0.0,0.0,3.141592653589793,0.0,0.0,0.0,0.19999999999998863,0.0,2_5,1.0,-0.19955870711311263,9999.0,0.0,180.0,0.19999999999998863
lpJL9-mBNmk_00,61,5,2,52.08646657242167,-0.7853981633974483,3.141592653589793,3.141592653589793,0.0,0.5,-0.5,-0.19999999999998863,0.0,2_5,1.0,0.7296294589966195,71.38755971291313,135.0,180.0,0.8602325267042534
lpJL9-mBNmk_00,62,5,2,52.33605353864581,3.141592653589793,0.0,-2.761086276477428,0.0,-0.25,0.0,0.0,0.0,2_5,1.0,-0.24958696622413612,9999.0,180.0,158.19859051364818,0.25
lpJL9-mBNmk_00,63,5,2,52.56664817163064,1.5707963267948966,0.0,2.677945044588987,0.0,0.0,0.5,0.19999999999998863,0.0,2_5,1.0,-0.23059463298483251,9999.0,90.0,153.434948822922,0.5385164807134462
lpJL9-mBNmk_00,64,5,2,52.317205582867274,0.0,0.0,2.5535900500422253,0.0,0.25,0.0,0.0,0.0,2_5,1.0,0.24944258876336534,209.73646016999203,0.0,146.3099324740202,0.25
lpJL9-mBNmk_00,65,5,2,52.317205582867274,0.0,0.0,2.677945044588987,0.0,0.0,0.0,0.0,0.0,2_5,1.0,-0.0,9999.0,0.0,153.434948822922,0.0
lpJL9-mBNmk_00,66,5,2,51.31948947524711,0.0,0.0,2.0344439357957027,0.0,1.0,0.0,0.0,0.0,2_5,1.0,0.9977161076201639,51.43696596986758,0.0,116.56505117707799,1.0
lpJL9-mBNmk_00,67,5,2,51.119956963988145,0.0,3.141592653589793,2.0344439357957027,0.0,0.0,0.0,-0.19999999999998863,0.0,2_5,1.0,0.19953251125896543,256.1986347059079,180.0,116.56505117707799,0.19999999999998863
lpJL9-mBNmk_00,68,5,2,51.86822244881735,3.141592653589793,0.0,-2.677945044588987,0.0,-0.75,0.0,0.0,0.0,2_5,1.0,-0.7482654848292043,9999.0,180.0,153.434948822922,0.75
lpJL9-mBNmk_00,69,5,2,51.86822244881735,0.0,0.0,3.141592653589793,0.0,0.0,0.0,0.0,0.0,2_5,1.0,-0.0,9999.0,0.0,180.0,0.0
lpJL9-mBNmk_00,70,5,2,51.119956963988145,0.0,0.0,3.141592653589793,0.0,0.75,0.0,0.0,0.0,2_5,1.0,0.7482654848292043,68.31794062458535,0.0,180.0,0.75
lpJL9-mBNmk_00,71,5,2,51.119956963988145,0.0,0.0,0.0,0.0,0.0,0.0,0.0,0.0,2_5,1.0,-0.0,9999.0,0.0,0.0,0.0
lpJL9-mBNmk_00,72,5,2,52.11765535785354,3.141592653589793,0.0,3.141592653589793,0.0,-1.0,0.0,0.0,0.0,2_5,1.0,-0.9976983938653987,9999.0,180.0,180.0,1.0
lpJL9-mBNmk_00,73,5,2,52.11765535785354,0.0,0.0,3.141592653589793,0.0,0.0,0.0,0.0,0.0,2_5,1.0,-0.0,9999.0,0.0,180.0,0.0
lpJL9-mBNmk_00,74,5,2,51.86822244881735,0.0,0.0,3.141592653589793,0.0,0.25,0.0,0.0,0.0,2_5,1.0,0.24943290903619442,207.9445837729893,0.0,180.0,0.25
lpJL9-mBNmk_00,75,5,2,51.86822244881735,0.0,0.0,3.141592653589793,0.0,0.0,0.0,0.0,0.0,2_5,1.0,-0.0,9999.0,0.0,180.0,0.0
lpJL9-mBNmk_00,76,5,2,52.11765535785354,3.141592653589793,0.0,3.141592653589793,0.0,-0.25,0.0,0.0,0.0,2_5,1.0,-0.24943290903619442,9999.0,180.0,180.0,0.25
lpJL9-mBNmk_00,77,5,2,51.86822244881735,0.0,0.0,3.141592653589793,0.0,0.25,0.0,0.0,0.0,2_5,1.0,0.24943290903619442,207.9445837729893,0.0,180.0,0.25
lpJL9-mBNmk_00,78,5,2,51.918108594208256,3.141592653589793,0.0,3.141592653589793,0.0,-0.05000000000001137,0.0,0.0,0.0,2_5,1.0,-0.04988614539090719,9999.0,180.0,180.0,0.05000000000001137
lpJL9-mBNmk_00,79,5,2,52.11765535785354,3.141592653589793,0.0,0.0,0.0,-0.19999999999998863,0.0,0.0,0.0,2_5,1.0,-0.19954676364528723,9999.0,180.0,0.0,0.19999999999998863
lpJL9-mBNmk_00,80,5,2,52.11765535785354,0.0,0.0,0.0,3.141592653589793,0.0,0.0,0.0,0.0,2_5,1.0,-0.0,9999.0,0.0,180.0,0.0
lpJL9-mBNmk_00,81,5,2,52.11765535785354,0.0,0.0,1.5707963267948966,0.0,0.0,0.0,0.0,0.0,2_5,1.0,-0.0,9999.0,0.0,90.0,0.0
lpJL9-mBNmk_00,82,5,2,52.11765535785354,0.0,0.0,1.1071487177940904,0.0,0.0,0.0,0.0,0.0,2_5,1.0,-0.0,9999.0,0.0,63.43494882292201,0.0
lpJL9-mBNmk_00,83,5,2,52.11765535785354,0.0,0.0,0.0,3.141592653589793,0.0,0.0,0.0,0.0,2_5,1.0,-0.0,9999.0,0.0,180.0,0.0
lpJL9-mBNmk_00,84,5,2,52.11765535785354,0.0,0.0,0.0,3.141592653589793,0.0,0.0,0.0,0.0,2_5,1.0,-0.0,9999.0,0.0,180.0,0.0
lpJL9-mBNmk_00,85,5,2,52.11765535785354,0.0,0.0,0.0,3.141592653589793,0.0,0.0,0.0,0.0,2_5,1.0,-0.0,9999.0,0.0,180.0,0.0
lpJL9-mBNmk_00,86,5,2,52.11765535785354,0.0,0.0,3.141592653589793,3.141592653589793,0.0,0.0,0.0,0.0,2_5,1.0,-0.0,9999.0,0.0,0.0,0.0
lpJL9-mBNmk_00,87,5,2,52.61653732430518,3.141592653589793,0.0,3.141592653589793,0.0,-0.5,0.0,0.0,0.0,2_5,1.0,-0.4988819664516342,9999.0,180.0,180.0,0.5
lpJL9-mBNmk_00,88,5,2,52.61653732430518,0.0,0.0,3.141592653589793,0.0,0.0,0.0,0.0,0.0,2_5,1.0,-0.0,9999.0,0.0,180.0,0.0
lpJL9-mBNmk_00,89,5,2,52.61653732430518,0.0,0.0,3.141592653589793,0.0,0.0,0.0,0.0,0.0,2_5,1.0,-0.0,9999.0,0.0,180.0,0.0
lpJL9-mBNmk_00,90,5,2,51.90435916182763,0.7853981633974483,3.141592653589793,2.677945044588987,3.141592653589793,0.5,0.5,-0.25,0.0,2_5,1.0,0.7121781624775494,72.88114392789157,135.0,26.565051177077994,0.9013878188659973
lpJL9-mBNmk_00,91,5,2,51.70495624212442,0.0,0.0,2.582993338246237,3.141592653589793,0.19999999999998863,0.0,0.0,0.0,2_5,1.0,0.19940291970321056,259.29889250910463,0.0,32.00538320808313,0.19999999999998863
lpJL9-mBNmk_00,92,5,2,51.70495624212442,0.0,0.0,1.1902899496825512,3.141592653589793,0.0,0.0,0.0,0.0,2_5,1.0,-0.0,9999.0,0.0,111.80140948635069,0.0
lpJL9-mBNmk_00,93,5,2,51.70495624212442,0.0,0.0,1.1902899496825512,3.141592653589793,0.0,0.0,0.0,0.0,2_5,1.0,-0.0,9999.0,0.0,111.80140948635069,0.0
lpJL9-mBNmk_00,94,5,2,51.70495624212442,0.0,0.0,1.670464979286081,3.141592653589793,0.0,0.0,0.0,0.0,2_5,1.0,-0.0,9999.0,0.0,84.28940686249906,0.0
lpJL9-mBNmk_00,95,5,2,51.36937317118051,0.0,1.5707963267948966,1.1071487177940904,2.0344439357957027,0.30000000000001137,0.0,0.0,0.5,2_5,1.0,0.3355830709439047,153.07498386820382,90.0,53.13010235415599,0.5830951894845359
lpJL9-mBNmk_00,96,5,2,51.33772979008713,-1.5707963267948966,0.0,0.0,2.0344439357957027,0.0,-0.5,0.0,0.0,2_5,1.0,0.031643381093381606,1622.384461337626,90.0,116.56505117707799,0.5
lpJL9-mBNmk_00,97,5,2,51.33772979008713,0.0,0.0,0.0,2.0344439357957027,0.0,0.0,0.0,0.0,2_5,1.0,-0.0,9999.0,0.0,116.56505117707799,0.0
lpJL9-mBNmk_00,98,5,2,51.088159097779204,0.0,3.141592653589793,0.0,2.356194490192345,0.0,0.0,-0.25,0.0,2_5,1.0,0.24957069230792683,204.7041606742241,180.0,135.0,0.25
lpJL9-mBNmk_00,99,5,2,51.138072900726335,0.0,0.0,0.0,2.0344439357957027,0.19999999999998863,0.0,0.25,0.0,2_5,1.0,-0.0499138029471311,9999.0,0.0,116.56505117707799,0.05000000000001137
lpJL9-mBNmk_00,100,5,2,51.33772979008713,3.141592653589793,0.0,0.0,2.0344439357957027,-0.19999999999998863,0.0,0.0,0.0,2_5,1.0,-0.19965688936079573,9999.0,180.0,116.56505117707799,0.19999999999998863
lpJL9-mBNmk_00,101,5,2,51.33772979008713,0.0,0.0,0.0,2.0344439357957027,0.0,0.0,0.0,0.0,2_5,1.0,-0.0,9999.0,0.0,116.56505117707799,0.0
lpJL9-mBNmk_00,102,5,2,51.33772979008713,0.0,0.0,0.0,2.0344439357957027,0.0,0.0,0.0,0.0,2_5,1.0,-0.0,9999.0,0.0,116.56505117707799,0.0
lpJL9-mBNmk_00,103,5,2,51.33772979008713,0.0,0.0,0.0,2.0344439357957027,0.0,0.0,0.0,0.0,2_5,1.0,-0.0,9999.0,0.0,116.56505117707799,0.0
lpJL9-mBNmk_00,104,5,2,51.33772979008713,0.0,0.0,0.0,2.0344439357957027,0.0,0.0,0.0,0.0,2_5,1.0,-0.0,9999.0,0.0,116.56505117707799,0.0
lpJL9-mBNmk_00,105,5,2,51.33772979008713,0.0,0.0,0.0,2.0344439357957027,0.0,0.0,0.0,0.0,2_5,1.0,-0.0,9999.0,0.0,116.56505117707799,0.0
lpJL9-mBNmk_00,106,5,2,51.86822244881735,3.141592653589793,-1.5707963267948966,0.0,3.141592653589793,-0.5,0.0,0.0,-0.5,2_5,1.0,-0.5304926587302177,9999.0,90.00000000000001,180.0,0.7071067811865476
lpJL9-mBNmk_00,107,5,2,51.16983974960251,0.0,0.0,0.0,3.141592653589793,0.6999999999999886,0.0,0.0,0.0,2_5,1.0,0.6983826992148394,73.26905406896603,0.0,180.0,0.6999999999999886
lpJL9-mBNmk_00,108,5,2,51.40586056083489,1.951302703907242,0.0,0.46364760900080615,3.141592653589793,-0.19999999999998863,0.5,0.0,0.0,2_5,1.0,-0.23602081123237895,9999.0,111.80140948635069,153.434948822922,0.5385164807134462
lpJL9-mBNmk_00,109,5,2,51.40586056083489,0.0,0.0,0.46364760900080615,3.141592653589793,0.0,0.0,0.0,0.0,2_5,1.0,-0.0,9999.0,0.0,153.434948822922,0.0
lpJL9-mBNmk_00,110,5,2,51.40586056083489,3.141592653589793,3.141592653589793,0.0,3.141592653589793,-0.25,0.0,-0.25,0.0,2_5,1.0,-0.0,9999.0,0.0,180.0,0.0
lpJL9-mBNmk_00,111,5,2,51.918108594208256,-2.4037775934693384,0.0,-2.356194490192345,3.141592653589793,-0.5500000000000114,-0.5,0.0,0.0,2_5,1.0,-0.5122480333733677,9999.0,137.72631099390685,45.00000000000001,0.7433034373659336
lpJL9-mBNmk_00,112,5,2,51.85450800075148,1.0303768265242956,0.0,3.141592653589793,3.141592653589793,0.30000000000001137,0.5,0.19999999999998863,0.0,2_5,1.0,0.06360059345677627,815.3148450728283,59.036243467925516,0.0,0.509901951359283
lpJL9-mBNmk_00,113,5,2,51.85450800075148,0.0,0.0,3.141592653589793,3.141592653589793,0.0,0.0,0.0,0.0,2_5,1.0,-0.0,9999.0,0.0,0.0,0.0
lpJL9-mBNmk_00,114,5,2,51.85450800075148,0.0,0.0,3.141592653589793,3.141592653589793,0.0,0.0,0.0,0.0,2_5,1.0,-0.0,9999.0,0.0,0.0,0.0
lpJL9-mBNmk_00,115,5,2,51.85450800075148,0.0,0.0,3.141592653589793,-1.670464979286081,0.0,0.0,0.0,0.0,2_5,1.0,-0.0,9999.0,0.0,84.2894068624991,0.0
lpJL9-mBNmk_00,116,5,2,52.317205582867274,-2.356194490192345,0.0,3.141592653589793,-1.670464979286081,-0.5,-0.5,0.0,0.0,2_5,1.0,-0.46269758211579415,9999.0,135.0,84.2894068624991,0.7071067811865476
lpJL9-mBNmk_00,117,5,2,52.317205582867274,0.0,0.0,3.141592653589793,-1.670464979286081,0.0,0.0,0.0,0.0,2_5,1.0,-0.0,9999.0,0.0,84.2894068624991,0.0
lpJL9-mBNmk_00,118,5,2,52.4169819810336,3.141592653589793,3.141592653589793,3.141592653589793,-1.5707963267948966,-0.30000000000001137,0.0,-0.19999999999998863,0.0,2_5,1.0,-0.09977639816632689,9999.0,0.0,90.00000000000001,0.10000000000002274
lpJL9-mBNmk_00,119,5,2,52.58564442887431,-1.5707963267948966,0.0,-2.819842099193151,-1.670464979286081,0.0,-0.5,0.19999999999998863,0.0,2_5,1.0,-0.16866244784070972,9999.0,90.0,65.85445803957707,0.5385164807134462
lpJL9-mBNmk_00,120,5,2,51.88679986277821,0.0,3.141592653589793,-2.582993338246237,-2.0344439357957027,0.5,0.0,-0.19999999999998863,0.0,2_5,1.0,0.6988445660960991,74.24655263849212,180.0,31.429565614838868,0.6999999999999886
lpJL9-mBNmk_00,121,5,2,52.08646657242167,3.141592653589793,0.0,-2.677945044588987,-2.0344439357957027,-0.19999999999998863,0.0,0.0,0.0,2_5,1.0,-0.19966670964345923,9999.0,180.0,36.869897645844006,0.19999999999998863
lpJL9-mBNmk_00,122,5,2,52.08646657242167,0.0,0.0,-2.677945044588987,-2.0344439357957027,0.0,0.0,0.0,0.0,2_5,1.0,-0.0,9999.0,0.0,36.869897645844006,0.0
lpJL9-mBNmk_00,123,5,2,52.08646657242167,0.0,0.0,-2.677945044588987,-2.0344439357957027,0.0,0.0,0.0,0.0,2_5,1.0,-0.0,9999.0,0.0,36.869897645844006,0.0
lpJL9-mBNmk_00,124,5,2,52.36709367532249,2.0344439357957027,0.0,3.141592653589793,-2.0344439357957027,-0.25,0.5,0.0,0.0,2_5,1.0,-0.28062710290081583,9999.0,116.56505117707799,63.43494882292201,0.5590169943749475
lpJL9-mBNmk_00,125,5,2,52.36709367532249,0.0,0.0,3.141592653589793,-2.0344439357957027,0.0,0.0,0.0,0.0,2_5,1.0,-0.0,9999.0,0.0,63.43494882292201,0.0
lpJL9-mBNmk_00,126,5,2,52.11765535785354,0.0,0.0,3.141592653589793,3.141592653589793,0.25,0.0,0.0,0.0,2_5,1.0,0.24943831746894318,208.9400533434185,0.0,0.0,0.25
lpJL9-mBNmk_00,127,5,2,52.36709367532249,3.141592653589793,0.0,3.141592653589793,3.141592653589793,-0.25,0.0,0.0,0.0,2_5,1.0,-0.24943831746894318,9999.0,180.0,0.0,0.25
lpJL9-mBNmk_00,128,5,2,52.58564442887431,-1.1071487177940904,0.0,-2.356194490192345,0.0,0.25,-0.5,0.5,0.0,2_5,1.0,-0.21855075355182407,9999.0,63.43494882292201,135.0,0.5590169943749475
lpJL9-mBNmk_00,129,5,2,52.58564442887431,0.0,0.0,-2.356194490192345,0.0,0.0,0.0,0.0,0.0,2_5,1.0,-0.0,9999.0,0.0,135.0,0.0
lpJL9-mBNmk_00,130,5,2,52.28613582968241,0.0,3.141592653589793,-2.214297435588181,0.0,0.0,0.0,-0.30000000000001137,0.0,2_5,1.0,0.29950859919190265,174.57307059214475,180.0,126.86989764584402,0.30000000000001137
lpJL9-mBNmk_00,131,5,2,52.58564442887431,0.0,0.0,-1.951302703907242,0.0,0.0,0.0,0.30000000000001137,0.0,2_5,1.0,-0.29950859919190265,9999.0,0.0,111.80140948635069,0.30000000000001137
lpJL9-mBNmk_00,132,5,2,52.58564442887431,0.0,0.0,-2.0344439357957027,0.0,0.0,0.0,0.0,0.0,2_5,1.0,-0.0,9999.0,0.0,116.56505117707799,0.0
lpJL9-mBNmk_00,133,5,2,52.58564442887431,0.0,0.0,-2.0344439357957027,0.0,0.0,0.0,0.0,0.0,2_5,1.0,-0.0,9999.0,0.0,116.56505117707799,0.0
lpJL9-mBNmk_00,134,5,2,52.58564442887431,0.0,0.0,-2.0344439357957027,0.0,0.0,0.0,0.0,0.0,2_5,1.0,-0.0,9999.0,0.0,116.56505117707799,0.0
lpJL9-mBNmk_00,135,5,2,52.88515859860875,3.141592653589793,0.0,-2.245537269018456,0.0,-0.30000000000001137,0.0,0.0,0.0,2_5,1.0,-0.29951416973443656,9999.0,180.0,128.65980825409048,0.30000000000001137
lpJL9-mBNmk_00,136,5,2,52.58564442887431,0.0,3.141592653589793,-2.1112158270654975,0.0,0.0,0.0,-0.30000000000001137,0.0,2_5,1.0,0.29951416973443656,175.56980517983249,180.0,120.96375653207448,0.30000000000001137
lpJL9-mBNmk_00,137,5,2,52.58564442887431,0.0,0.0,-2.1112158270654975,0.0,0.0,0.0,0.0,0.0,2_5,1.0,-0.0,9999.0,0.0,120.96375653207448,0.0
lpJL9-mBNmk_00,138,5,2,52.88515859860875,0.0,0.0,-1.5707963267948966,0.0,0.0,0.0,0.30000000000001137,0.0,2_5,1.0,-0.29951416973443656,9999.0,0.0,90.0,0.30000000000001137
lpJL9-mBNmk_00,139,5,2,52.58564442887431,0.0,0.0,0.0,0.0,0.30000000000001137,0.0,0.0,0.0,2_5,1.0,0.29951416973443656,175.56980517983249,0.0,0.0,0.30000000000001137
lpJL9-mBNmk_00,140,5,2,52.58564442887431,0.0,0.0,3.141592653589793,0.0,0.0,0.0,0.0,0.0,2_5,1.0,-0.0,9999.0,0.0,180.0,0.0
lpJL9-mBNmk_00,141,5,2,52.58564442887431,0.0,0.0,0.0,0.0,0.0,0.0,0.0,0.0,2_5,1.0,-0.0,9999.0,0.0,0.0,0.0
lpJL9-mBNmk_00,142,5,2,52.58564442887431,0.0,0.0,0.0,0.0,0.0,0.0,0.0,0.0,2_5,1.0,-0.0,9999.0,0.0,0.0,0.0
lpJL9-mBNmk_00,143,5,2,52.58564442887431,0.0,0.0,0.0,0.0,0.0,0.0,0.0,0.0,2_5,1.0,-0.0,9999.0,0.0,0.0,0.0
lpJL9-mBNmk_00,144,5,2,52.61653732430518,1.5707963267948966,0.0,0.0,0.0,0.0,0.5,0.0,0.0,2_5,1.0,-0.03089289543086693,9999.0,90.0,0.0,0.5
lpJL9-mBNmk_00,145,5,2,52.88515859860875,-2.1112158270654975,0.0,-1.670464979286081,0.0,-0.30000000000001137,-0.5,0.0,0.0,2_5,1.0,-0.26862127430356963,9999.0,120.96375653207448,95.71059313750094,0.5830951894845359
lpJL9-mBNmk_00,146,5,2,52.58564442887431,0.0,0.0,-1.5707963267948966,0.0,0.30000000000001137,0.0,0.0,0.0,2_5,1.0,0.29951416973443656,175.56980517983249,0.0,90.0,0.30000000000001137
lpJL9-mBNmk_00,147,5,2,52.58564442887431,0.0,0.0,-1.1071487177940904,0.0,0.0,0.0,0.0,0.0,2_5,1.0,-0.0,9999.0,0.0,63.43494882292201,0.0
lpJL9-mBNmk_00,148,5,2,52.58564442887431,0.0,0.0,0.0,0.0,0.0,0.0,0.0,0.0,2_5,1.0,-0.0,9999.0,0.0,0.0,0.0
lpJL9-mBNmk_00,149,5,2,52.58564442887431,0.0,0.0,0.0,0.0,0.0,0.0,0.0,0.0,2_5,1.0,-0.0,9999.0,0.0,0.0,0.0
lpJL9-mBNmk_00,150,5,2,52.58564442887431,0.0,0.0,0.0,0.0,0.0,0.0,0.0,0.0,2_5,1.0,-0.0,9999.0,0.0,0.0,0.0
lpJL9-mBNmk_00,151,5,2,52.58564442887431,0.0,0.0,0.0,0.0,0.0,0.0,0.0,0.0,2_5,1.0,-0.0,9999.0,0.0,0.0,0.0
lpJL9-mBNmk_00,152,5,2,52.58564442887431,0.0,0.0,0.0,0.0,0.0,0.0,0.0,0.0,2_5,1.0,-0.0,9999.0,0.0,0.0,0.0
lpJL9-mBNmk_00,153,5,2,52.91587663452247,2.1112158270654975,0.0,2.1112158270654975,0.0,-0.30000000000001137,0.5,0.0,0.0,2_5,1.0,-0.3302322056481586,9999.0,120.96375653207448,120.96375653207448,0.5830951894845359
lpJL9-mBNmk_00,154,5,2,52.61653732430518,0.0,3.141592653589793,2.1112158270654975,3.141592653589793,0.0,0.0,-0.30000000000001137,0.0,2_5,1.0,0.29933931021729165,175.77556815411452,180.0,59.036243467925516,0.30000000000001137
lpJL9-mBNmk_00,155,5,2,52.91587663452247,0.0,0.0,1.5707963267948966,0.0,0.0,0.0,0.30000000000001137,0.0,2_5,1.0,-0.29933931021729165,9999.0,0.0,90.0,0.30000000000001137
lpJL9-mBNmk_00,156,5,2,52.61653732430518,0.0,0.0,1.0303768265242956,0.0,0.30000000000001137,0.0,0.0,0.0,2_5,1.0,0.29933931021729165,175.77556815411452,0.0,59.036243467925516,0.30000000000001137
lpJL9-mBNmk_00,157,5,2,52.317205582867274,0.0,3.141592653589793,1.0303768265242956,0.0,0.0,0.0,-0.30000000000001137,0.0,2_5,1.0,0.29933174143790353,174.78001274288678,180.0,59.036243467925516,0.30000000000001137
lpJL9-mBNmk_00,158,5,2,52.61653732430518,0.0,0.0,1.0303768265242956,0.0,0.0,0.0,0.30000000000001137,0.0,2_5,1.0,-0.29933174143790353,9999.0,0.0,59.036243467925516,0.30000000000001137
lpJL9-mBNmk_00,159,5,2,52.61653732430518,3.141592653589793,3.141592653589793,2.1112158270654975,3.141592653589793,-0.30000000000001137,0.0,-0.30000000000001137,0.0,2_5,1.0,-0.0,9999.0,0.0,59.036243467925516,0.0
lpJL9-mBNmk_00,160,5,2,52.28613582968241,-1.0303768265242956,0.0,0.0,3.141592653589793,0.30000000000001137,-0.5,0.0,0.0,2_5,1.0,0.3304014946227696,158.25030056047186,59.036243467925516,180.0,0.5830951894845359
lpJL9-mBNmk_00,161,5,2,52.317205582867274,1.5707963267948966,0.0,1.5707963267948966,3.141592653589793,0.0,0.5,0.0,0.0,2_5,1.0,-0.031069753184866045,9999.0,90.0,90.0,0.5
lpJL9-mBNmk_00,162,5,2,52.28613582968241,-1.5707963267948966,0.0,0.0,3.141592653589793,0.0,-0.5,0.0,0.0,2_5,1.0,0.031069753184866045,1682.8629284107342,90.0,180.0,0.5
lpJL9-mBNmk_00,163,5,2,52.317205582867274,1.5707963267948966,0.0,1.5707963267948966,3.141592653589793,0.0,0.5,0.0,0.0,2_5,1.0,-0.031069753184866045,9999.0,90.0,90.0,0.5
lpJL9-mBNmk_00,164,5,2,52.317205582867274,0.0,0.0,0.0,3.141592653589793,0.0,0.0,0.0,0.0,2_5,1.0,-0.0,9999.0,0.0,180.0,0.0
lpJL9-mBNmk_00,165,5,2,52.61653732430518,0.0,0.0,1.0303768265242956,0.0,0.0,0.0,0.30000000000001137,0.0,2_5,1.0,-0.29933174143790353,9999.0,0.0,59.036243467925516,0.30000000000001137
lpJL9-mBNmk_00,166,5,2,52.317205582867274,0.0,3.141592653589793,1.5707963267948966,3.141592653589793,0.0,0.0,-0.30000000000001137,0.0,2_5,1.0,0.29933174143790353,174.78001274288678,180.0,90.0,0.30000000000001137
lpJL9-mBNmk_00,167,5,2,52.36709367532249,0.0,0.0,1.5707963267948966,3.141592653589793,0.0,0.0,0.05000000000001137,0.0,2_5,1.0,-0.04988809245521253,9999.0,0.0,90.0,0.05000000000001137
lpJL9-mBNmk_00,168,5,2,52.11765535785354,0.0,3.141592653589793,1.5707963267948966,3.141592653589793,0.0,0.0,-0.25,0.0,2_5,1.0,0.24943831746894318,208.9400533434185,180.0,90.0,0.25
lpJL9-mBNmk_00,169,5,2,52.08646657242167,-1.5707963267948966,0.0,0.0,3.141592653589793,0.0,-0.5,0.0,0.0,2_5,1.0,0.031188785431872645,1670.0383118860773,90.0,180.0,0.5
lpJL9-mBNmk_00,170,5,2,51.58730463980455,0.0,0.0,0.0,3.141592653589793,0.5,0.0,0.0,0.0,2_5,1.0,0.4991619326171204,103.34783417743982,0.0,180.0,0.5
lpJL9-mBNmk_00,171,5,2,51.58730463980455,0.0,0.0,0.0,3.141592653589793,0.0,0.0,0.0,0.0,2_5,1.0,-0.0,9999.0,0.0,180.0,0.0
lpJL9-mBNmk_00,172,5,2,51.58730463980455,0.0,0.0,0.0,3.141592653589793,0.0,0.0,0.0,0.0,2_5,1.0,-0.0,9999.0,0.0,180.0,0.0
lpJL9-mBNmk_00,173,5,2,51.58730463980455,0.0,0.0,-0.5585993153435561,3.141592653589793,0.0,0.0,0.0,0.0,2_5,1.0,-0.0,9999.0,0.0,147.99461679191685,0.0
lpJL9-mBNmk_00,174,5,2,51.58730463980455,0.0,0.0,-0.5585993153435561,3.141592653589793,0.0,0.0,0.0,0.0,2_5,1.0,-0.0,9999.0,0.0,147.99461679191685,0.0
lpJL9-mBNmk_00,175,5,2,51.58730463980455,0.0,0.0,-0.5585993153435561,3.141592653589793,0.0,0.0,0.0,0.0,2_5,1.0,-0.0,9999.0,0.0,147.99461679191685,0.0
lpJL9-mBNmk_00,176,5,2,52.13638364904111,3.141592653589793,0.0,-1.1902899496825512,3.141592653589793,-0.30000000000001137,0.0,0.25,0.0,2_5,1.0,-0.5490790092365572,9999.0,180.0,111.8014094863507,0.5500000000000114
lpJL9-mBNmk_00,177,5,2,52.08646657242167,0.0,0.0,-0.7853981633974483,0.0,0.30000000000001137,0.0,0.25,0.0,2_5,1.0,0.049917076619436784,1043.4598758561947,0.0,45.0,0.05000000000001137
lpJL9-mBNmk_00,178,5,2,52.38597140456595,3.141592653589793,0.0,-1.1902899496825512,0.0,-0.30000000000001137,0.0,0.0,0.0,2_5,1.0,-0.2995048321442795,9999.0,180.0,68.19859051364931,0.30000000000001137
lpJL9-mBNmk_00,179,5,2,52.13638364904111,0.0,3.141592653589793,-0.7853981633974483,0.0,0.0,0.0,-0.25,0.0,2_5,1.0,0.2495877555248427,208.88998957263237,180.0,45.0,0.25
lpJL9-mBNmk_00,180,5,2,52.36709367532249,1.951302703907242,0.0,1.5707963267948966,0.0,-0.19999999999998863,0.5,0.0,0.0,2_5,1.0,-0.23071002628137904,9999.0,111.80140948635069,90.0,0.5385164807134462
lpJL9-mBNmk_00,181,5,2,52.58564442887431,-1.5707963267948966,0.0,-1.5707963267948966,0.0,0.0,-0.5,0.25,0.0,2_5,1.0,-0.21855075355182407,9999.0,90.0,90.0,0.5590169943749475
lpJL9-mBNmk_00,182,5,2,52.4169819810336,1.1902899496825512,0.0,1.1902899496825512,0.0,0.19999999999998863,0.5,0.0,0.0,2_5,1.0,0.16866244784070972,310.78039392940565,68.19859051364931,68.19859051364931,0.5385164807134462
lpJL9-mBNmk_00,183,5,2,52.11765535785354,3.141592653589793,3.141592653589793,0.0,3.141592653589793,-0.19999999999998863,0.0,-0.5,0.0,2_5,1.0,0.29932662318005754,174.11633754509896,0.0,180.0,0.30000000000001137
lpJL9-mBNmk_00,184,5,2,51.58730463980455,-0.7853981633974483,0.0,-0.7853981633974483,3.141592653589793,0.5,-0.5,0.0,0.0,2_5,1.0,0.530350718048993,97.27017025559866,45.0,135.0,0.7071067811865476
lpJL9-mBNmk_00,185,5,2,52.08646657242167,3.141592653589793,0.0,-1.5707963267948966,3.141592653589793,-0.5,0.0,0.0,0.0,2_5,1.0,-0.4991619326171204,9999.0,180.0,90.00000000000001,0.5
lpJL9-mBNmk_00,186,5,2,51.83688358688242,0.0,0.0,-0.7853981633974483,0.0,0.5,0.0,0.25,0.0,2_5,1.0,0.24958298553924863,207.69397991967975,0.0,45.0,0.25
lpJL9-mBNmk_00,187,5,2,51.83688358688242,0.0,0.0,-0.7853981633974483,0.0,0.0,0.0,0.0,0.0,2_5,1.0,-0.0,9999.0,0.0,45.0,0.0
lpJL9-mBNmk_00,188,5,2,51.58730463980455,0.0,3.141592653589793,-0.7853981633974483,0.0,0.0,0.0,-0.25,0.0,2_5,1.0,0.24957894707787176,206.6973406363024,180.0,45.0,0.25
lpJL9-mBNmk_00,189,5,2,51.58730463980455,0.0,0.0,0.0,0.0,0.0,0.0,0.0,0.0,2_5,1.0,-0.0,9999.0,0.0,0.0,0.0
lpJL9-mBNmk_00,190,5,2,51.38764442937622,0.0,0.0,0.0,0.0,0.19999999999998863,0.0,0.0,0.0,2_5,1.0,0.19966021042832693,257.3754896838753,0.0,0.0,0.19999999999998863
lpJL9-mBNmk_00,191,5,2,51.83688358688242,3.141592653589793,0.0,0.0,0.0,-0.19999999999998863,0.0,0.25,0.0,2_5,1.0,-0.4492391575061987,9999.0,180.0,0.0,0.44999999999998863
lpJL9-mBNmk_00,192,5,2,51.83688358688242,0.0,0.0,0.0,0.0,0.0,0.0,0.0,0.0,2_5,1.0,-0.0,9999.0,0.0,0.0,0.0
lpJL9-mBNmk_00,193,5,2,51.83688358688242,0.0,0.0,0.0,0.0,0.0,0.0,0.0,0.0,2_5,1.0,-0.0,9999.0,0.0,0.0,0.0
lpJL9-mBNmk_00,194,5,2,51.63722010333245,0.0,0.0,0.0,0.0,0.19999999999998863,0.0,0.0,0.0,2_5,1.0,0.1996634835499691,258.6212520448657,0.0,0.0,0.19999999999998863
lpJL9-mBNmk_00,195,5,2,51.83688358688242,3.141592653589793,0.0,0.0,0.0,-0.19999999999998863,0.0,0.0,0.0,2_5,1.0,-0.1996634835499691,9999.0,180.0,0.0,0.19999999999998863
lpJL9-mBNmk_00,196,5,2,51.83688358688242,0.0,0.0,0.0,0.0,0.0,0.0,0.0,0.0,2_5,1.0,-0.0,9999.0,0.0,0.0,0.0
lpJL9-mBNmk_00,197,5,2,51.83688358688242,0.0,0.0,0.0,3.141592653589793,0.0,0.0,0.0,0.0,2_5,1.0,-0.0,9999.0,0.0,180.0,0.0
lpJL9-mBNmk_00,198,5,2,51.58730463980455,0.0,3.141592653589793,0.0,3.141592653589793,0.0,0.0,-0.25,0.0,2_5,1.0,0.24957894707787176,206.6973406363024,180.0,180.0,0.25
lpJL9-mBNmk_00,199,5,2,51.88679986277821,3.141592653589793,0.0,0.0,3.141592653589793,-0.30000000000001137,0.0,0.0,0.0,2_5,1.0,-0.29949522297366116,9999.0,180.0,180.0,0.30000000000001137
lpJL9-mBNmk_00,200,5,2,51.88679986277821,0.0,0.0,-1.1902899496825512,3.141592653589793,0.0,0.0,0.0,0.0,2_5,1.0,-0.0,9999.0,0.0,111.8014094863507,0.0
lpJL9-mBNmk_00,201,5,2,51.88679986277821,0.0,0.0,0.0,3.141592653589793,0.0,0.0,0.0,0.0,2_5,1.0,-0.0,9999.0,0.0,180.0,0.0
lpJL9-mBNmk_00,202,5,2,51.88679986277821,0.0,0.0,-1.5707963267948966,3.141592653589793,0.0,0.0,0.0,0.0,2_5,1.0,-0.0,9999.0,0.0,90.00000000000001,0.0
lpJL9-mBNmk_00,203,5,2,51.88679986277821,0.0,0.0,-1.1902899496825512,0.0,0.0,0.0,0.0,0.0,2_5,1.0,-0.0,9999.0,0.0,68.19859051364931,0.0
lpJL9-mBNmk_00,204,5,2,51.88679986277821,0.0,0.0,3.141592653589793,0.0,0.0,0.0,0.0,0.0,2_5,1.0,-0.0,9999.0,0.0,180.0,0.0
lpJL9-mBNmk_00,205,5,2,51.88679986277821,0.0,0.0,0.0,0.0,0.0,0.0,0.0,0.0,2_5,1.0,-0.0,9999.0,0.0,0.0,0.0
lpJL9-mBNmk_00,206,5,2,51.88679986277821,0.0,0.0,3.141592653589793,3.141592653589793,0.0,0.0,0.0,0.0,2_5,1.0,-0.0,9999.0,0.0,0.0,0.0
lpJL9-mBNmk_00,207,5,2,51.88679986277821,0.0,0.0,3.141592653589793,3.141592653589793,0.0,0.0,0.0,0.0,2_5,1.0,-0.0,9999.0,0.0,0.0,0.0
lpJL9-mBNmk_00,208,5,2,51.88679986277821,0.0,0.0,3.141592653589793,0.0,0.0,0.0,0.0,0.0,2_5,1.0,-0.0,9999.0,0.0,180.0,0.0
lpJL9-mBNmk_00,209,5,2,51.88679986277821,0.0,0.0,3.141592653589793,0.0,0.0,0.0,0.0,0.0,2_5,1.0,-0.0,9999.0,0.0,180.0,0.0
lpJL9-mBNmk_00,210,5,2,51.58730463980455,0.0,0.0,3.141592653589793,0.0,0.30000000000001137,0.0,0.0,0.0,2_5,1.0,0.29949522297366116,172.2475040756872,0.0,180.0,0.30000000000001137
lpJL9-mBNmk_00,211,5,2,51.83688358688242,0.0,0.0,0.0,0.0,0.0,0.0,0.25,0.0,2_5,1.0,-0.24957894707787176,9999.0,0.0,0.0,0.25
lpJL9-mBNmk_00,212,5,2,51.83688358688242,0.0,0.0,0.0,0.0,0.0,0.0,0.0,0.0,2_5,1.0,-0.0,9999.0,0.0,0.0,0.0
lpJL9-mBNmk_00,213,5,2,51.88679986277821,3.141592653589793,3.141592653589793,3.141592653589793,3.141592653589793,-0.30000000000001137,0.0,-0.25,0.0,2_5,1.0,-0.0499162758957894,9999.0,0.0,0.0,0.05000000000001137
lpJL9-mBNmk_00,214,5,2,51.88679986277821,0.0,0.0,3.141592653589793,3.141592653589793,0.0,0.0,0.0,0.0,2_5,1.0,-0.0,9999.0,0.0,0.0,0.0
lpJL9-mBNmk_00,215,5,2,51.88679986277821,0.0,0.0,3.141592653589793,3.141592653589793,0.0,0.0,0.0,0.0,2_5,1.0,-0.0,9999.0,0.0,0.0,0.0
lpJL9-mBNmk_00,216,5,2,51.88679986277821,0.0,0.0,3.141592653589793,3.141592653589793,0.0,0.0,0.0,0.0,2_5,1.0,-0.0,9999.0,0.0,0.0,0.0
lpJL9-mBNmk_00,217,5,2,51.58730463980455,0.0,0.0,0.0,3.141592653589793,0.30000000000001137,0.0,0.0,0.0,2_5,1.0,0.29949522297366116,172.2475040756872,0.0,180.0,0.30000000000001137
lpJL9-mBNmk_00,218,5,2,51.88679986277821,3.141592653589793,0.0,3.141592653589793,0.0,-0.30000000000001137,0.0,0.0,0.0,2_5,1.0,-0.29949522297366116,9999.0,180.0,180.0,0.30000000000001137
lpJL9-mBNmk_00,219,5,2,51.88679986277821,0.0,0.0,0.0,0.0,0.0,0.0,0.0,0.0,2_5,1.0,-0.0,9999.0,0.0,0.0,0.0
lpJL9-mBNmk_00,220,5,2,51.88679986277821,0.0,0.0,0.0,0.0,0.0,0.0,0.0,0.0,2_5,1.0,-0.0,9999.0,0.0,0.0,0.0
lpJL9-mBNmk_00,221,5,2,51.88679986277821,0.0,0.0,0.0,0.0,0.0,0.0,0.0,0.0,2_5,1.0,-0.0,9999.0,0.0,0.0,0.0
lpJL9-mBNmk_00,222,5,2,52.08646657242167,3.141592653589793,0.0,3.141592653589793,0.0,-0.19999999999998863,0.0,0.0,0.0,2_5,1.0,-0.19966670964345923,9999.0,180.0,180.0,0.19999999999998863
lpJL9-mBNmk_00,223,5,2,52.08646657242167,0.0,0.0,3.141592653589793,0.0,0.0,0.0,0.0,0.0,2_5,1.0,-0.0,9999.0,0.0,180.0,0.0
lpJL9-mBNmk_00,224,5,2,52.08646657242167,0.0,0.0,3.141592653589793,0.0,0.0,0.0,0.0,0.0,2_5,1.0,-0.0,9999.0,0.0,180.0,0.0
lpJL9-mBNmk_00,225,5,2,52.08646657242167,0.0,0.0,3.141592653589793,0.0,0.0,0.0,0.0,0.0,2_5,1.0,-0.0,9999.0,0.0,180.0,0.0
lpJL9-mBNmk_00,226,5,2,51.918108594208256,1.1902899496825512,0.0,1.5707963267948966,0.0,0.19999999999998863,0.5,0.0,0.0,2_5,1.0,0.16835797821341458,308.3792591545357,68.19859051364931,90.0,0.5385164807134462
lpJL9-mBNmk_00,235,5,2,52.15361924162119,3.141592653589793,0.0,1.2793395323170191,0.0,-0.25,0.0,0.5,0.0,2_5,9.0,-0.026167849712548572,9999.0,180.0,73.30075576600578,0.08333333333333333
lpJL9-mBNmk_00,236,5,2,52.652160449501025,3.141592653589793,0.0,1.7681918866447663,0.0,-0.5,0.0,0.0,0.0,2_5,1.0,-0.4985412078798319,9999.0,180.0,101.30993247401959,0.5
lpJL9-mBNmk_00,237,5,2,51.90435916182763,0.0,3.141592653589793,1.8157749899217608,0.0,0.25,0.0,-0.5,0.0,2_5,1.0,0.747801287673397,69.40929364178483,180.0,104.03624346792648,0.75
lpJL9-mBNmk_00,238,5,2,52.652160449501025,3.141592653589793,0.0,1.7681918866447663,0.0,-0.25,0.0,0.5,0.0,2_5,1.0,-0.747801287673397,9999.0,180.0,101.30993247401959,0.75
lpJL9-mBNmk_00,239,5,2,52.652160449501025,0.0,0.0,1.7681918866447663,0.0,0.0,0.0,0.0,0.0,2_5,1.0,-0.0,9999.0,0.0,101.30993247401959,0.0
lpJL9-mBNmk_00,240,5,2,52.90144137922898,3.141592653589793,0.0,1.9936502529278277,0.0,-0.25,0.0,0.0,0.0,2_5,1.0,-0.24928092972795213,9999.0,180.0,114.22774531795362,0.25
lpJL9-mBNmk_00,241,5,2,53.150729063673246,0.0,0.0,1.9936502529278277,0.0,0.0,0.0,0.25,0.0,2_5,1.0,-0.24928768444426908,9999.0,0.0,114.22774531795362,0.25
lpJL9-mBNmk_00,242,5,2,53.150729063673246,0.0,0.0,1.8157749899217608,0.0,0.0,0.0,0.0,0.0,2_5,1.0,-0.0,9999.0,0.0,104.03624346792648,0.0
lpJL9-mBNmk_00,243,5,2,53.150729063673246,0.0,0.0,1.8157749899217608,0.0,0.0,0.0,0.0,0.0,2_5,1.0,-0.0,9999.0,0.0,104.03624346792648,0.0
lpJL9-mBNmk_00,244,5,2,53.150729063673246,0.0,0.0,1.8157749899217608,0.0,0.0,0.0,0.0,0.0,2_5,1.0,-0.0,9999.0,0.0,104.03624346792648,0.0
lpJL9-mBNmk_00,245,5,2,53.150729063673246,0.0,0.0,1.8157749899217608,0.0,0.0,0.0,0.0,0.0,2_5,1.0,-0.0,9999.0,0.0,104.03624346792648,0.0
lpJL9-mBNmk_00,246,5,2,52.90144137922898,0.0,3.141592653589793,2.3036114285813905,0.0,0.0,0.0,-0.25,0.0,2_5,1.0,0.24928768444426908,212.21040861750095,180.0,131.98721249581592,0.25
lpJL9-mBNmk_00,247,5,2,52.90144137922898,0.0,0.0,2.0344439357957027,0.0,0.25,0.0,0.25,0.0,2_5,1.0,-0.0,9999.0,0.0,116.56505117707799,0.0
lpJL9-mBNmk_00,248,5,2,52.652160449501025,0.0,3.141592653589793,2.582993338246237,0.0,0.0,0.0,-0.25,0.0,2_5,1.0,0.24928092972795213,211.2161588411995,180.0,147.99461679191685,0.25
lpJL9-mBNmk_00,249,5,2,52.90144137922898,0.0,0.0,2.677945044588987,0.0,0.0,0.0,0.25,0.0,2_5,1.0,-0.24928092972795213,9999.0,0.0,153.434948822922,0.25
lpJL9-mBNmk_00,250,5,2,53.61436374704078,-1.5707963267948966,0.0,2.819842099193151,0.0,0.0,-0.5,0.75,0.0,2_5,1.0,-0.7129223678117995,9999.0,90.0,161.565051177078,0.9013878188659973
lpJL9-mBNmk_00,251,5,2,53.584046133154224,-1.5707963267948966,0.0,-2.5535900500422253,0.0,0.0,-0.5,0.0,0.0,2_5,1.0,0.030317613886552408,1767.422935514124,90.0,146.3099324740202,0.5
lpJL9-mBNmk_00,252,5,2,52.61653732430518,0.46364760900080615,0.0,-2.356194490192345,0.0,1.0,0.5,0.0,0.0,2_5,1.0,0.9675088088490469,54.38352275768741,26.565051177077994,135.0,1.118033988749895
lpJL9-mBNmk_00,253,5,2,53.61436374704078,3.141592653589793,0.0,-2.761086276477428,0.0,-1.0,0.0,0.0,0.0,2_5,1.0,-0.9978264227355993,9999.0,180.0,158.19859051364818,1.0
lpJL9-mBNmk_00,254,5,2,53.61436374704078,0.0,0.0,-2.5535900500422253,0.0,0.0,0.0,0.0,0.0,2_5,1.0,-0.0,9999.0,0.0,146.3099324740202,0.0
lpJL9-mBNmk_00,255,5,2,52.61653732430518,0.0,0.0,-0.7853981633974483,0.0,1.0,0.0,0.0,0.0,2_5,1.0,0.9978264227355993,52.73115255863227,0.0,45.0,1.0
lpJL9-mBNmk_00,256,5,2,53.584046133154224,-2.677945044588987,0.0,-1.5707963267948966,0.0,-1.0,-0.5,0.0,0.0,2_5,1.0,-0.9675088088490469,9999.0,153.434948822922,90.0,1.118033988749895
lpJL9-mBNmk_00,257,5,2,53.584046133154224,0.0,0.0,-1.8157749899217608,0.0,0.0,0.0,0.0,0.0,2_5,1.0,-0.0,9999.0,0.0,104.03624346792648,0.0
lpJL9-mBNmk_00,258,5,2,53.2845193278498,0.0,3.141592653589793,-1.5707963267948966,0.0,0.0,0.0,-0.30000000000001137,0.0,2_5,1.0,0.2995268053044242,177.89566203830756,180.0,90.0,0.30000000000001137
lpJL9-mBNmk_00,259,5,2,53.2845193278498,0.0,0.0,-1.5707963267948966,0.0,0.0,0.0,0.0,0.0,2_5,1.0,-0.0,9999.0,0.0,90.0,0.0
lpJL9-mBNmk_00,260,5,2,53.2845193278498,0.0,0.0,-1.3258176636680323,0.0,0.0,0.0,0.0,0.0,2_5,1.0,-0.0,9999.0,0.0,75.96375653207352,0.0
lpJL9-mBNmk_00,261,5,2,53.2845193278498,0.0,0.0,-1.3258176636680323,0.0,0.0,0.0,0.0,0.0,2_5,1.0,-0.0,9999.0,0.0,75.96375653207352,0.0
lpJL9-mBNmk_00,262,5,2,53.2845193278498,0.0,0.0,-1.3258176636680323,0.0,0.0,0.0,0.0,0.0,2_5,1.0,-0.0,9999.0,0.0,75.96375653207352,0.0
lpJL9-mBNmk_00,263,5,2,53.2845193278498,0.0,0.0,-1.3258176636680323,0.0,0.0,0.0,0.0,0.0,2_5,1.0,-0.0,9999.0,0.0,75.96375653207352,0.0
lpJL9-mBNmk_00,264,5,2,53.2845193278498,0.0,0.0,-1.3258176636680323,0.0,0.0,0.0,0.0,0.0,2_5,1.0,-0.0,9999.0,0.0,75.96375653207352,0.0
lpJL9-mBNmk_00,265,5,2,53.2845193278498,0.0,0.0,-1.3258176636680323,0.0,0.0,0.0,0.0,0.0,2_5,1.0,-0.0,9999.0,0.0,75.96375653207352,0.0
lpJL9-mBNmk_00,266,5,2,53.53412463093049,3.141592653589793,0.0,-1.5707963267948966,0.0,-0.25,0.0,0.0,0.0,2_5,1.0,-0.24960530308069195,9999.0,180.0,90.0,0.25
lpJL9-mBNmk_00,267,5,2,52.58564442887431,0.0,3.141592653589793,-1.5707963267948966,3.141592653589793,0.25,0.0,-0.6999999999999886,0.0,2_5,1.0,0.9484802020561816,55.44200534167764,180.0,90.00000000000001,0.9499999999999886
lpJL9-mBNmk_00,268,5,2,53.08483775994799,0.0,0.0,-1.5707963267948966,0.0,0.0,0.0,0.5,0.0,2_5,1.0,-0.4991933310736769,9999.0,0.0,90.0,0.5
lpJL9-mBNmk_00,269,5,2,53.08483775994799,0.0,0.0,-1.5707963267948966,0.0,0.0,0.0,0.0,0.0,2_5,1.0,-0.0,9999.0,0.0,90.0,0.0
lpJL9-mBNmk_00,270,5,2,53.2845193278498,0.0,0.0,-1.5707963267948966,3.141592653589793,0.0,0.0,0.19999999999998863,0.0,2_5,1.0,-0.19968156790181268,9999.0,0.0,90.00000000000001,0.19999999999998863
lpJL9-mBNmk_00,271,5,2,53.08483775994799,0.0,3.141592653589793,0.0,3.141592653589793,0.0,0.0,-0.19999999999998863,0.0,2_5,1.0,0.19968156790181268,265.84746062316,180.0,180.0,0.19999999999998863
lpJL9-mBNmk_00,272,5,2,53.115440316352455,1.5707963267948966,0.0,3.141592653589793,3.141592653589793,0.0,0.5,0.0,0.0,2_5,1.0,-0.030602556404467407,9999.0,90.0,0.0,0.5
lpJL9-mBNmk_00,273,5,2,53.115440316352455,0.0,0.0,0.0,3.141592653589793,0.0,0.0,0.0,0.0,2_5,1.0,-0.0,9999.0,0.0,180.0,0.0
lpJL9-mBNmk_00,274,5,2,53.115440316352455,0.0,0.0,0.0,3.141592653589793,0.0,0.0,0.0,0.0,2_5,1.0,-0.0,9999.0,0.0,180.0,0.0
lpJL9-mBNmk_00,275,5,2,53.115440316352455,0.0,0.0,3.141592653589793,3.141592653589793,0.0,0.0,0.0,0.0,2_5,1.0,-0.0,9999.0,0.0,0.0,0.0
lpJL9-mBNmk_00,276,5,2,53.115440316352455,0.0,0.0,1.5707963267948966,3.141592653589793,0.0,0.0,0.0,0.0,2_5,1.0,-0.0,9999.0,0.0,90.0,0.0
lpJL9-mBNmk_00,277,5,2,53.115440316352455,0.0,0.0,1.5707963267948966,3.141592653589793,0.0,0.0,0.0,0.0,2_5,1.0,-0.0,9999.0,0.0,90.0,0.0
lpJL9-mBNmk_00,278,5,2,52.86598622933275,0.0,3.141592653589793,1.5707963267948966,3.141592653589793,0.0,0.0,-0.25,0.0,2_5,1.0,0.24945408701970706,211.92671910465148,180.0,90.0,0.25
lpJL9-mBNmk_00,279,5,2,53.08483775994799,-1.5707963267948966,0.0,0.0,3.141592653589793,0.0,-0.5,0.25,0.0,2_5,1.0,-0.21885153061523965,9999.0,90.0,180.0,0.5590169943749475
lpJL9-mBNmk_00,280,5,2,53.115440316352455,1.5707963267948966,0.0,1.5707963267948966,3.141592653589793,0.0,0.5,0.0,0.0,2_5,1.0,-0.030602556404467407,9999.0,90.0,90.0,0.5
lpJL9-mBNmk_00,281,5,2,53.08483775994799,-1.5707963267948966,0.0,0.0,3.141592653589793,0.0,-0.5,0.0,0.0,2_5,1.0,0.030602556404467407,1734.6537020743333,90.0,180.0,0.5
lpJL9-mBNmk_00,282,5,2,53.08483775994799,0.0,0.0,0.0,3.141592653589793,0.0,0.0,0.0,0.0,2_5,1.0,-0.0,9999.0,0.0,180.0,0.0
lpJL9-mBNmk_00,283,5,2,53.08483775994799,0.0,0.0,0.0,3.141592653589793,0.0,0.0,0.0,0.0,2_5,1.0,-0.0,9999.0,0.0,180.0,0.0
lpJL9-mBNmk_00,284,5,2,52.58564442887431,0.0,3.141592653589793,0.0,3.141592653589793,0.0,0.0,-0.5,0.0,2_5,1.0,0.4991933310736769,105.34123986747149,180.0,180.0,0.5
lpJL9-mBNmk_00,285,5,2,52.58564442887431,0.0,0.0,0.0,3.141592653589793,0.0,0.0,0.0,0.0,2_5,1.0,-0.0,9999.0,0.0,180.0,0.0
lpJL9-mBNmk_00,286,5,2,52.61653732430518,1.5707963267948966,0.0,1.1071487177940904,3.141592653589793,0.0,0.5,0.0,0.0,2_5,1.0,-0.03089289543086693,9999.0,90.0,116.56505117707799,0.5
lpJL9-mBNmk_00,287,5,2,52.61653732430518,0.0,0.0,1.5707963267948966,0.0,0.0,0.0,0.0,0.0,2_5,1.0,-0.0,9999.0,0.0,90.0,0.0
lpJL9-mBNmk_00,288,5,2,52.61653732430518,0.0,0.0,1.5707963267948966,3.141592653589793,0.0,0.0,0.0,0.0,2_5,1.0,-0.0,9999.0,0.0,90.0,0.0
lpJL9-mBNmk_00,289,5,2,52.58564442887431,-1.5707963267948966,0.0,0.0,3.141592653589793,0.0,-0.5,0.0,0.0,2_5,1.0,0.03089289543086693,1702.1921608659857,90.0,180.0,0.5
lpJL9-mBNmk_00,290,5,2,52.58564442887431,0.0,0.0,0.0,3.141592653589793,0.0,0.0,0.0,0.0,2_5,1.0,-0.0,9999.0,0.0,180.0,0.0
lpJL9-mBNmk_00,291,5,2,52.4169819810336,1.5707963267948966,3.141592653589793,1.5707963267948966,3.141592653589793,0.0,0.5,-0.19999999999998863,0.0,2_5,1.0,0.16866244784070972,310.78039392940565,90.0,90.0,0.5385164807134462
lpJL9-mBNmk_00,292,5,2,52.58564442887431,-1.5707963267948966,0.0,-1.5707963267948966,3.141592653589793,0.0,-0.5,0.19999999999998863,0.0,2_5,1.0,-0.16866244784070972,9999.0,90.0,90.00000000000001,0.5385164807134462
lpJL9-mBNmk_00,293,5,2,52.58564442887431,0.0,0.0,-1.5707963267948966,3.141592653589793,0.0,0.0,0.0,0.0,2_5,1.0,-0.0,9999.0,0.0,90.00000000000001,0.0
lpJL9-mBNmk_00,294,5,2,52.61653732430518,1.5707963267948966,0.0,0.0,3.141592653589793,0.0,0.5,0.0,0.0,2_5,1.0,-0.03089289543086693,9999.0,90.0,180.0,0.5
lpJL9-mBNmk_00,295,5,2,52.58564442887431,-1.5707963267948966,0.0,-1.5707963267948966,3.141592653589793,0.0,-0.5,0.0,0.0,2_5,1.0,0.03089289543086693,1702.1921608659857,90.0,90.00000000000001,0.5
lpJL9-mBNmk_00,296,5,2,52.58564442887431,0.0,0.0,-1.5707963267948966,3.141592653589793,0.0,0.0,0.0,0.0,2_5,1.0,-0.0,9999.0,0.0,90.00000000000001,0.0
lpJL9-mBNmk_00,297,5,2,52.58564442887431,0.0,0.0,-1.5707963267948966,3.141592653589793,0.0,0.0,0.0,0.0,2_5,1.0,-0.0,9999.0,0.0,90.00000000000001,0.0
lpJL9-mBNmk_00,298,5,2,52.61653732430518,1.5707963267948966,0.0,0.0,3.141592653589793,0.0,0.5,0.0,0.0,2_5,1.0,-0.03089289543086693,9999.0,90.0,180.0,0.5
lpJL9-mBNmk_00,299,5,2,52.61653732430518,0.0,0.0,1.5707963267948966,3.141592653589793,0.0,0.0,0.0,0.0,2_5,1.0,-0.0,9999.0,0.0,90.0,0.0
lpJL9-mBNmk_00,300,5,2,52.58564442887431,-1.5707963267948966,0.0,-1.5707963267948966,3.141592653589793,0.0,-0.5,0.0,0.0,2_5,1.0,0.03089289543086693,1702.1921608659857,90.0,90.00000000000001,0.5
lpJL9-mBNmk_00,301,5,2,52.58564442887431,0.0,0.0,0.0,3.141592653589793,0.0,0.0,0.0,0.0,2_5,1.0,-0.0,9999.0,0.0,180.0,0.0
lpJL9-mBNmk_00,302,5,2,52.58564442887431,0.0,0.0,0.0,3.141592653589793,0.0,0.0,0.0,0.0,2_5,1.0,-0.0,9999.0,0.0,180.0,0.0
lpJL9-mBNmk_00,303,5,2,52.58564442887431,0.0,0.0,0.0,3.141592653589793,0.0,0.0,0.0,0.0,2_5,1.0,-0.0,9999.0,0.0,180.0,0.0
lpJL9-mBNmk_00,304,5,2,52.58564442887431,0.0,0.0,0.0,0.0,0.0,0.0,0.0,0.0,2_5,1.0,-0.0,9999.0,0.0,0.0,0.0
lpJL9-mBNmk_00,305,5,2,52.58564442887431,0.0,0.0,0.0,0.0,0.0,0.0,0.0,0.0,2_5,1.0,-0.0,9999.0,0.0,0.0,0.0
lpJL9-mBNmk_00,306,5,2,52.58564442887431,0.0,0.0,-1.5707963267948966,0.0,0.0,0.0,0.0,0.0,2_5,1.0,-0.0,9999.0,0.0,90.0,0.0
lpJL9-mBNmk_00,307,5,2,52.58564442887431,0.0,0.0,-1.5707963267948966,0.0,0.0,0.0,0.0,0.0,2_5,1.0,-0.0,9999.0,0.0,90.0,0.0
lpJL9-mBNmk_00,308,5,2,52.58564442887431,0.0,0.0,-1.5707963267948966,0.0,0.0,0.0,0.0,0.0,2_5,1.0,-0.0,9999.0,0.0,90.0,0.0
lpJL9-mBNmk_00,309,5,2,52.58564442887431,0.0,0.0,0.0,0.0,0.0,0.0,0.0,0.0,2_5,1.0,-0.0,9999.0,0.0,0.0,0.0
lpJL9-mBNmk_00,310,5,2,52.58564442887431,0.0,0.0,0.0,0.0,0.0,0.0,0.0,0.0,2_5,1.0,-0.0,9999.0,0.0,0.0,0.0
lpJL9-mBNmk_00,311,5,2,52.58564442887431,0.0,0.0,-1.5707963267948966,0.0,0.0,0.0,0.0,0.0,2_5,1.0,-0.0,9999.0,0.0,90.0,0.0
lpJL9-mBNmk_00,312,5,2,52.58564442887431,0.0,0.0,0.0,0.0,0.0,0.0,0.0,0.0,2_5,1.0,-0.0,9999.0,0.0,0.0,0.0
lpJL9-mBNmk_00,313,5,2,52.58564442887431,0.0,0.0,0.0,0.0,0.0,0.0,0.0,0.0,2_5,1.0,-0.0,9999.0,0.0,0.0,0.0
lpJL9-mBNmk_00,314,5,2,52.58564442887431,0.0,0.0,-1.5707963267948966,0.0,0.0,0.0,0.0,0.0,2_5,1.0,-0.0,9999.0,0.0,90.0,0.0
lpJL9-mBNmk_00,315,5,2,52.58564442887431,0.0,0.0,0.0,0.0,0.0,0.0,0.0,0.0,2_5,1.0,-0.0,9999.0,0.0,0.0,0.0
lpJL9-mBNmk_00,316,5,2,52.58564442887431,0.0,0.0,0.0,0.0,0.0,0.0,0.0,0.0,2_5,1.0,-0.0,9999.0,0.0,0.0,0.0
lpJL9-mBNmk_00,317,5,2,52.58564442887431,0.0,0.0,0.0,0.0,0.0,0.0,0.0,0.0,2_5,1.0,-0.0,9999.0,0.0,0.0,0.0
lpJL9-mBNmk_00,318,5,2,52.58564442887431,0.0,0.0,-1.5707963267948966,0.0,0.0,0.0,0.0,0.0,2_5,1.0,-0.0,9999.0,0.0,90.0,0.0
lpJL9-mBNmk_00,319,5,2,52.58564442887431,0.0,0.0,-1.5707963267948966,0.0,0.0,0.0,0.0,0.0,2_5,1.0,-0.0,9999.0,0.0,90.0,0.0
lpJL9-mBNmk_00,320,5,2,52.58564442887431,0.0,0.0,0.0,0.0,0.0,0.0,0.0,0.0,2_5,1.0,-0.0,9999.0,0.0,0.0,0.0
lpJL9-mBNmk_00,321,5,2,52.58564442887431,0.0,0.0,0.0,0.0,0.0,0.0,0.0,0.0,2_5,1.0,-0.0,9999.0,0.0,0.0,0.0
lpJL9-mBNmk_00,322,5,2,52.58564442887431,0.0,0.0,0.0,0.0,0.0,0.0,0.0,0.0,2_5,1.0,-0.0,9999.0,0.0,0.0,0.0
lpJL9-mBNmk_00,323,5,2,52.58564442887431,0.0,0.0,0.0,0.0,0.0,0.0,0.0,0.0,2_5,1.0,-0.0,9999.0,0.0,0.0,0.0
lpJL9-mBNmk_00,324,5,2,52.88515859860875,3.141592653589793,0.0,3.141592653589793,0.0,-0.30000000000001137,0.0,0.0,0.0,2_5,1.0,-0.29951416973443656,9999.0,180.0,180.0,0.30000000000001137
lpJL9-mBNmk_00,325,5,2,52.785319928934776,0.0,0.0,0.0,0.0,0.30000000000001137,0.0,0.19999999999998863,0.0,2_5,1.0,0.09983866967397148,528.7061626653086,0.0,0.0,0.10000000000002274
lpJL9-mBNmk_00,326,5,2,52.58564442887431,0.0,3.141592653589793,0.0,0.0,0.0,0.0,-0.19999999999998863,0.0,2_5,1.0,0.19967550006046508,263.35551639009543,180.0,0.0,0.19999999999998863
lpJL9-mBNmk_00,327,5,2,52.58564442887431,0.0,0.0,0.0,0.0,0.0,0.0,0.0,0.0,2_5,1.0,-0.0,9999.0,0.0,0.0,0.0
lpJL9-mBNmk_00,328,5,2,52.33605353864581,0.0,3.141592653589793,0.0,3.141592653589793,0.0,0.0,-0.25,0.0,2_5,1.0,0.24959089022850378,209.6873547377128,180.0,180.0,0.25
lpJL9-mBNmk_00,329,5,2,52.33605353864581,0.0,0.0,0.0,3.141592653589793,0.0,0.0,0.0,0.0,2_5,1.0,-0.0,9999.0,0.0,180.0,0.0
lpJL9-mBNmk_00,330,5,2,51.088159097779204,0.0,3.141592653589793,0.0,3.141592653589793,0.0,0.0,-1.25,0.0,2_5,1.0,1.2478944408666024,40.93948768799783,180.0,180.0,1.25
lpJL9-mBNmk_00,331,5,2,52.33605353864581,0.0,0.0,0.0,3.141592653589793,0.0,0.0,1.25,0.0,2_5,1.0,-1.2478944408666024,9999.0,0.0,180.0,1.25
lpJL9-mBNmk_00,332,5,2,52.58564442887431,0.0,0.0,0.0,0.0,0.0,0.0,0.25,0.0,2_5,1.0,-0.24959089022850378,9999.0,0.0,0.0,0.25
lpJL9-mBNmk_00,333,5,2,52.785319928934776,0.0,0.0,0.0,0.0,0.0,0.0,0.19999999999998863,0.0,2_5,1.0,-0.19967550006046508,9999.0,0.0,0.0,0.19999999999998863
lpJL9-mBNmk_00,334,5,2,52.785319928934776,0.0,0.0,0.0,0.0,0.0,0.0,0.0,0.0,2_5,1.0,-0.0,9999.0,0.0,0.0,0.0
lpJL9-mBNmk_00,335,5,2,52.785319928934776,0.0,0.0,0.0,0.0,0.0,0.0,0.0,0.0,2_5,1.0,-0.0,9999.0,0.0,0.0,0.0
lpJL9-mBNmk_00,336,5,2,52.81609603141829,1.5707963267948966,0.0,1.5707963267948966,0.0,0.0,0.5,0.0,0.0,2_5,1.0,-0.030776102483514478,9999.0,90.0,90.0,0.5
lpJL9-mBNmk_00,337,5,2,52.81609603141829,0.0,0.0,1.5707963267948966,0.0,0.0,0.0,0.0,0.0,2_5,1.0,-0.0,9999.0,0.0,90.0,0.0
lpJL9-mBNmk_00,338,5,2,52.81609603141829,0.0,0.0,1.5707963267948966,0.0,0.0,0.0,0.0,0.0,2_5,1.0,-0.0,9999.0,0.0,90.0,0.0
lpJL9-mBNmk_00,339,5,2,52.81609603141829,0.0,0.0,1.5707963267948966,0.0,0.0,0.0,0.0,0.0,2_5,1.0,-0.0,9999.0,0.0,90.0,0.0
lpJL9-mBNmk_00,340,5,2,52.81609603141829,0.0,0.0,1.5707963267948966,0.0,0.0,0.0,0.0,0.0,2_5,1.0,-0.0,9999.0,0.0,90.0,0.0
lpJL9-mBNmk_00,341,5,2,52.81609603141829,0.0,0.0,1.5707963267948966,0.0,0.0,0.0,0.0,0.0,2_5,1.0,-0.0,9999.0,0.0,90.0,0.0
lpJL9-mBNmk_00,342,5,2,52.81609603141829,0.0,0.0,1.5707963267948966,0.0,0.0,0.0,0.0,0.0,2_5,1.0,-0.0,9999.0,0.0,90.0,0.0
lpJL9-mBNmk_00,343,5,2,52.81609603141829,0.0,0.0,1.5707963267948966,0.0,0.0,0.0,0.0,0.0,2_5,1.0,-0.0,9999.0,0.0,90.0,0.0
lpJL9-mBNmk_00,344,5,2,52.81609603141829,0.0,0.0,1.0303768265242956,0.0,0.0,0.0,0.0,0.0,2_5,1.0,-0.0,9999.0,0.0,59.036243467925516,0.0
lpJL9-mBNmk_00,345,5,2,52.81609603141829,0.0,0.0,1.5707963267948966,0.0,0.0,0.0,0.0,0.0,2_5,1.0,-0.0,9999.0,0.0,90.0,0.0
lpJL9-mBNmk_00,346,5,2,53.115440316352455,0.0,0.0,1.5707963267948966,0.0,0.0,0.0,0.30000000000001137,0.0,2_5,1.0,-0.29934428493416476,9999.0,0.0,90.0,0.30000000000001137
lpJL9-mBNmk_00,347,5,2,52.81609603141829,0.0,3.141592653589793,1.5707963267948966,0.0,0.0,0.0,-0.30000000000001137,0.0,2_5,1.0,0.29934428493416476,176.43929979499762,180.0,90.0,0.30000000000001137
lpJL9-mBNmk_00,348,5,2,53.115440316352455,0.0,0.0,1.5707963267948966,0.0,0.0,0.0,0.30000000000001137,0.0,2_5,1.0,-0.29934428493416476,9999.0,0.0,90.0,0.30000000000001137
lpJL9-mBNmk_00,349,5,2,53.115440316352455,0.0,0.0,1.5707963267948966,0.0,0.0,0.0,0.0,0.0,2_5,1.0,-0.0,9999.0,0.0,90.0,0.0
lpJL9-mBNmk_00,350,5,2,52.61653732430518,0.0,3.141592653589793,1.1902899496825512,0.0,0.19999999999998863,0.0,-0.30000000000001137,0.0,2_5,1.0,0.4989029920472774,105.46446536307621,180.0,68.19859051364931,0.5
lpJL9-mBNmk_00,351,5,2,52.61653732430518,0.0,0.0,1.1902899496825512,0.0,0.0,0.0,0.0,0.0,2_5,1.0,-0.0,9999.0,0.0,68.19859051364931,0.0
lpJL9-mBNmk_00,352,5,2,52.61653732430518,0.0,0.0,1.1902899496825512,0.0,0.0,0.0,0.0,0.0,2_5,1.0,-0.0,9999.0,0.0,68.19859051364931,0.0
lpJL9-mBNmk_00,353,5,2,52.61653732430518,0.0,0.0,1.1902899496825512,0.0,0.0,0.0,0.0,0.0,2_5,1.0,-0.0,9999.0,0.0,68.19859051364931,0.0
lpJL9-mBNmk_00,354,5,2,51.85450800075148,0.5585993153435561,0.0,0.7853981633974483,0.0,0.8000000000000114,0.5,0.0,0.0,2_5,1.0,0.7620293235536977,68.04791679003868,32.00538320808313,45.0,0.94339811320567
lpJL9-mBNmk_00,355,5,2,51.85450800075148,0.0,0.0,0.7853981633974483,0.0,0.0,0.0,0.0,0.0,2_5,1.0,-0.0,9999.0,0.0,45.0,0.0
lpJL9-mBNmk_00,356,5,2,51.81833652289505,-1.5707963267948966,0.0,0.0,0.0,0.0,-0.5,0.0,0.0,2_5,1.0,0.036171477856427714,1432.574492216576,90.0,0.0,0.5
lpJL9-mBNmk_00,357,5,2,51.85450800075148,1.5707963267948966,0.0,0.46364760900080615,0.0,0.0,0.5,0.0,0.0,2_5,1.0,-0.036171477856427714,9999.0,90.0,26.565051177077994,0.5
lpJL9-mBNmk_00,358,5,2,51.85450800075148,0.0,0.0,0.46364760900080615,0.0,0.0,0.0,0.0,0.0,2_5,1.0,-0.0,9999.0,0.0,26.565051177077994,0.0
lpJL9-mBNmk_00,359,5,2,52.35303238590864,3.141592653589793,0.0,0.7853981633974483,0.0,-0.5,0.0,0.0,0.0,2_5,1.0,-0.498524385157161,9999.0,180.0,45.0,0.5
lpJL9-mBNmk_00,360,5,2,52.652160449501025,3.141592653589793,3.141592653589793,1.5707963267948966,3.141592653589793,-0.5,0.0,-0.19999999999998863,0.0,2_5,1.0,-0.2991280635923843,9999.0,0.0,90.0,0.30000000000001137
lpJL9-mBNmk_00,361,5,2,52.652160449501025,0.0,0.0,1.5707963267948966,3.141592653589793,0.0,0.0,0.0,0.0,2_5,1.0,-0.0,9999.0,0.0,90.0,0.0
lpJL9-mBNmk_00,362,5,2,52.652160449501025,0.0,0.0,1.5707963267948966,3.141592653589793,0.0,0.0,0.0,0.0,2_5,1.0,-0.0,9999.0,0.0,90.0,0.0
lpJL9-mBNmk_00,363,5,2,52.652160449501025,0.0,0.0,1.5707963267948966,3.141592653589793,0.0,0.0,0.0,0.0,2_5,1.0,-0.0,9999.0,0.0,90.0,0.0
lpJL9-mBNmk_00,364,5,2,52.652160449501025,0.0,0.0,1.5707963267948966,3.141592653589793,0.0,0.0,0.0,0.0,2_5,1.0,-0.0,9999.0,0.0,90.0,0.0
lpJL9-mBNmk_00,365,5,2,52.652160449501025,0.0,0.0,1.5707963267948966,3.141592653589793,0.0,0.0,0.0,0.0,2_5,1.0,-0.0,9999.0,0.0,90.0,0.0
lpJL9-mBNmk_00,366,5,2,52.652160449501025,0.0,0.0,1.5707963267948966,3.141592653589793,0.0,0.0,0.0,0.0,2_5,1.0,-0.0,9999.0,0.0,90.0,0.0
lpJL9-mBNmk_00,367,5,2,52.4028863708861,0.0,0.0,1.1071487177940904,3.141592653589793,0.25,0.0,0.0,0.0,2_5,1.0,0.24927407861492412,210.22196396055085,0.0,116.56505117707799,0.25
lpJL9-mBNmk_00,368,5,2,52.4028863708861,0.0,0.0,1.1071487177940904,3.141592653589793,0.0,0.0,0.0,0.0,2_5,1.0,-0.0,9999.0,0.0,116.56505117707799,0.0
lpJL9-mBNmk_00,369,5,2,52.4028863708861,0.0,0.0,1.1071487177940904,3.141592653589793,0.0,0.0,0.0,0.0,2_5,1.0,-0.0,9999.0,0.0,116.56505117707799,0.0
lpJL9-mBNmk_00,370,5,2,52.4028863708861,0.0,0.0,1.471127674303712,3.141592653589793,0.0,0.0,0.0,0.0,2_5,1.0,-0.0,9999.0,0.0,95.71059313750094,0.0
lpJL9-mBNmk_00,371,5,2,52.4028863708861,0.0,0.0,1.471127674303712,3.141592653589793,0.0,0.0,0.0,0.0,2_5,1.0,-0.0,9999.0,0.0,95.71059313750094,0.0
lpJL9-mBNmk_00,372,5,2,52.4028863708861,0.0,0.0,1.471127674303712,3.141592653589793,0.0,0.0,0.0,0.0,2_5,1.0,-0.0,9999.0,0.0,95.71059313750094,0.0
lpJL9-mBNmk_00,373,5,2,52.4028863708861,0.0,0.0,1.471127674303712,3.141592653589793,0.0,0.0,0.0,0.0,2_5,1.0,-0.0,9999.0,0.0,95.71059313750094,0.0
lpJL9-mBNmk_00,374,5,2,52.4028863708861,0.0,0.0,3.141592653589793,3.141592653589793,0.0,0.0,0.0,0.0,2_5,1.0,-0.0,9999.0,0.0,0.0,0.0
lpJL9-mBNmk_00,375,5,2,52.4028863708861,0.0,0.0,3.141592653589793,3.141592653589793,0.0,0.0,0.0,0.0,2_5,1.0,-0.0,9999.0,0.0,0.0,0.0
lpJL9-mBNmk_00,376,5,2,52.4028863708861,0.0,0.0,2.5535900500422253,3.141592653589793,0.0,0.0,0.0,0.0,2_5,1.0,-0.0,9999.0,0.0,33.6900675259798,0.0
lpJL9-mBNmk_00,377,5,2,52.4028863708861,0.0,0.0,3.141592653589793,3.141592653589793,0.0,0.0,0.0,0.0,2_5,1.0,-0.0,9999.0,0.0,0.0,0.0
lpJL9-mBNmk_00,378,5,2,52.652160449501025,3.141592653589793,0.0,3.141592653589793,3.141592653589793,-0.25,0.0,0.0,0.0,2_5,1.0,-0.24927407861492412,9999.0,180.0,0.0,0.25
lpJL9-mBNmk_00,379,5,2,52.652160449501025,0.0,0.0,3.141592653589793,3.141592653589793,0.0,0.0,0.0,0.0,2_5,1.0,-0.0,9999.0,0.0,0.0,0.0
lpJL9-mBNmk_00,380,5,2,52.652160449501025,0.0,0.0,0.0,0.0,0.0,0.0,0.0,0.0,2_5,1.0,-0.0,9999.0,0.0,0.0,0.0
lpJL9-mBNmk_00,381,5,2,52.652160449501025,0.0,0.0,0.0,0.0,0.0,0.0,0.0,0.0,2_5,1.0,-0.0,9999.0,0.0,0.0,0.0
lpJL9-mBNmk_00,382,5,2,52.61653732430518,0.0,1.5707963267948966,0.0,1.5707963267948966,0.0,0.0,0.0,0.5,2_5,1.0,0.03562312519584765,1477.0331641323355,90.0,90.0,0.5
lpJL9-mBNmk_00,383,5,2,52.61653732430518,0.0,0.0,0.0,1.5707963267948966,0.0,0.0,0.0,0.0,2_5,1.0,-0.0,9999.0,0.0,90.0,0.0
lpJL9-mBNmk_00,384,5,2,52.08646657242167,0.0,1.5707963267948966,0.0,1.5707963267948966,0.5,0.0,0.0,0.5,2_5,1.0,0.5300707518835068,98.26323445944188,90.0,90.0,0.7071067811865476
lpJL9-mBNmk_00,385,5,2,52.08646657242167,0.0,0.0,0.0,1.5707963267948966,0.0,0.0,0.0,0.0,2_5,1.0,-0.0,9999.0,0.0,90.0,0.0
lpJL9-mBNmk_00,386,5,2,52.08646657242167,0.0,0.0,0.0,1.5707963267948966,0.0,0.0,0.0,0.0,2_5,1.0,-0.0,9999.0,0.0,90.0,0.0
lpJL9-mBNmk_00,387,5,2,52.08646657242167,0.0,0.0,0.0,1.5707963267948966,0.0,0.0,0.0,0.0,2_5,1.0,-0.0,9999.0,0.0,90.0,0.0
lpJL9-mBNmk_00,388,5,2,52.08646657242167,0.0,0.0,0.0,1.5707963267948966,0.0,0.0,0.0,0.0,2_5,1.0,-0.0,9999.0,0.0,90.0,0.0
lpJL9-mBNmk_00,389,5,2,52.08646657242167,0.0,0.0,0.0,1.5707963267948966,0.0,0.0,0.0,0.0,2_5,1.0,-0.0,9999.0,0.0,90.0,0.0
lpJL9-mBNmk_00,390,5,2,51.58730463980455,0.0,0.0,0.0,1.5707963267948966,0.5,0.0,0.0,0.0,2_5,1.0,0.4991619326171204,103.34783417743982,0.0,90.0,0.5
lpJL9-mBNmk_00,391,5,2,51.58730463980455,0.0,0.0,0.0,1.5707963267948966,0.0,0.0,0.0,0.0,2_5,1.0,-0.0,9999.0,0.0,90.0,0.0
lpJL9-mBNmk_00,392,5,2,51.119956963988145,0.0,-2.356194490192345,0.0,2.356194490192345,0.0,0.0,-0.5,-0.5,2_5,1.0,0.4673476758164057,109.38314152239471,135.0,135.0,0.7071067811865476
lpJL9-mBNmk_00,393,5,2,51.119956963988145,0.0,0.0,0.0,2.356194490192345,0.0,0.0,0.0,0.0,2_5,1.0,-0.0,9999.0,0.0,135.0,0.0
lpJL9-mBNmk_00,394,5,2,52.08646657242167,3.141592653589793,0.7853981633974483,0.0,1.5707963267948966,-0.5,0.0,0.5,0.5,2_5,1.0,-0.9665096084335261,9999.0,135.0,90.0,1.118033988749895
lpJL9-mBNmk_00,395,5,2,51.58730463980455,0.0,0.0,0.0,1.5707963267948966,0.5,0.0,0.0,0.0,2_5,1.0,0.4991619326171204,103.34783417743982,0.0,90.0,0.5
lpJL9-mBNmk_00,396,5,2,51.58730463980455,0.0,0.0,0.0,1.5707963267948966,0.0,0.0,0.0,0.0,2_5,1.0,-0.0,9999.0,0.0,90.0,0.0
lpJL9-mBNmk_00,397,5,2,51.58730463980455,0.0,0.0,0.0,1.5707963267948966,0.0,0.0,0.0,0.0,2_5,1.0,-0.0,9999.0,0.0,90.0,0.0
lpJL9-mBNmk_00,398,5,2,51.88679986277821,3.141592653589793,0.0,0.0,1.5707963267948966,-0.30000000000001137,0.0,0.0,0.0,2_5,1.0,-0.29949522297366116,9999.0,180.0,90.0,0.30000000000001137
lpJL9-mBNmk_00,399,5,2,51.88679986277821,0.0,0.0,0.0,1.5707963267948966,0.0,0.0,0.0,0.0,2_5,1.0,-0.0,9999.0,0.0,90.0,0.0
lpJL9-mBNmk_00,400,5,2,51.88679986277821,0.0,0.0,0.0,1.5707963267948966,0.0,0.0,0.0,0.0,2_5,1.0,-0.0,9999.0,0.0,90.0,0.0
lpJL9-mBNmk_00,401,5,2,52.08646657242167,3.141592653589793,0.0,0.0,1.5707963267948966,-0.19999999999998863,0.0,0.0,0.0,2_5,1.0,-0.19966670964345923,9999.0,180.0,90.0,0.19999999999998863
lpJL9-mBNmk_00,402,5,2,53.123088200894344,0.0,1.5541312030809558,0.0,1.5546686929512603,0.5,0.0,0.25,15.0,2_5,1.0,-1.0366216284726733,9999.0,89.04515874612781,89.07595464722729,15.002083188677497
lpJL9-mBNmk_00,403,5,2,50.83859262410792,0.0,-1.6207547225168393,0.0,2.356194490192345,0.25,0.0,-0.75,-15.0,2_5,1.0,2.2844955767864263,22.25374964202031,92.86240522611175,135.0,15.033296378372908
lpJL9-mBNmk_00,404,5,2,52.08646657242167,3.141592653589793,0.0,0.0,0.0,-0.75,0.0,0.5,0.0,2_5,1.0,-1.247873948313753,9999.0,180.0,0.0,1.25
lpJL9-mBNmk_00,405,5,2,51.83688358688242,0.0,3.141592653589793,0.0,3.141592653589793,0.0,0.0,-0.25,0.0,2_5,1.0,0.24958298553924863,207.69397991967975,180.0,180.0,0.25
lpJL9-mBNmk_00,406,5,2,51.119956963988145,0.0,-1.1071487177940904,0.0,-1.5707963267948966,1.0,0.0,0.25,-0.5,2_5,1.0,0.7169266228942774,71.30430832323354,63.43494882292201,90.0,0.9013878188659973
lpJL9-mBNmk_00,407,5,2,51.696228102251325,2.0344439357957027,-1.1071487177940904,0.5880026035475676,-1.3258176636680323,-0.25,0.5,0.25,-0.5,2_5,1.0,-0.5762711382631807,9999.0,180.0,109.6538240580533,1.118033988749895
lpJL9-mBNmk_00,408,5,2,51.40586056083489,0.0,2.0344439357957027,0.5880026035475676,-1.5707963267948966,0.0,0.0,-0.25,0.5,2_5,1.0,0.29036754141643684,177.0372139739616,116.56505117707799,123.6900675259798,0.5590169943749475
lpJL9-mBNmk_00,409,5,2,51.40586056083489,0.0,0.0,0.5880026035475676,-1.5707963267948966,0.0,0.0,0.0,0.0,2_5,1.0,-0.0,9999.0,0.0,123.6900675259798,0.0
lpJL9-mBNmk_00,410,5,2,51.15662224971465,0.0,0.0,0.7853981633974483,-1.5707963267948966,0.25,0.0,0.0,0.0,2_5,1.0,0.2492383111202372,205.25184117876543,0.0,135.0,0.25
lpJL9-mBNmk_00,411,5,2,51.198144497628036,0.0,-1.5707963267948966,0.7853981633974483,-1.5707963267948966,0.0,0.0,0.0,-0.5,2_5,1.0,-0.04152224791338455,9999.0,90.0,135.0,0.5
lpJL9-mBNmk_00,412,5,2,51.15662224971465,0.0,1.5707963267948966,0.7853981633974483,0.0,0.0,0.0,0.0,0.5,2_5,1.0,0.04152224791338455,1232.029208929811,90.0,45.0,0.5
lpJL9-mBNmk_00,413,5,2,51.44718165264255,2.0344439357957027,0.0,1.3258176636680323,0.0,-0.25,0.5,0.0,0.0,2_5,1.0,-0.2905594029278973,9999.0,116.56505117707799,75.96375653207352,0.5590169943749475
lpJL9-mBNmk_00,414,5,2,51.655106233556424,-2.0344439357957027,0.0,0.7853981633974483,-1.5707963267948966,-0.25,-0.5,0.0,0.0,2_5,1.0,-0.20792458091387545,9999.0,116.56505117707799,135.0,0.5590169943749475
lpJL9-mBNmk_00,415,5,2,51.655106233556424,0.0,0.0,1.5707963267948966,-1.5707963267948966,0.0,0.0,0.0,0.0,2_5,1.0,-0.0,9999.0,0.0,180.0,0.0
lpJL9-mBNmk_00,416,5,2,51.40586056083489,0.0,0.0,1.1071487177940904,-1.5707963267948966,0.25,0.0,0.0,0.0,2_5,1.0,0.24924567272153553,206.24574942276732,0.0,153.434948822922,0.25
lpJL9-mBNmk_00,417,5,2,51.655106233556424,3.141592653589793,0.0,1.5707963267948966,-1.5707963267948966,-0.25,0.0,0.0,0.0,2_5,1.0,-0.24924567272153553,9999.0,180.0,180.0,0.25
lpJL9-mBNmk_00,418,5,2,51.655106233556424,0.0,0.0,1.0303768265242956,-1.5707963267948966,0.0,0.0,0.0,0.0,2_5,1.0,-0.0,9999.0,0.0,149.03624346792552,0.0
lpJL9-mBNmk_00,419,5,2,51.655106233556424,0.0,0.0,1.0303768265242956,-1.5707963267948966,0.0,0.0,0.0,0.0,2_5,1.0,-0.0,9999.0,0.0,149.03624346792552,0.0
lpJL9-mBNmk_00,420,5,2,51.655106233556424,0.0,0.0,1.0303768265242956,-1.5707963267948966,0.0,0.0,0.0,0.0,2_5,1.0,-0.0,9999.0,0.0,149.03624346792552,0.0
lpJL9-mBNmk_00,421,5,2,51.655106233556424,0.0,0.0,0.7853981633974483,-1.5707963267948966,0.0,0.0,0.0,0.0,2_5,1.0,-0.0,9999.0,0.0,135.0,0.0
lpJL9-mBNmk_00,422,5,2,51.655106233556424,0.0,0.0,1.5707963267948966,-1.5869239606385328,0.0,0.0,0.0,0.0,2_5,1.0,-0.0,9999.0,0.0,179.0759546472273,0.0
lpJL9-mBNmk_00,423,5,2,51.696228102251325,0.0,-1.5707963267948966,2.0344439357957027,-1.1071487177940904,0.0,0.0,0.0,-0.5,2_5,1.0,-0.04112186869490131,9999.0,90.0,180.0,0.5
lpJL9-mBNmk_00,424,5,2,51.655106233556424,0.0,1.5707963267948966,0.7853981633974483,-1.5707963267948966,0.0,0.0,0.0,0.5,2_5,1.0,0.04112186869490131,1256.146859881422,90.0,135.0,0.5
lpJL9-mBNmk_00,425,5,2,51.119956963988145,-1.5707963267948966,3.141592653589793,0.0,-2.0344439357957027,0.0,-0.5,-0.5,0.0,2_5,1.0,0.5351492695682794,95.5246692296303,90.00000000000001,116.56505117707799,0.7071067811865476
lpJL9-mBNmk_00,426,5,2,51.119956963988145,0.0,0.0,3.141592653589793,3.141592653589793,0.0,0.0,0.0,0.0,2_5,1.0,-0.0,9999.0,0.0,0.0,0.0
lpJL9-mBNmk_00,427,5,2,51.655106233556424,1.5707963267948966,0.0,3.141592653589793,2.0344439357957027,0.0,0.5,0.5,0.0,2_5,1.0,-0.5351492695682794,9999.0,90.0,63.43494882292201,0.7071067811865476
lpJL9-mBNmk_00,428,5,2,51.655106233556424,0.0,0.0,3.141592653589793,0.0,0.0,0.0,0.0,0.0,2_5,1.0,-0.0,9999.0,0.0,180.0,0.0
lpJL9-mBNmk_00,429,5,2,51.655106233556424,0.0,0.0,3.141592653589793,0.0,0.0,0.0,0.0,0.0,2_5,1.0,-0.0,9999.0,0.0,180.0,0.0
lpJL9-mBNmk_00,430,5,2,51.655106233556424,0.0,0.0,3.141592653589793,0.0,0.0,0.0,0.0,0.0,2_5,1.0,-0.0,9999.0,0.0,180.0,0.0
lpJL9-mBNmk_00,431,5,2,51.655106233556424,0.0,0.0,3.141592653589793,1.5707963267948966,0.0,0.0,0.0,0.0,2_5,1.0,-0.0,9999.0,0.0,90.0,0.0
lpJL9-mBNmk_00,432,5,2,51.36937317118051,-1.1071487177940904,0.0,-2.0344439357957027,0.0,0.25,-0.5,0.0,0.0,2_5,1.0,0.2857330623759111,179.78099119519757,63.43494882292201,116.56505117707799,0.5590169943749475
lpJL9-mBNmk_00,433,5,2,51.61879502661797,3.141592653589793,0.0,-1.8157749899217608,0.0,-0.25,0.0,0.0,0.0,2_5,1.0,-0.2494218554374541,9999.0,180.0,104.03624346792648,0.25
lpJL9-mBNmk_00,434,5,2,51.655106233556424,1.5707963267948966,0.0,0.0,0.0,0.0,0.5,0.0,0.0,2_5,1.0,-0.03631120693845702,9999.0,90.0,0.0,0.5
lpJL9-mBNmk_00,435,5,2,51.655106233556424,0.0,0.0,0.0,0.0,0.0,0.0,0.0,0.0,2_5,1.0,-0.0,9999.0,0.0,0.0,0.0
lpJL9-mBNmk_00,436,5,2,51.655106233556424,0.0,0.0,3.141592653589793,0.0,0.0,0.0,0.0,0.0,2_5,1.0,-0.0,9999.0,0.0,180.0,0.0
lpJL9-mBNmk_00,437,5,2,52.15361924162119,3.141592653589793,0.0,3.141592653589793,0.0,-0.5,0.0,0.0,0.0,2_5,1.0,-0.4985130080647693,9999.0,180.0,180.0,0.5
lpJL9-mBNmk_00,438,5,2,52.15361924162119,0.0,0.0,3.141592653589793,0.0,0.0,0.0,0.0,0.0,2_5,1.0,-0.0,9999.0,0.0,180.0,0.0
lpJL9-mBNmk_00,439,5,2,52.15361924162119,0.0,0.0,3.141592653589793,0.0,0.0,0.0,0.0,0.0,2_5,1.0,-0.0,9999.0,0.0,180.0,0.0
lpJL9-mBNmk_00,440,5,2,51.85450800075148,0.0,3.141592653589793,3.141592653589793,3.141592653589793,0.0,0.0,-0.30000000000001137,0.0,2_5,1.0,0.2991112408697134,173.36195005569255,180.0,0.0,0.30000000000001137
lpJL9-mBNmk_00,441,5,2,51.85450800075148,0.0,0.0,3.141592653589793,3.141592653589793,0.0,0.0,0.0,0.0,2_5,1.0,-0.0,9999.0,0.0,0.0,0.0
lpJL9-mBNmk_00,442,5,2,51.85450800075148,0.0,0.0,3.141592653589793,3.141592653589793,0.0,0.0,0.0,0.0,2_5,1.0,-0.0,9999.0,0.0,0.0,0.0
lpJL9-mBNmk_00,443,5,2,52.15361924162119,0.0,0.0,3.141592653589793,1.5707963267948966,0.0,0.0,0.30000000000001137,0.0,2_5,1.0,-0.2991112408697134,9999.0,0.0,90.0,0.30000000000001137
lpJL9-mBNmk_00,444,5,2,52.15361924162119,0.0,0.0,3.141592653589793,0.0,0.0,0.0,0.0,0.0,2_5,1.0,-0.0,9999.0,0.0,180.0,0.0
lpJL9-mBNmk_00,445,5,2,52.11765535785354,-1.5707963267948966,0.0,3.141592653589793,0.0,0.0,-0.5,0.0,0.0,2_5,1.0,0.03596388376764992,1449.166494213125,90.0,180.0,0.5
lpJL9-mBNmk_00,446,5,2,52.15361924162119,1.5707963267948966,0.0,2.356194490192345,0.0,0.0,0.5,0.0,0.0,2_5,1.0,-0.03596388376764992,9999.0,90.0,135.0,0.5
lpJL9-mBNmk_00,447,5,2,52.15361924162119,0.0,0.0,3.141592653589793,0.0,0.0,0.0,0.0,0.0,2_5,1.0,-0.0,9999.0,0.0,180.0,0.0
lpJL9-mBNmk_00,448,5,2,52.15361924162119,0.0,0.0,3.141592653589793,0.0,0.0,0.0,0.0,0.0,2_5,1.0,-0.0,9999.0,0.0,180.0,0.0
lpJL9-mBNmk_00,449,5,2,51.655106233556424,0.0,0.0,0.0,0.0,0.5,0.0,0.0,0.0,2_5,1.0,0.4985130080647693,103.61837183362954,0.0,0.0,0.5
lpJL9-mBNmk_00,434,50,2,458.2908465156161,0.0,0.0,0.0,0.0,,,0.0,0.0,2_50,,0.0,9999.0,0.0,0.0,0.0
lpJL9-mBNmk_00,435,50,2,454.9947801898391,2.62244653934327,0.0,2.62244653934327,0.0,-3.5,2.0,0.0,0.0,2_50,1.0,3.2960663257770193,138.04175499489622,150.25511870305778,150.25511870305778,4.031128874149275
lpJL9-mBNmk_00,436,50,2,452.79244693347084,2.498091544796509,0.0,2.5748634360662868,0.0,-2.0,1.5,0.0,0.0,2_50,1.0,2.202333256368263,205.59669869406775,143.13010235415598,147.52880770915152,2.5
lpJL9-mBNmk_00,437,50,2,449.99498886098723,2.626043646130817,0.0,2.5925675137821975,0.0,-3.0,1.6999999999999886,0.0,0.0,2_50,1.0,2.7974580724836073,160.8585284216531,150.46121774044207,148.5431766424448,3.448187929913328
lpJL9-mBNmk_00,438,50,2,446.1427041877968,1.9705774250376922,0.0,2.4227626539681686,0.0,-1.5,3.5500000000000114,0.0,0.0,2_50,1.0,3.852284673190411,115.81249622923308,112.90576965841711,138.81407483429035,3.8538941345086375
lpJL9-mBNmk_00,439,50,2,443.5600325773277,2.965653028137263,0.0,2.559181046097839,0.0,-4.5,0.8000000000000114,0.0,0.0,2_50,1.0,2.582671610469106,171.7446502990604,169.91940201245754,146.63027295128114,4.570557952810578
lpJL9-mBNmk_00,440,50,2,441.47285307253037,2.279422598922567,3.141592653589793,2.5266843631053266,3.141592653589793,-1.5,1.75,-0.30000000000001137,0.0,2_50,1.0,2.087179504797348,211.5164757309145,49.39870535499552,35.23164983236436,2.121909517392288
lpJL9-mBNmk_00,441,50,2,439.08789552890204,2.601173153319209,0.0,2.536329125766002,3.141592653589793,-2.5,1.5,0.0,0.0,2_50,1.0,2.3849575436283317,184.107216793847,149.03624346792648,34.679045637502306,2.9154759474226504
lpJL9-mBNmk_00,442,50,2,435.92762013894003,2.7397220061493393,0.0,2.5691328397717417,3.141592653589793,-4.0,1.6999999999999886,0.0,0.0,2_50,1.0,3.1602753899620097,137.9397572514022,156.9745079914721,32.799531272619234,4.3462627624201415
lpJL9-mBNmk_00,447,50,2,417.91182084262704,2.47067432271643,0.0,2.526521912924812,0.0,-16.0,12.699999999999989,0.0,0.0,2_50,5.0,3.603159859262598,115.984812543997,141.55921124299456,144.759042457911,4.085535460622021
lpJL9-mBNmk_00,448,50,2,412.94377643935985,1.9849348772711073,0.0,2.47671482096151,0.0,-2.0,4.550000000000011,0.0,0.0,2_50,1.0,4.968044403267186,83.1199850322979,113.72839107595249,141.90530629859384,4.970160963188225
lpJL9-mBNmk_00,449,50,2,410.8509462079892,2.677945044588987,0.0,2.4870218862664015,0.0,-2.5,1.25,0.0,0.0,2_50,1.0,2.0928302313706695,196.31355666097588,153.434948822922,142.49585763972985,2.7950849718747373
lpJL9-mBNmk_00,434,51,2,270.1855843674862,0.0,0.0,0.0,0.0,,,0.0,0.0,2_51,,0.0,9999.0,0.0,0.0,0.0
lpJL9-mBNmk_00,435,51,2,273.33934952728634,2.796435003747126,0.0,2.796435003747126,0.0,-8.900000000000006,3.1999999999999886,0.0,0.0,2_51,1.0,-3.153765159800173,9999.0,160.22392339736086,160.22392339736086,9.4578010129205
lpJL9-mBNmk_00,436,51,2,273.18413661850866,2.387762946680118,0.0,2.690355754877887,0.0,-2.4499999999999886,2.3000000000000114,0.0,0.0,2_51,1.0,0.1552129087776848,1760.0606725939072,136.80873932249176,154.14603014323558,3.3604315199093104
lpJL9-mBNmk_00,437,51,2,274.2586598450448,2.6677413170950333,0.0,2.6845238970420033,0.0,-3.9000000000000057,2.0,0.0,0.0,2_51,1.0,-1.0745232265361437,9999.0,152.85031830221686,153.81188930251912,4.38292140016223
lpJL9-mBNmk_00,442,51,2,289.33760557521725,2.7674791080011913,0.0,2.7417404214731653,3.141592653589793,-35.150000000000006,13.800000000000011,0.0,0.0,2_51,5.0,-3.01578914603449,9999.0,158.564872779098,22.909845329168125,7.5523837296578105
lpJL9-mBNmk_00,443,51,2,296.08529176573427,3.0172376590430328,0.0,2.782821983319221,1.5707963267948966,-9.599999999999994,1.1999999999999886,0.30000000000001137,0.0,2_51,1.0,-6.747686190517015,9999.0,172.87498365109826,69.44395478041653,9.9724620831568
lpJL9-mBNmk_00,444,51,2,302.8284828083382,2.949804511603088,0.0,2.8062490537019555,0.0,-10.300000000000011,2.0,0.0,0.0,2_51,1.0,-6.743191042603939,9999.0,169.01134890350602,160.78622703970316,10.492378186093
lpJL9-mBNmk_00,445,51,2,308.12291378604095,2.7701934928045455,0.0,2.8019068028209806,0.0,-9.5,3.6999999999999886,0.0,0.0,2_51,1.0,-5.294430977702746,9999.0,158.72039557230465,160.53743439063632,10.195096860746341
lpJL9-mBNmk_00,446,51,2,307.7793446610737,2.0878282792864327,0.0,2.7797906689260303,0.0,-1.4499999999999886,2.5500000000000114,0.0,0.0,2_51,1.0,0.3435691249672459,895.8294628203736,119.62374875117351,159.27027325930945,2.93342802877453
lpJL9-mBNmk_00,447,51,2,311.49337874182817,2.819842099193151,0.0,2.7825080115869945,0.0,-6.0,2.0,0.0,0.0,2_51,1.0,-3.714034080754459,9999.0,161.565051177078,159.42596552527354,6.324555320336759
lpJL9-mBNmk_00,448,51,2,315.37501882679294,2.64885272582221,0.0,2.7714149768077925,0.0,-7.450000000000003,4.0,0.0,0.0,2_51,1.0,-3.881640084964772,9999.0,151.76808174133646,158.79038145043342,8.4559150894507
lpJL9-mBNmk_00,0,6,2,121.27577045725168,0.0,0.0,0.0,0.0,,,,,2_6,,0.0,9999.0,0.0,0.0,0.0
lpJL9-mBNmk_00,1,6,2,122.02561206566432,3.141592653589793,0.0,3.141592653589793,0.0,-0.75,0.0,0.0,0.0,2_6,1.0,-0.7498416084126376,9999.0,180.0,180.0,0.75
lpJL9-mBNmk_00,2,6,2,121.02582369064876,0.0,0.0,0.0,0.0,1.0,0.0,0.0,0.0,2_6,1.0,0.9997883750155552,121.05144120000973,0.0,0.0,1.0
lpJL9-mBNmk_00,3,6,2,125.06599257991759,-3.0187574147118985,0.0,-3.0107652575157364,0.0,-4.050000000000011,-0.5,0.0,0.0,2_6,1.0,-4.040168889268827,9999.0,172.96205923681535,172.50414236027015,4.080747480548152
lpJL9-mBNmk_00,4,6,2,125.06599257991759,0.0,0.0,-3.0107652575157364,0.0,0.0,0.0,0.0,0.0,2_6,1.0,-0.0,9999.0,0.0,172.50414236027015,0.0
lpJL9-mBNmk_00,5,6,2,128.7155390774556,3.141592653589793,0.0,-3.074579055544988,0.0,-3.6499999999999773,0.0,0.0,0.0,2_6,1.0,-3.6495464975379974,9999.0,180.0,176.16040366204652,3.6499999999999773
lpJL9-mBNmk_00,6,6,2,128.7155390774556,0.0,0.0,-3.074579055544988,0.0,0.0,0.0,0.0,0.0,2_6,1.0,-0.0,9999.0,0.0,176.16040366204652,0.0
lpJL9-mBNmk_00,7,6,2,123.06625248214883,0.0,0.0,-2.8706458032513744,0.0,5.649999999999977,0.0,0.0,0.0,2_6,1.0,5.649286595306762,21.784388241939812,0.0,164.47588900324584,5.649999999999977
lpJL9-mBNmk_00,8,6,2,121.56645302055992,0.0,0.0,-2.1112158270654975,0.0,1.5,0.0,0.0,0.0,2_6,1.0,1.499799461588907,81.05513845949167,0.0,120.96375653207448,1.5
lpJL9-mBNmk_00,9,6,2,122.01639234135715,3.141592653589793,0.0,-2.5535900500422253,0.0,-0.44999999999998863,0.0,0.0,0.0,2_6,1.0,-0.44993932079722754,9999.0,180.0,146.3099324740202,0.44999999999998863
lpJL9-mBNmk_00,10,6,2,121.07581302638444,0.4844779290370282,0.0,0.0,0.0,0.9499999999999886,0.5,0.0,0.0,2_6,1.0,0.9405793149727089,128.72472432577095,27.758540601060314,0.0,1.0735455276791843
lpJL9-mBNmk_00,11,6,2,120.52593081988623,0.0,3.141592653589793,0.0,3.141592653589793,0.30000000000001137,0.0,-0.25,0.0,2_6,1.0,0.5498822064982107,219.18499888808168,180.0,180.0,0.5500000000000114
lpJL9-mBNmk_00,12,6,2,120.7758771444033,0.0,0.0,0.0,0.0,0.0,0.0,0.25,0.0,2_6,1.0,-0.24994632451706877,9999.0,0.0,0.0,0.25
lpJL9-mBNmk_00,13,6,2,119.97604969326169,0.0,3.141592653589793,0.0,3.141592653589793,0.30000000000001137,0.0,-0.5,0.0,2_6,1.0,0.7998274511416099,150.00241554852542,180.0,180.0,0.8000000000000114
lpJL9-mBNmk_00,32,6,2,118.85154605641442,1.5707963267948966,0.0,1.095785570529797,3.141592653589793,0.0,2.0,0.25,0.0,2_6,19.0,0.05918440193932976,2008.1565777795604,90.0,117.21611155730763,0.10608233879340197
lpJL9-mBNmk_00,33,6,2,119.85433867824727,-1.862253121272774,0.0,1.1232763516377304,0.0,-0.30000000000001137,-1.0,0.75,0.0,2_6,1.0,-1.0027926218328531,9999.0,106.69924423399421,64.35899417569492,1.4500000000000082
lpJL9-mBNmk_00,34,6,2,119.77609319058624,-1.7681918866447774,3.141592653589793,0.0,0.0,-0.5,-2.5,-0.5,0.0,2_6,1.0,0.0782454876610359,1530.773170070374,78.69006752597981,0.0,2.5
lpJL9-mBNmk_00,35,6,2,119.47615870959359,0.0,0.0,-1.3024301158889844,0.0,0.30000000000001137,0.0,0.0,0.0,2_6,1.0,0.29993448099264697,398.34085869081053,0.0,74.62374875117351,0.30000000000001137
lpJL9-mBNmk_00,36,6,2,119.77609319058624,3.141592653589793,0.0,-1.4909663410826637,0.0,-0.30000000000001137,0.0,0.0,0.0,2_6,1.0,-0.29993448099264697,9999.0,180.0,85.4260787400994,0.30000000000001137
lpJL9-mBNmk_00,37,6,2,121.56645302055992,-2.8706458032513744,0.0,-2.4329663814621227,0.0,-1.8000000000000114,-0.5,0.0,0.0,2_6,1.0,-1.7903598299736814,9999.0,164.47588900324584,139.3987053549955,1.8681541692269514
lpJL9-mBNmk_00,38,6,2,119.77609319058624,0.3120421215625312,3.141592653589793,0.46364760900080615,3.141592653589793,1.5500000000000114,0.5,-0.25,0.0,2_6,1.0,1.7903598299736814,66.90057003364903,162.1213034041588,153.434948822922,1.8681541692269514
lpJL9-mBNmk_00,39,6,2,120.07602799893075,3.141592653589793,0.0,0.06320683189746042,0.0,-0.05000000000001137,0.0,0.25,0.0,2_6,1.0,-0.299934808344517,9999.0,180.0,3.621484704117351,0.30000000000001137
lpJL9-mBNmk_00,40,6,2,119.76670029686883,-1.951302703907242,3.141592653589793,0.0,3.141592653589793,-0.19999999999998863,-0.5,-0.5,0.0,2_6,1.0,0.3093277020619212,387.1838813611784,68.19859051364932,180.0,0.5830951894845359
lpJL9-mBNmk_00,41,6,2,128.4655693172299,3.141592653589793,0.0,0.0,3.141592653589793,-8.699999999999989,0.0,0.0,0.0,2_6,1.0,-8.698869020361059,9999.0,180.0,180.0,8.699999999999989
lpJL9-mBNmk_00,42,6,2,120.56658948481542,0.0,0.0,-2.4037775934693384,3.141592653589793,7.899999999999977,0.0,0.0,0.0,2_6,1.0,7.898979832414469,15.263564668193617,0.0,42.273689006093164,7.899999999999977
lpJL9-mBNmk_00,43,6,2,120.46660325584016,0.0,0.0,-1.7440419932472588,0.0,0.6000000000000227,0.0,0.5,0.0,2_6,1.0,0.09998622897526843,1204.8319502642462,0.0,99.92624550665155,0.10000000000002274
lpJL9-mBNmk_00,44,6,2,120.26663086658743,0.0,0.0,-1.781889660017643,0.0,0.19999999999998863,0.0,0.0,0.0,2_6,1.0,0.19997238925272143,601.416182084001,0.0,102.0947570770121,0.19999999999998863
lpJL9-mBNmk_00,45,6,2,119.5261477669217,1.1071487177940904,3.141592653589793,-1.8438050298816029,3.141592653589793,0.25,0.5,-0.5,0.0,2_6,1.0,0.7404830996657381,161.41644261817328,116.56505117707799,74.35775354279154,0.9013878188659973
lpJL9-mBNmk_00,46,6,2,119.97604969326169,0.0,0.0,-1.8850282258792246,0.0,0.05000000000001137,0.0,0.5,0.0,2_6,1.0,-0.44990192633999015,9999.0,0.0,108.0041616059128,0.44999999999998863
lpJL9-mBNmk_00,47,6,2,119.97604969326169,0.0,0.0,-1.9797041557458093,0.0,0.0,0.0,0.0,0.0,2_6,1.0,-0.0,9999.0,0.0,113.42869280874467,0.0
lpJL9-mBNmk_00,48,6,2,119.47615870959359,0.0,3.141592653589793,-1.7359450042095235,3.141592653589793,0.19999999999998863,0.0,-0.30000000000001137,0.0,2_6,1.0,0.49989098366809515,239.00442819132806,180.0,80.53767779197439,0.5
lpJL9-mBNmk_00,49,6,2,118.85521654517315,1.2977876237081902,0.0,0.0,3.141592653589793,0.6999999999999886,2.5,0.0,0.0,2_6,1.0,0.6209421644204411,191.41109004267273,74.35775354279151,180.0,2.5961509971494308
lpJL9-mBNmk_00,50,6,2,119.40084798693852,2.0344439357957027,0.0,1.5137155443886352,3.141592653589793,-0.5,1.0,0.0,0.0,2_6,1.0,-0.5456314417653658,9999.0,116.56505117707799,93.27048792318338,1.118033988749895
lpJL9-mBNmk_00,51,6,2,119.95015631502946,3.141592653589793,0.0,1.9726669742353626,0.0,-0.25,0.0,0.30000000000001137,0.0,2_6,1.0,-0.5493083280909445,9999.0,180.0,113.02549200852859,0.5500000000000114
lpJL9-mBNmk_00,52,6,2,120.08747853127737,-1.6539375586833378,0.0,-1.9222411207984549,0.0,-0.25,-3.0,0.0,0.0,2_6,1.0,-0.13732221624790952,9999.0,94.76364169072617,110.13630342824851,3.010398644698074
lpJL9-mBNmk_00,53,6,2,119.85433867824727,1.4219063791853936,0.0,3.141592653589793,3.141592653589793,0.30000000000001137,2.0,0.0,0.0,2_6,1.0,0.23313985303009588,514.0877336950854,81.46923439005154,0.0,2.02237484161567
lpJL9-mBNmk_00,54,6,2,120.09996877601591,1.7681918866447663,0.0,1.627877109201158,0.0,-0.19999999999998863,1.0,0.0,0.0,2_6,1.0,-0.24563009776863964,9999.0,101.30993247401959,93.27048792318338,1.0198039027185546
lpJL9-mBNmk_00,55,6,2,120.07602799893073,-1.5707963267948966,0.0,1.7359450042095235,0.0,0.0,-0.5,0.0,0.0,2_6,1.0,0.023940777085186937,5015.544297984642,90.0,99.46232220802563,0.5
lpJL9-mBNmk_00,56,6,2,120.0541648590335,-1.5707963267948966,0.0,1.6506263125071294,0.0,0.0,-0.5,0.0,0.0,2_6,1.0,0.021863139897220663,5491.167573523843,90.0,94.5739212599006,0.5
lpJL9-mBNmk_00,57,6,2,119.90429516910561,0.0,0.0,1.0427218783685368,0.0,0.14999999999997726,0.0,0.0,0.0,2_6,1.0,0.14986968992789684,800.0570043668753,0.0,59.74356283647073,0.14999999999997726
lpJL9-mBNmk_00,58,6,2,119.90429516910561,0.0,0.0,1.4909663410826637,0.0,0.0,0.0,0.0,0.0,2_6,1.0,-0.0,9999.0,0.0,85.4260787400994,0.0
lpJL9-mBNmk_00,59,6,2,119.95015631502946,1.5707963267948966,0.0,1.4994888620096063,0.0,0.0,1.0,0.0,0.0,2_6,1.0,-0.045861145923851154,9999.0,90.0,85.91438322002513,1.0
lpJL9-mBNmk_00,60,6,2,120.0541648590335,-1.5208379310729425,0.0,1.4056476493802696,0.0,0.05000000000001137,-1.0,0.19999999999998863,0.0,2_6,1.0,-0.10400854400404569,9999.0,87.1375947738876,80.53767779197437,1.0111874208078309
lpJL9-mBNmk_00,61,6,2,119.85433867824727,0.0,3.141592653589793,0.3152146997507114,0.0,0.0,0.0,-0.19999999999998863,0.0,2_6,1.0,0.19982618078623204,599.792971104541,180.0,18.06047193619921,0.19999999999998863
lpJL9-mBNmk_00,62,6,2,120.03749414245534,-1.695151321341658,0.0,0.7610127542247244,0.0,-0.25,-2.0,0.0,0.0,2_6,1.0,-0.18315546420807038,9999.0,97.1250163489018,43.60281897270332,2.0155644370746373
lpJL9-mBNmk_00,63,6,2,120.28741621632747,3.141592653589793,0.0,1.1902899496825512,0.0,-0.05000000000001137,0.0,0.19999999999998863,0.0,2_6,1.0,-0.24992207387212773,9999.0,180.0,68.19859051364931,0.25
lpJL9-mBNmk_00,64,6,2,120.2259955250943,-1.471127674303712,0.0,1.1071487177940904,0.0,0.05000000000001137,-0.5,0.0,0.0,2_6,1.0,0.061420691233166735,1957.4184710603374,84.28940686249906,63.43494882292201,0.5024937810560456
lpJL9-mBNmk_00,65,6,2,120.28741621632747,1.670464979286081,0.0,1.670464979286081,0.0,-0.05000000000001137,0.5,0.0,0.0,2_6,1.0,-0.061420691233166735,9999.0,95.71059313750094,95.71059313750094,0.5024937810560456
lpJL9-mBNmk_00,66,6,2,120.28741621632747,0.0,0.0,1.768191886644821,0.0,0.0,0.0,0.0,0.0,2_6,1.0,-0.0,9999.0,0.0,101.30993247402272,0.0
lpJL9-mBNmk_00,67,6,2,120.02603884157804,-1.471127674303712,3.141592653589793,3.141592653589793,0.0,0.05000000000001137,-0.5,-0.19999999999998863,0.0,2_6,1.0,0.26137737474942924,459.20592383576286,95.71059313750092,180.0,0.5590169943749475
lpJL9-mBNmk_00,68,6,2,120.03749414245534,1.5707963267948966,0.0,2.0344439357957027,0.0,0.0,0.5,0.0,0.0,2_6,1.0,-0.01145530087730151,9999.0,90.0,116.56505117707799,0.5
lpJL9-mBNmk_00,69,6,2,120.02603884157804,-1.5707963267948966,0.0,-1.933943336741069,0.0,0.0,-0.5,0.0,0.0,2_6,1.0,0.01145530087730151,10477.77270341346,90.0,110.806791012711,0.5
lpJL9-mBNmk_00,70,6,2,120.08747853127737,1.670464979286081,0.0,-1.7359450042095235,0.0,-0.05000000000001137,0.5,0.0,0.0,2_6,1.0,-0.061439689699327005,9999.0,95.71059313750094,99.46232220802563,0.5024937810560456
lpJL9-mBNmk_00,71,6,2,120.02603884157804,-1.471127674303712,0.0,-1.627877109201158,0.0,0.05000000000001137,-0.5,0.0,0.0,2_6,1.0,0.061439689699327005,1953.5586756534803,84.28940686249906,93.27048792318338,0.5024937810560456
lpJL9-mBNmk_00,72,6,2,120.33740066994966,2.1112158270654975,0.0,3.141592653589793,0.0,-0.30000000000001137,0.5,0.0,0.0,2_6,1.0,-0.3113618283716164,9999.0,120.96375653207448,180.0,0.5830951894845359
lpJL9-mBNmk_00,73,6,2,120.33740066994966,0.0,0.0,-1.8391625377008087,0.0,0.0,0.0,0.0,0.0,2_6,1.0,-0.0,9999.0,0.0,105.37625124882649,0.0
lpJL9-mBNmk_00,74,6,2,120.33740066994966,0.0,0.0,-1.6869379536748943,0.0,0.0,0.0,0.0,0.0,2_6,1.0,-0.0,9999.0,0.0,96.65442504600702,0.0
lpJL9-mBNmk_00,75,6,2,120.02603884157804,-1.0303768265242956,0.0,-1.5874614505088411,0.0,0.30000000000001137,-0.5,0.0,0.0,2_6,1.0,0.3113618283716164,385.4873266556125,59.036243467925516,90.9548412538724,0.5830951894845359
lpJL9-mBNmk_00,76,6,2,120.02603884157804,0.0,0.0,-1.5907936607680517,0.0,0.0,0.0,0.0,0.0,2_6,1.0,-0.0,9999.0,0.0,91.14576283817537,0.0
lpJL9-mBNmk_00,77,6,2,120.02603884157804,0.0,0.0,-1.6506263125071294,0.0,0.0,0.0,0.0,0.0,2_6,1.0,-0.0,9999.0,0.0,94.5739212599006,0.0
lpJL9-mBNmk_00,78,6,2,120.02603884157804,0.0,0.0,-1.6506263125071294,0.0,0.0,0.0,0.0,0.0,2_6,1.0,-0.0,9999.0,0.0,94.5739212599006,0.0
lpJL9-mBNmk_00,79,6,2,120.02603884157804,0.0,0.0,-1.627877109201158,0.0,0.0,0.0,0.0,0.0,2_6,1.0,-0.0,9999.0,0.0,93.27048792318338,0.0
lpJL9-mBNmk_00,80,6,2,120.02603884157804,0.0,0.0,-1.6704649792860586,3.141592653589793,0.0,0.0,0.0,0.0,2_6,1.0,-0.0,9999.0,0.0,84.28940686250039,0.0
lpJL9-mBNmk_00,81,6,2,120.02603884157804,0.0,0.0,-1.6704649792860586,0.0,0.0,0.0,0.0,0.0,2_6,1.0,-0.0,9999.0,0.0,95.71059313749964,0.0
lpJL9-mBNmk_00,82,6,2,120.33740066994966,2.1112158270654975,0.0,3.141592653589793,0.0,-0.30000000000001137,0.5,0.0,0.0,2_6,1.0,-0.3113618283716164,9999.0,120.96375653207448,180.0,0.5830951894845359
lpJL9-mBNmk_00,83,6,2,120.33740066994966,0.0,0.0,3.141592653589793,3.141592653589793,0.0,0.0,0.0,0.0,2_6,1.0,-0.0,9999.0,0.0,0.0,0.0
lpJL9-mBNmk_00,84,6,2,120.33740066994966,0.0,0.0,2.1112158270654975,3.141592653589793,0.0,0.0,0.0,0.0,2_6,1.0,-0.0,9999.0,0.0,59.036243467925516,0.0
lpJL9-mBNmk_00,85,6,2,120.33740066994966,0.0,0.0,3.141592653589793,3.141592653589793,0.0,0.0,0.0,0.0,2_6,1.0,-0.0,9999.0,0.0,0.0,0.0
lpJL9-mBNmk_00,86,6,2,120.33740066994966,0.0,0.0,3.141592653589793,3.141592653589793,0.0,0.0,0.0,0.0,2_6,1.0,-0.0,9999.0,0.0,0.0,0.0
lpJL9-mBNmk_00,87,6,2,120.10412149464314,1.4219063791853936,0.0,1.5707963267948966,0.0,0.30000000000001137,2.0,0.0,0.0,2_6,1.0,0.23327917530652087,514.8514492853055,81.46923439005154,90.0,2.02237484161567
lpJL9-mBNmk_00,88,6,2,119.81678722115696,-1.3258176636680323,0.0,1.3258176636680323,0.0,0.25,-1.0,0.0,0.0,2_6,1.0,0.2873342734861808,416.9944147888765,75.96375653207352,75.96375653207352,1.0307764064044151
lpJL9-mBNmk_00,89,6,2,119.83452132002698,1.5707963267948966,0.0,1.446441332248135,0.0,0.0,0.5,0.0,0.0,2_6,1.0,-0.017734098870022308,9999.0,90.0,82.8749836510982,0.5
lpJL9-mBNmk_00,90,6,2,129.02422253205015,-2.9340964271545906,3.141592653589793,-3.087298241681487,3.141592653589793,-9.5,-2.0,-0.25,0.0,2_6,1.0,-9.189701212023166,9999.0,11.888658039627956,3.110840653490797,9.46374661537385
lpJL9-mBNmk_00,91,6,2,128.72427898419164,0.0,0.0,3.141592653589793,3.141592653589793,0.30000000000001137,0.0,0.0,0.0,2_6,1.0,0.2999435478585042,429.1616869348902,0.0,0.0,0.30000000000001137
lpJL9-mBNmk_00,92,6,2,128.77426955723726,3.141592653589793,0.0,-3.0841845389529934,3.141592653589793,-0.05000000000001137,0.0,0.0,0.0,2_6,1.0,-0.04999057304561916,9999.0,180.0,3.289242678491871,0.05000000000001137
lpJL9-mBNmk_00,93,6,2,128.77426955723726,0.0,0.0,-3.0841845389529934,3.141592653589793,0.0,0.0,0.0,0.0,2_6,1.0,-0.0,9999.0,0.0,3.289242678491871,0.0
lpJL9-mBNmk_00,94,6,2,128.77426955723726,0.0,0.0,-3.0841845389529934,3.141592653589793,0.0,0.0,0.0,0.0,2_6,1.0,-0.0,9999.0,0.0,3.289242678491871,0.0
lpJL9-mBNmk_00,95,6,2,128.7087409619098,-1.471127674303712,1.5707963267948966,-3.0857847424133555,2.0344439357957027,0.05000000000001137,-0.5,0.0,0.5,2_6,1.0,0.06552859532746425,1964.1614522441257,174.28940686249908,66.63250659677288,1.0012492197250398
lpJL9-mBNmk_00,96,6,2,128.7587375675919,3.141592653589793,0.0,-3.0860941483440762,2.0344439357957027,-0.05000000000001137,0.0,0.0,0.0,2_6,1.0,-0.04999660568211084,9999.0,180.0,66.61477894278622,0.05000000000001137
lpJL9-mBNmk_00,97,6,2,128.7587375675919,0.0,0.0,-3.0860941483440762,2.0344439357957027,0.0,0.0,0.0,0.0,2_6,1.0,-0.0,9999.0,0.0,66.61477894278622,0.0
lpJL9-mBNmk_00,98,6,2,128.5155632598636,1.5707963267948966,3.141592653589793,3.141592653589793,2.356194490192345,0.0,0.5,-0.25,0.0,2_6,1.0,0.24317430772831017,528.4915353946411,90.0,45.0,0.5590169943749475
lpJL9-mBNmk_00,99,6,2,128.7155390774556,0.0,0.0,3.141592653589793,2.0344439357957027,0.05000000000001137,0.0,0.25,0.0,2_6,1.0,-0.1999758175919908,9999.0,0.0,63.43494882292201,0.19999999999998863
lpJL9-mBNmk_00,100,6,2,128.7155390774556,0.0,0.0,3.141592653589793,2.0344439357957027,0.0,0.0,0.0,0.0,2_6,1.0,-0.0,9999.0,0.0,63.43494882292201,0.0
lpJL9-mBNmk_00,101,6,2,128.965508954914,3.141592653589793,0.0,3.141592653589793,2.0344439357957027,-0.25,0.0,0.0,0.0,2_6,1.0,-0.2499698774583976,9999.0,180.0,63.43494882292201,0.25
lpJL9-mBNmk_00,102,6,2,128.76553304359052,0.0,0.0,-3.0841845389529934,2.0344439357957027,0.19999999999998863,0.0,0.0,0.0,2_6,1.0,0.19997591132346315,643.9052193406981,0.0,66.72419150141381,0.19999999999998863
lpJL9-mBNmk_00,103,6,2,128.7587375675919,-1.5707963267948966,0.0,-3.0271523483197296,2.0344439357957027,0.0,-0.5,0.0,0.0,2_6,1.0,0.006795475998615075,18947.714272529705,90.0,69.99189532108541,0.5
lpJL9-mBNmk_00,104,6,2,128.7155390774556,1.471127674303712,0.0,-3.083853435064689,2.0344439357957027,0.05000000000001137,0.5,0.0,0.0,2_6,1.0,0.04319849013631938,2979.6305072532446,84.28940686249906,66.74316235679407,0.5024937810560456
lpJL9-mBNmk_00,105,6,2,128.76553304359052,3.141592653589793,0.0,-3.0841845389529934,2.0344439357957027,-0.05000000000001137,0.0,0.0,0.0,2_6,1.0,-0.04999396613493445,9999.0,180.0,66.72419150141381,0.05000000000001137
lpJL9-mBNmk_00,106,6,2,128.5243167653499,0.0,-1.5707963267948966,-3.082489969979205,3.141592653589793,0.25,0.0,0.0,-0.5,2_6,1.0,0.2412162782406142,532.81775882947,90.0,3.386334328783723,0.5590169943749475
lpJL9-mBNmk_00,107,6,2,128.82426013759988,3.141592653589793,0.0,-2.8720711158551753,3.141592653589793,-0.30000000000001137,0.0,0.0,0.0,2_6,1.0,-0.29994337224997025,9999.0,180.0,15.442446600069575,0.30000000000001137
lpJL9-mBNmk_00,108,6,2,121.26649372353437,-0.06612860336457291,0.0,-2.289626326416521,3.141592653589793,7.550000000000011,-0.5,0.0,0.0,2_6,1.0,7.557766414065512,16.045282042304095,3.7888898778846434,48.81407483429039,7.566538178057398
lpJL9-mBNmk_00,109,6,2,126.27475004924777,3.0419240010986313,0.0,-2.8535372065391673,3.141592653589793,-5.0,0.5,0.0,0.0,2_6,1.0,-5.008256325713404,9999.0,174.28940686250036,16.50436138175503,5.024937810560445
lpJL9-mBNmk_00,110,6,2,128.21559967492254,-2.918116052449159,3.141592653589793,-0.7378150601204546,3.141592653589793,-2.1999999999999886,-0.5,-0.25,0.0,2_6,1.0,-1.9408496256747725,9999.0,12.80426606528682,137.72631099390685,2.0130822139197284
lpJL9-mBNmk_00,111,6,2,126.51580928879996,0.0,0.0,-0.251002686643036,3.141592653589793,1.6999999999999886,0.0,0.0,0.0,2_6,1.0,1.6997903861225865,74.43024170609459,0.0,165.61860540890933,1.6999999999999886
lpJL9-mBNmk_00,112,6,2,124.71603746110601,0.0,0.0,-0.12435499454676144,3.141592653589793,2.0,0.0,0.19999999999998863,0.0,2_6,1.0,1.7997718276939452,69.29547153813668,0.0,172.8749836510982,1.8000000000000114
lpJL9-mBNmk_00,113,6,2,124.71603746110601,0.0,0.0,-0.12435499454676144,3.141592653589793,0.0,0.0,0.0,0.0,2_6,1.0,-0.0,9999.0,0.0,172.8749836510982,0.0
lpJL9-mBNmk_00,114,6,2,124.71603746110601,0.0,0.0,-0.12435499454676144,3.141592653589793,0.0,0.0,0.0,0.0,2_6,1.0,-0.0,9999.0,0.0,172.8749836510982,0.0
lpJL9-mBNmk_00,115,6,2,124.72505762676559,1.5707963267948966,0.0,0.12591262568579858,-1.670464979286081,0.0,0.5,0.0,0.0,2_6,1.0,-0.009020165659578083,9999.0,90.0,102.92485517670771,0.5
lpJL9-mBNmk_00,116,6,2,123.21623269683259,-0.3217505543966422,0.0,0.0,-1.670464979286081,1.5,-0.5,0.0,0.0,2_6,1.0,1.5088249299329988,81.66370415307505,18.434948822922014,95.71059313750094,1.5811388300841898
lpJL9-mBNmk_00,117,6,2,121.71643274430942,0.0,0.0,0.0,-1.670464979286081,1.5,0.0,0.0,0.0,2_6,1.0,1.4997999525231762,81.15511174643042,0.0,95.71059313750094,1.5
lpJL9-mBNmk_00,118,6,2,121.26649372353437,0.0,3.141592653589793,-0.0688564893010446,-1.5707963267948966,0.25,0.0,-0.19999999999998863,0.0,2_6,1.0,0.449939020775048,269.5176193312713,180.0,86.05481377096244,0.44999999999998863
lpJL9-mBNmk_00,119,6,2,120.41661014992904,0.0,0.0,-0.06053201978210714,-1.670464979286081,1.0500000000000114,0.0,0.19999999999998863,0.0,2_6,1.0,0.8498835736053252,141.68600722461892,0.0,92.24236387858379,0.8500000000000227
lpJL9-mBNmk_00,120,6,2,120.51659636747131,3.141592653589793,3.141592653589793,-0.0628103526541008,-2.0344439357957027,-0.30000000000001137,0.0,-0.19999999999998863,0.0,2_6,1.0,-0.09998621754226633,9999.0,0.0,112.96628306026969,0.10000000000002274
lpJL9-mBNmk_00,121,6,2,120.07602799893075,0.8379812250084026,0.0,0.0,-2.0344439357957027,0.44999999999998863,0.5,0.0,0.0,2_6,1.0,0.4405683685405535,272.5480006581044,48.01278750418406,116.56505117707799,0.6726812023536779
lpJL9-mBNmk_00,122,6,2,120.07602799893075,0.0,0.0,0.0,-2.0344439357957027,0.0,0.0,0.0,0.0,2_6,1.0,-0.0,9999.0,0.0,116.56505117707799,0.0
lpJL9-mBNmk_00,123,6,2,120.27598471847986,3.141592653589793,0.0,0.06053201978210714,-2.0344439357957027,-0.19999999999998863,0.0,0.0,0.0,2_6,1.0,-0.19995671954910677,9999.0,180.0,120.03328043599515,0.19999999999998863
lpJL9-mBNmk_00,124,6,2,120.27598471847986,0.0,0.0,0.0,-2.0344439357957027,0.0,0.0,0.0,0.0,2_6,1.0,-0.0,9999.0,0.0,116.56505117707799,0.0
lpJL9-mBNmk_00,125,6,2,120.27598471847986,0.0,0.0,0.0,-2.0344439357957027,0.0,0.0,0.0,0.0,2_6,1.0,-0.0,9999.0,0.0,116.56505117707799,0.0
lpJL9-mBNmk_00,126,6,2,120.27598471847986,0.0,0.0,0.0,3.141592653589793,0.0,0.0,0.0,0.0,2_6,1.0,-0.0,9999.0,0.0,180.0,0.0
lpJL9-mBNmk_00,127,6,2,120.27598471847986,0.0,0.0,0.0,3.141592653589793,0.0,0.0,0.0,0.0,2_6,1.0,-0.0,9999.0,0.0,180.0,0.0
lpJL9-mBNmk_00,128,6,2,120.14990636700472,1.35970299357215,0.0,1.2120256565243244,0.0,0.75,3.5,0.5,0.0,2_6,1.0,0.1260783514751438,952.9780883175026,77.9052429229879,69.44395478041653,3.5089172119045497
lpJL9-mBNmk_00,129,6,2,120.10412149464314,-1.5707963267948966,0.0,0.3671738338182192,0.0,0.0,-1.0,0.0,0.0,2_6,1.0,0.04578487236157969,2623.2271774427472,90.0,21.03751102542182,1.0
lpJL9-mBNmk_00,130,6,2,119.87635296421057,1.5707963267948966,3.141592653589793,0.47734538237367247,0.0,0.0,1.5,-0.30000000000001137,0.0,2_6,1.0,0.22776853043257006,526.3077947447155,90.0,27.349875780069915,1.5297058540778377
lpJL9-mBNmk_00,131,6,2,120.17591272796724,0.0,0.0,0.5713374798336268,0.0,0.0,0.0,0.30000000000001137,0.0,2_6,1.0,-0.29955976375667603,9999.0,0.0,32.7352262721076,0.30000000000001137
lpJL9-mBNmk_00,132,6,2,120.17591272796724,0.0,0.0,0.7328151017865067,0.0,0.0,0.0,0.0,0.0,2_6,1.0,-0.0,9999.0,0.0,41.987212495816664,0.0
lpJL9-mBNmk_00,133,6,2,120.17591272796724,0.0,0.0,0.7328151017865067,0.0,0.0,0.0,0.0,0.0,2_6,1.0,-0.0,9999.0,0.0,41.987212495816664,0.0
lpJL9-mBNmk_00,134,6,2,120.17591272796724,0.0,0.0,0.7328151017865067,0.0,0.0,0.0,0.0,0.0,2_6,1.0,-0.0,9999.0,0.0,41.987212495816664,0.0
lpJL9-mBNmk_00,135,6,2,120.17591272796724,0.0,0.0,0.6747409422235527,0.0,0.0,0.0,0.0,0.0,2_6,1.0,-0.0,9999.0,0.0,38.65980825409009,0.0
lpJL9-mBNmk_00,136,6,2,119.87635296421057,0.0,3.141592653589793,0.9097531579442097,0.0,0.0,0.0,-0.30000000000001137,0.0,2_6,1.0,0.29955976375667603,400.1750817963081,180.0,52.1250163489018,0.30000000000001137
lpJL9-mBNmk_00,137,6,2,119.87635296421057,0.0,0.0,1.1525719972156674,0.0,0.0,0.0,0.0,0.0,2_6,1.0,-0.0,9999.0,0.0,66.03751102542181,0.0
lpJL9-mBNmk_00,138,6,2,120.17591272796724,0.0,0.0,1.1999050379822342,0.0,0.0,0.0,0.30000000000001137,0.0,2_6,1.0,-0.29955976375667603,9999.0,0.0,68.74949449286675,0.30000000000001137
lpJL9-mBNmk_00,139,6,2,120.17591272796724,0.0,0.0,1.41647755086878,0.0,0.0,0.0,0.0,0.0,2_6,1.0,-0.0,9999.0,0.0,81.15818543980846,0.0
lpJL9-mBNmk_00,140,6,2,120.14990636700472,-1.5707963267948966,0.0,1.3258176636680323,0.0,0.0,-0.5,0.0,0.0,2_6,1.0,0.026006360962526287,4620.019945894545,90.0,75.96375653207352,0.5
lpJL9-mBNmk_00,141,6,2,120.10412149464314,-1.5707963267948966,0.0,1.354246021818803,0.0,0.0,-1.0,0.0,0.0,2_6,1.0,0.04578487236157969,2623.2271774427472,90.0,77.59258147259901,1.0
lpJL9-mBNmk_00,142,6,2,120.17591272796724,1.5707963267948966,0.0,1.4341531643038068,0.0,0.0,1.5,0.0,0.0,2_6,1.0,-0.07179123332410597,9999.0,90.0,82.17092348994024,1.5
lpJL9-mBNmk_00,143,6,2,119.70484534888301,0.7853981633974483,0.0,1.299849476456476,0.0,0.5,0.5,0.0,0.0,2_6,1.0,0.47106737908423213,254.11406236957546,45.0,74.47588900324574,0.7071067811865476
lpJL9-mBNmk_00,144,6,2,119.93473225050363,1.951302703907242,0.0,1.3638041325750734,0.0,-0.19999999999998863,0.5,0.0,0.0,2_6,1.0,-0.22988690162061687,9999.0,111.80140948635069,78.1402208790519,0.5385164807134462
lpJL9-mBNmk_00,145,6,2,119.93473225050363,0.0,0.0,1.3638041325750734,0.0,0.0,0.0,0.0,0.0,2_6,1.0,-0.0,9999.0,0.0,78.1402208790519,0.0
lpJL9-mBNmk_00,146,6,2,120.20399327809372,-2.1112158270654975,0.0,1.4056476493802696,0.0,-0.30000000000001137,-0.5,0.0,0.0,2_6,1.0,-0.2692610275900904,9999.0,120.96375653207448,80.53767779197437,0.5830951894845359
lpJL9-mBNmk_00,147,6,2,119.93473225050363,1.0303768265242956,0.0,1.3638041325750734,0.0,0.30000000000001137,0.5,0.0,0.0,2_6,1.0,0.2692610275900904,445.42180249377304,59.036243467925516,78.1402208790519,0.5830951894845359
lpJL9-mBNmk_00,148,6,2,119.93473225050363,0.0,0.0,1.3734007669450086,0.0,0.0,0.0,0.0,0.0,2_6,1.0,-0.0,9999.0,0.0,78.69006752597937,0.0
lpJL9-mBNmk_00,149,6,2,119.93473225050363,0.0,0.0,1.4513674007765536,0.0,0.0,0.0,0.0,0.0,2_6,1.0,-0.0,9999.0,0.0,83.1572265873688,0.0
lpJL9-mBNmk_00,150,6,2,119.93473225050363,0.0,0.0,1.2793395323170191,0.0,0.0,0.0,0.0,0.0,2_6,1.0,-0.0,9999.0,0.0,73.30075576600578,0.0
lpJL9-mBNmk_00,151,6,2,119.93473225050363,0.0,0.0,1.2793395323170191,0.0,0.0,0.0,0.0,0.0,2_6,1.0,-0.0,9999.0,0.0,73.30075576600578,0.0
lpJL9-mBNmk_00,152,6,2,119.93473225050363,0.0,0.0,1.2793395323170191,0.0,0.0,0.0,0.0,0.0,2_6,1.0,-0.0,9999.0,0.0,73.30075576600578,0.0
lpJL9-mBNmk_00,153,6,2,120.20399327809372,-2.1112158270654975,0.0,1.5707963267948966,0.0,-0.30000000000001137,-0.5,0.0,0.0,2_6,1.0,-0.2692610275900904,9999.0,120.96375653207448,90.0,0.5830951894845359
lpJL9-mBNmk_00,154,6,2,119.90450366854448,0.0,3.141592653589793,1.5707963267948966,3.141592653589793,0.0,0.0,-0.30000000000001137,0.0,2_6,1.0,0.29948960954924075,400.36281675685416,180.0,90.0,0.30000000000001137
lpJL9-mBNmk_00,155,6,2,120.20399327809372,0.0,0.0,1.5707963267948966,0.0,0.0,0.0,0.30000000000001137,0.0,2_6,1.0,-0.29948960954924075,9999.0,0.0,90.0,0.30000000000001137
lpJL9-mBNmk_00,156,6,2,120.20399327809372,0.0,0.0,1.5707963267948966,0.0,0.0,0.0,0.0,0.0,2_6,1.0,-0.0,9999.0,0.0,90.0,0.0
lpJL9-mBNmk_00,157,6,2,119.90450366854448,0.0,3.141592653589793,1.5707963267948966,0.0,0.0,0.0,-0.30000000000001137,0.0,2_6,1.0,0.29948960954924075,400.36281675685416,180.0,90.0,0.30000000000001137
lpJL9-mBNmk_00,158,6,2,120.20399327809372,0.0,0.0,1.5707963267948966,0.0,0.0,0.0,0.30000000000001137,0.0,2_6,1.0,-0.29948960954924075,9999.0,0.0,90.0,0.30000000000001137
lpJL9-mBNmk_00,159,6,2,119.90450366854448,0.0,3.141592653589793,1.5707963267948966,3.141592653589793,0.0,0.0,-0.30000000000001137,0.0,2_6,1.0,0.29948960954924075,400.36281675685416,180.0,90.0,0.30000000000001137
lpJL9-mBNmk_00,160,6,2,119.90450366854448,0.0,0.0,1.5707963267948966,3.141592653589793,0.0,0.0,0.0,0.0,2_6,1.0,-0.0,9999.0,0.0,90.0,0.0
lpJL9-mBNmk_00,161,6,2,119.90450366854448,0.0,0.0,1.5707963267948966,3.141592653589793,0.0,0.0,0.0,0.0,2_6,1.0,-0.0,9999.0,0.0,90.0,0.0
lpJL9-mBNmk_00,162,6,2,119.90450366854448,0.0,0.0,1.5707963267948966,3.141592653589793,0.0,0.0,0.0,0.0,2_6,1.0,-0.0,9999.0,0.0,90.0,0.0
lpJL9-mBNmk_00,163,6,2,119.90450366854448,0.0,0.0,3.141592653589793,3.141592653589793,0.0,0.0,0.0,0.0,2_6,1.0,-0.0,9999.0,0.0,0.0,0.0
lpJL9-mBNmk_00,164,6,2,119.90450366854448,0.0,0.0,-2.1112158270654975,3.141592653589793,0.0,0.0,0.0,0.0,2_6,1.0,-0.0,9999.0,0.0,59.03624346792553,0.0
lpJL9-mBNmk_00,165,6,2,120.20399327809372,0.0,0.0,-2.1112158270654975,0.0,0.0,0.0,0.30000000000001137,0.0,2_6,1.0,-0.29948960954924075,9999.0,0.0,120.96375653207448,0.30000000000001137
lpJL9-mBNmk_00,166,6,2,119.90450366854448,0.0,3.141592653589793,0.0,3.141592653589793,0.0,0.0,-0.30000000000001137,0.0,2_6,1.0,0.29948960954924075,400.36281675685416,180.0,180.0,0.30000000000001137
lpJL9-mBNmk_00,167,6,2,119.95441842633393,0.0,0.0,-2.1112158270654975,3.141592653589793,0.0,0.0,0.05000000000001137,0.0,2_6,1.0,-0.04991475778945187,9999.0,0.0,59.03624346792553,0.05000000000001137
lpJL9-mBNmk_00,168,6,2,119.45527405686197,0.0,3.141592653589793,-1.670464979286081,3.141592653589793,0.25,0.0,-0.25,0.0,2_6,1.0,0.4991443694719635,239.32008725898623,180.0,84.2894068624991,0.5
lpJL9-mBNmk_00,169,6,2,119.45527405686197,0.0,0.0,-1.670464979286081,3.141592653589793,0.0,0.0,0.0,0.0,2_6,1.0,-0.0,9999.0,0.0,84.2894068624991,0.0
lpJL9-mBNmk_00,170,6,2,119.45527405686197,0.0,0.0,-1.670464979286081,3.141592653589793,0.0,0.0,0.0,0.0,2_6,1.0,-0.0,9999.0,0.0,84.2894068624991,0.0
lpJL9-mBNmk_00,171,6,2,119.45527405686197,0.0,0.0,-1.670464979286081,3.141592653589793,0.0,0.0,0.0,0.0,2_6,1.0,-0.0,9999.0,0.0,84.2894068624991,0.0
lpJL9-mBNmk_00,172,6,2,119.18620935326368,1.0303768265242956,0.0,0.0,3.141592653589793,0.30000000000001137,0.5,0.0,0.0,2_6,1.0,0.26906470359828916,442.96486220358156,59.036243467925516,180.0,0.5830951894845359
lpJL9-mBNmk_00,173,6,2,119.45527405686197,-2.1112158270654975,0.0,0.0,3.141592653589793,-0.30000000000001137,-0.5,0.0,0.0,2_6,1.0,-0.26906470359828916,9999.0,120.96375653207448,180.0,0.5830951894845359
lpJL9-mBNmk_00,174,6,2,119.48561628915841,1.5707963267948966,0.0,1.1071487177940904,3.141592653589793,0.0,0.5,0.0,0.0,2_6,1.0,-0.030342232296447946,9999.0,90.0,116.56505117707799,0.5
lpJL9-mBNmk_00,175,6,2,119.48561628915841,0.0,0.0,1.1071487177940904,3.141592653589793,0.0,0.0,0.0,0.0,2_6,1.0,-0.0,9999.0,0.0,116.56505117707799,0.0
lpJL9-mBNmk_00,176,6,2,119.95441842633393,-2.0344439357957027,0.0,0.0,3.141592653589793,-0.25,-0.5,0.25,0.0,2_6,1.0,-0.46880213717551555,9999.0,116.56505117707799,180.0,0.7071067811865476
lpJL9-mBNmk_00,177,6,2,120.20399327809372,0.0,0.0,0.0,0.0,0.0,0.0,0.25,0.0,2_6,1.0,-0.24957485175978888,9999.0,0.0,0.0,0.25
lpJL9-mBNmk_00,178,6,2,120.20399327809372,0.0,0.0,0.0,0.0,0.0,0.0,0.0,0.0,2_6,1.0,-0.0,9999.0,0.0,0.0,0.0
lpJL9-mBNmk_00,179,6,2,119.90450366854448,0.0,3.141592653589793,0.0,0.0,0.05000000000001137,0.0,-0.25,0.0,2_6,1.0,0.29948960954924075,400.36281675685416,180.0,0.0,0.30000000000001137
lpJL9-mBNmk_00,180,6,2,119.95441842633393,3.141592653589793,0.0,0.0,0.0,-0.05000000000001137,0.0,0.0,0.0,2_6,1.0,-0.04991475778945187,9999.0,180.0,0.0,0.05000000000001137
lpJL9-mBNmk_00,181,6,2,119.95441842633393,0.0,0.0,0.0,0.0,0.25,0.0,0.25,0.0,2_6,1.0,-0.0,9999.0,0.0,0.0,0.0
lpJL9-mBNmk_00,182,6,2,119.95441842633393,0.0,0.0,0.0,0.0,0.0,0.0,0.0,0.0,2_6,1.0,-0.0,9999.0,0.0,0.0,0.0
lpJL9-mBNmk_00,183,6,2,119.6549309472869,3.141592653589793,3.141592653589793,0.0,3.141592653589793,-0.19999999999998863,0.0,-0.5,0.0,2_6,1.0,0.29948747904703055,399.5323321296403,0.0,180.0,0.30000000000001137
lpJL9-mBNmk_00,184,6,2,119.18620935326368,0.7853981633974483,0.0,0.7378150601204546,3.141592653589793,0.5,0.5,0.0,0.0,2_6,1.0,0.4687215940232221,254.27932246569117,45.0,137.72631099390685,0.7071067811865476
lpJL9-mBNmk_00,185,6,2,119.15579087900008,-1.5707963267948966,0.0,0.0,3.141592653589793,0.0,-0.5,0.0,0.0,2_6,1.0,0.030418474263598227,3917.2178672220175,90.0,180.0,0.5
lpJL9-mBNmk_00,186,6,2,119.40536001369452,0.0,0.0,0.0,0.0,0.0,0.0,0.25,0.0,2_6,1.0,-0.24956913469443975,9999.0,0.0,0.0,0.25
lpJL9-mBNmk_00,187,6,2,119.40536001369452,0.0,0.0,0.0,0.0,0.0,0.0,0.0,0.0,2_6,1.0,-0.0,9999.0,0.0,0.0,0.0
lpJL9-mBNmk_00,188,6,2,119.15579087900008,0.0,3.141592653589793,0.0,0.0,0.0,0.0,-0.25,0.0,2_6,1.0,0.24956913469443975,477.4460232227379,180.0,0.0,0.25
lpJL9-mBNmk_00,189,6,2,119.15579087900008,0.0,0.0,0.0,0.0,0.0,0.0,0.0,0.0,2_6,1.0,-0.0,9999.0,0.0,0.0,0.0
lpJL9-mBNmk_00,190,6,2,119.40536001369452,3.141592653589793,0.0,0.0,0.0,-0.25,0.0,0.0,0.0,2_6,1.0,-0.24956913469443975,9999.0,180.0,0.0,0.25
lpJL9-mBNmk_00,191,6,2,119.40536001369452,0.0,0.0,0.0,0.0,0.25,0.0,0.25,0.0,2_6,1.0,-0.0,9999.0,0.0,0.0,0.0
lpJL9-mBNmk_00,192,6,2,119.40536001369452,0.0,0.0,-1.5707963267948966,0.0,0.0,0.0,0.0,0.0,2_6,1.0,-0.0,9999.0,0.0,90.0,0.0
lpJL9-mBNmk_00,193,6,2,119.40536001369452,0.0,0.0,0.0,0.0,0.0,0.0,0.0,0.0,2_6,1.0,-0.0,9999.0,0.0,0.0,0.0
lpJL9-mBNmk_00,194,6,2,119.6549309472869,3.141592653589793,0.0,-1.471127674303712,0.0,-0.25,0.0,0.0,0.0,2_6,1.0,-0.24957093359238058,9999.0,180.0,84.28940686249906,0.25
lpJL9-mBNmk_00,195,6,2,119.6549309472869,0.0,0.0,-1.471127674303712,0.0,0.0,0.0,0.0,0.0,2_6,1.0,-0.0,9999.0,0.0,84.28940686249906,0.0
lpJL9-mBNmk_00,196,6,2,119.90450366854448,3.141592653589793,0.0,0.0,0.0,-0.25,0.0,0.0,0.0,2_6,1.0,-0.24957272125757868,9999.0,180.0,0.0,0.25
lpJL9-mBNmk_00,197,6,2,119.45527405686197,0.0,0.0,0.0,3.141592653589793,0.44999999999998863,0.0,0.0,0.0,2_6,1.0,0.44922961168251163,265.91139798078524,0.0,180.0,0.44999999999998863
lpJL9-mBNmk_00,198,6,2,119.70484534888301,3.141592653589793,3.141592653589793,0.0,3.141592653589793,-0.5,0.0,-0.25,0.0,2_6,1.0,-0.2495712920210451,9999.0,0.0,180.0,0.25
lpJL9-mBNmk_00,199,6,2,119.70484534888301,0.0,0.0,3.141592653589793,3.141592653589793,0.0,0.0,0.0,0.0,2_6,1.0,-0.0,9999.0,0.0,0.0,0.0
lpJL9-mBNmk_00,200,6,2,119.45527405686197,0.0,0.0,0.0,3.141592653589793,0.25,0.0,0.0,0.0,2_6,1.0,0.2495712920210451,478.64188661085626,0.0,180.0,0.25
lpJL9-mBNmk_00,201,6,2,119.70484534888301,3.141592653589793,0.0,3.141592653589793,3.141592653589793,-0.25,0.0,0.0,0.0,2_6,1.0,-0.2495712920210451,9999.0,180.0,0.0,0.25
lpJL9-mBNmk_00,202,6,2,119.70484534888301,0.0,0.0,3.141592653589793,3.141592653589793,0.0,0.0,0.0,0.0,2_6,1.0,-0.0,9999.0,0.0,0.0,0.0
lpJL9-mBNmk_00,203,6,2,119.45527405686197,0.0,0.0,0.0,0.0,0.25,0.0,0.0,0.0,2_6,1.0,0.2495712920210451,478.64188661085626,0.0,0.0,0.25
lpJL9-mBNmk_00,204,6,2,119.70484534888301,3.141592653589793,0.0,-2.4037775934693384,0.0,-0.25,0.0,0.0,0.0,2_6,1.0,-0.2495712920210451,9999.0,180.0,137.72631099390685,0.25
lpJL9-mBNmk_00,205,6,2,119.75475982189603,3.141592653589793,0.0,3.141592653589793,0.0,-0.05000000000001137,0.0,0.0,0.0,2_6,1.0,-0.04991447301301832,9999.0,180.0,180.0,0.05000000000001137
lpJL9-mBNmk_00,206,6,2,119.67664768032233,-1.471127674303712,0.0,-2.4037775934693384,3.141592653589793,0.05000000000001137,-0.5,0.0,0.0,2_6,1.0,0.07811214157369761,1532.1132575453619,84.28940686249906,42.273689006093164,0.5024937810560456
lpJL9-mBNmk_00,207,6,2,119.70484534888301,1.5707963267948966,0.0,3.141592653589793,3.141592653589793,0.0,0.5,0.0,0.0,2_6,1.0,-0.02819766856067929,9999.0,90.0,0.0,0.5
lpJL9-mBNmk_00,208,6,2,119.7265739090533,-1.670464979286081,0.0,-2.4468543773931084,0.0,-0.05000000000001137,-0.5,0.0,0.0,2_6,1.0,-0.021728560170288347,9999.0,95.71059313750094,140.19442890773587,0.5024937810560456
lpJL9-mBNmk_00,209,6,2,119.75475982189603,1.5707963267948966,0.0,3.141592653589793,0.0,0.0,0.5,0.0,0.0,2_6,1.0,-0.028185912842729977,9999.0,90.0,180.0,0.5
lpJL9-mBNmk_00,210,6,2,119.75475982189603,0.0,0.0,3.141592653589793,0.0,0.0,0.0,0.0,0.0,2_6,1.0,-0.0,9999.0,0.0,180.0,0.0
lpJL9-mBNmk_00,211,6,2,120.00433325509543,0.0,0.0,3.141592653589793,0.0,0.0,0.0,0.25,0.0,2_6,1.0,-0.2495734331994015,9999.0,0.0,180.0,0.25
lpJL9-mBNmk_00,212,6,2,119.95441842633393,0.0,0.0,3.141592653589793,0.0,0.05000000000001137,0.0,0.0,0.0,2_6,1.0,0.04991482876150144,2403.182008286343,0.0,180.0,0.05000000000001137
lpJL9-mBNmk_00,213,6,2,119.70484534888301,0.0,3.141592653589793,3.141592653589793,3.141592653589793,0.0,0.0,-0.25,0.0,2_6,1.0,0.2495730774509184,479.6384552834007,180.0,0.0,0.25
lpJL9-mBNmk_00,214,6,2,119.70484534888301,0.0,0.0,3.141592653589793,3.141592653589793,0.0,0.0,0.0,0.0,2_6,1.0,-0.0,9999.0,0.0,0.0,0.0
lpJL9-mBNmk_00,215,6,2,119.7265739090533,-1.670464979286081,0.0,-2.1815222911841357,3.141592653589793,-0.05000000000001137,-0.5,0.0,0.0,2_6,1.0,-0.021728560170288347,9999.0,95.71059313750094,55.0079798014396,0.5024937810560456
lpJL9-mBNmk_00,216,6,2,119.35091118211037,-0.9600703624056575,0.0,-1.3258176636680323,3.141592653589793,0.35000000000002274,-0.5,0.0,0.0,2_6,1.0,0.37566272694293446,317.7076207516337,55.00797980143959,104.0362434679265,0.6103277807866982
lpJL9-mBNmk_00,217,6,2,119.35091118211037,0.0,0.0,-1.7681918866447663,3.141592653589793,0.0,0.0,0.0,0.0,2_6,1.0,-0.0,9999.0,0.0,78.69006752598042,0.0
lpJL9-mBNmk_00,218,6,2,119.70046992388961,3.141592653589793,0.0,-1.6207547225168506,0.0,-0.35000000000002274,0.0,0.0,0.0,2_6,1.0,-0.34955874177924784,9999.0,180.0,92.86240522611239,0.35000000000002274
lpJL9-mBNmk_00,219,6,2,119.70046992388961,0.0,0.0,-1.6207547225168506,0.0,0.0,0.0,0.0,0.0,2_6,1.0,-0.0,9999.0,0.0,92.86240522611239,0.0
lpJL9-mBNmk_00,220,6,2,119.70046992388961,0.0,0.0,-1.862253121272774,0.0,0.0,0.0,0.0,0.0,2_6,1.0,-0.0,9999.0,0.0,106.69924423399421,0.0
lpJL9-mBNmk_00,221,6,2,119.70046992388961,0.0,0.0,-1.6207547225168506,0.0,0.0,0.0,0.0,0.0,2_6,1.0,-0.0,9999.0,0.0,92.86240522611239,0.0
lpJL9-mBNmk_00,222,6,2,119.35091118211037,0.0,0.0,-1.2793395323170191,0.0,0.35000000000002274,0.0,0.0,0.0,2_6,1.0,0.34955874177924784,341.43306093452657,0.0,73.30075576600578,0.35000000000002274
lpJL9-mBNmk_00,223,6,2,119.70046992388961,3.141592653589793,0.0,-1.862253121272774,0.0,-0.35000000000002274,0.0,0.0,0.0,2_6,1.0,-0.34955874177924784,9999.0,180.0,106.69924423399421,0.35000000000002274
lpJL9-mBNmk_00,224,6,2,119.70046992388961,0.0,0.0,-1.6207547225168506,0.0,0.0,0.0,0.0,0.0,2_6,1.0,-0.0,9999.0,0.0,92.86240522611239,0.0
lpJL9-mBNmk_00,225,6,2,119.70046992388961,0.0,0.0,-1.5707963267948966,0.0,0.0,0.0,0.0,0.0,2_6,1.0,-0.0,9999.0,0.0,90.0,0.0
lpJL9-mBNmk_00,226,6,2,119.75475982189603,1.5707963267948966,0.0,1.670464979286081,0.0,0.0,1.0,0.0,0.0,2_6,1.0,-0.05428989800641659,9999.0,90.0,95.71059313750094,1.0
lpJL9-mBNmk_00,235,6,2,120.17591272796724,1.5707963267948966,0.0,0.0,0.0,0.0,0.5,0.5,0.0,2_6,9.0,-0.04679476734124598,9999.0,90.0,0.0,0.07856742013183862
lpJL9-mBNmk_00,236,6,2,120.14990636700472,-1.5707963267948966,0.0,3.141592653589793,0.0,0.0,-0.5,0.0,0.0,2_6,1.0,0.026006360962526287,4620.019945894545,90.0,180.0,0.5
lpJL9-mBNmk_00,237,6,2,119.65053280282541,0.0,3.141592653589793,3.141592653589793,0.0,0.0,0.0,-0.5,0.0,2_6,1.0,0.499373564179308,239.60125522356043,180.0,180.0,0.5
lpJL9-mBNmk_00,238,6,2,120.14990636700472,0.0,0.0,0.0,0.0,0.0,0.0,0.5,0.0,2_6,1.0,-0.499373564179308,9999.0,0.0,0.0,0.5
lpJL9-mBNmk_00,239,6,2,120.12597554234472,-1.5707963267948966,0.0,-1.471127674303712,0.0,0.0,-0.5,0.0,0.0,2_6,1.0,0.02393082465999896,5019.717341506355,90.0,84.28940686249906,0.5
lpJL9-mBNmk_00,240,6,2,120.09996877601591,1.471127674303712,0.0,0.0,0.0,0.05000000000001137,0.5,0.0,0.0,2_6,1.0,0.026006766328805497,4618.027756991508,84.28940686249906,0.0,0.5024937810560456
lpJL9-mBNmk_00,241,6,2,120.34965724920033,0.0,0.0,0.0,0.0,0.0,0.0,0.25,0.0,2_6,1.0,-0.24968847318442045,9999.0,0.0,0.0,0.25
lpJL9-mBNmk_00,242,6,2,120.34965724920033,0.0,0.0,3.141592653589793,0.0,0.0,0.0,0.0,0.0,2_6,1.0,-0.0,9999.0,0.0,180.0,0.0
lpJL9-mBNmk_00,243,6,2,120.34965724920033,0.0,0.0,0.0,0.0,0.0,0.0,0.0,0.0,2_6,1.0,-0.0,9999.0,0.0,0.0,0.0
lpJL9-mBNmk_00,244,6,2,120.34965724920033,0.0,0.0,0.0,0.0,0.0,0.0,0.0,0.0,2_6,1.0,-0.0,9999.0,0.0,0.0,0.0
lpJL9-mBNmk_00,245,6,2,120.34965724920033,0.0,0.0,0.0,0.0,0.0,0.0,0.0,0.0,2_6,1.0,-0.0,9999.0,0.0,0.0,0.0
lpJL9-mBNmk_00,246,6,2,120.17591272796724,1.670464979286081,3.141592653589793,-1.471127674303712,0.0,-0.05000000000001137,0.5,-0.25,0.0,2_6,1.0,0.1737445212330897,691.6817398042921,84.28940686249906,84.28940686249906,0.5385164807134462
lpJL9-mBNmk_00,247,6,2,120.42554753871788,0.0,0.0,-1.471127674303712,0.0,0.0,0.0,0.25,0.0,2_6,1.0,-0.24963481075063498,9999.0,0.0,84.28940686249906,0.25
lpJL9-mBNmk_00,248,6,2,120.125985948087,0.0,3.141592653589793,-2.0344439357957027,0.0,0.05000000000001137,0.0,-0.25,0.0,2_6,1.0,0.29956159063087284,401.0059690733489,180.0,116.56505117707799,0.30000000000001137
lpJL9-mBNmk_00,249,6,2,120.34965724920033,-1.5707963267948966,0.0,-1.7359450042095235,0.0,0.0,-0.5,0.25,0.0,2_6,1.0,-0.22367130111332756,9999.0,90.0,99.46232220802563,0.5590169943749475
lpJL9-mBNmk_00,250,6,2,121.15239370313736,1.5707963267948966,0.0,1.5707963267948966,0.0,0.0,1.0,0.75,0.0,2_6,1.0,-0.8027364539370296,9999.0,90.0,90.0,1.25
lpJL9-mBNmk_00,251,6,2,121.15239370313736,0.0,0.0,1.5707963267948966,0.0,0.0,0.0,0.0,0.0,2_6,1.0,-0.0,9999.0,0.0,90.0,0.0
lpJL9-mBNmk_00,252,6,2,121.50181068609638,3.141592653589793,0.0,1.7196862744043995,0.0,-0.35000000000002274,0.0,0.0,0.0,2_6,1.0,-0.34941698295901347,9999.0,180.0,98.53076560994846,0.35000000000002274
lpJL9-mBNmk_00,253,6,2,121.45189376868522,0.0,0.0,1.8157749899217608,0.0,0.05000000000001137,0.0,0.0,0.0,2_6,1.0,0.049916917411152895,2433.0808084224636,0.0,104.03624346792648,0.05000000000001137
lpJL9-mBNmk_00,254,6,2,121.45189376868522,0.0,0.0,1.8157749899217608,0.0,0.0,0.0,0.0,0.0,2_6,1.0,-0.0,9999.0,0.0,104.03624346792648,0.0
lpJL9-mBNmk_00,255,6,2,121.50181068609638,3.141592653589793,0.0,2.1112158270654975,0.0,-0.05000000000001137,0.0,0.0,0.0,2_6,1.0,-0.049916917411152895,9999.0,180.0,120.96375653207448,0.05000000000001137
lpJL9-mBNmk_00,256,6,2,121.65156184776255,3.141592653589793,0.0,1.9936502529278277,0.0,-0.14999999999997726,0.0,0.0,0.0,2_6,1.0,-0.14975116166617397,9999.0,180.0,114.22774531795362,0.14999999999997726
lpJL9-mBNmk_00,257,6,2,121.65156184776255,0.0,0.0,1.9936502529278277,0.0,0.0,0.0,0.0,0.0,2_6,1.0,-0.0,9999.0,0.0,114.22774531795362,0.0
lpJL9-mBNmk_00,258,6,2,121.35206013908456,0.0,3.141592653589793,1.9936502529278277,0.0,0.0,0.0,-0.30000000000001137,0.0,2_6,1.0,0.29950170867799386,405.1798591558453,180.0,114.22774531795362,0.30000000000001137
lpJL9-mBNmk_00,259,6,2,121.51585287525245,-1.6704649792860624,0.0,-2.0344439357957027,0.0,-0.30000000000001137,-3.0,0.0,0.0,2_6,1.0,-0.16379273616789192,9999.0,95.71059313749986,116.56505117707799,3.0149626863362684
lpJL9-mBNmk_00,260,6,2,121.53333904735769,1.5707963267948966,0.0,-2.060753653048631,0.0,0.0,0.5,0.0,0.0,2_6,1.0,-0.01748617210523662,9999.0,90.0,118.07248693585329,0.5
lpJL9-mBNmk_00,261,6,2,121.35206013908456,1.4513674007765536,0.0,2.0344439357957027,0.0,0.30000000000001137,2.5,0.0,0.0,2_6,1.0,0.18127890827312854,669.4218389502123,83.1572265873688,116.56505117707799,2.5179356624028357
lpJL9-mBNmk_00,262,6,2,121.35206013908456,0.0,0.0,2.0344439357957027,0.0,0.0,0.0,0.0,0.0,2_6,1.0,-0.0,9999.0,0.0,116.56505117707799,0.0
lpJL9-mBNmk_00,263,6,2,121.32424530983077,-1.5707963267948966,0.0,2.356194490192345,0.0,0.0,-0.5,0.0,0.0,2_6,1.0,0.02781482925378498,4361.854757505702,90.0,135.0,0.5
lpJL9-mBNmk_00,264,6,2,121.35206013908456,1.5707963267948966,0.0,2.0344439357957027,0.0,0.0,0.5,0.0,0.0,2_6,1.0,-0.02781482925378498,9999.0,90.0,116.56505117707799,0.5
lpJL9-mBNmk_00,265,6,2,121.35206013908456,0.0,0.0,2.0344439357957027,0.0,0.0,0.0,0.0,0.0,2_6,1.0,-0.0,9999.0,0.0,116.56505117707799,0.0
lpJL9-mBNmk_00,266,6,2,121.35206013908456,0.0,0.0,2.3036114285813905,0.0,0.0,0.0,0.0,0.0,2_6,1.0,-0.0,9999.0,0.0,131.98721249581592,0.0
lpJL9-mBNmk_00,267,6,2,120.65323244737374,0.0,3.141592653589793,2.3036114285813905,3.141592653589793,0.0,0.0,-0.6999999999999886,0.0,2_6,1.0,0.698827691710818,172.65090361831463,180.0,48.01278750418407,0.6999999999999886
lpJL9-mBNmk_00,268,6,2,121.15239370313736,0.0,0.0,2.356194490192345,0.0,0.0,0.0,0.5,0.0,2_6,1.0,-0.49916125576362447,9999.0,0.0,135.0,0.5
lpJL9-mBNmk_00,269,6,2,121.15239370313736,0.0,0.0,2.0344439357957027,0.0,0.0,0.0,0.0,0.0,2_6,1.0,-0.0,9999.0,0.0,116.56505117707799,0.0
lpJL9-mBNmk_00,270,6,2,121.35206013908456,0.0,0.0,3.141592653589793,3.141592653589793,0.0,0.0,0.19999999999998863,0.0,2_6,1.0,-0.19966643594719358,9999.0,0.0,0.0,0.19999999999998863
lpJL9-mBNmk_00,271,6,2,121.15239370313736,0.0,3.141592653589793,3.141592653589793,3.141592653589793,0.0,0.0,-0.19999999999998863,0.0,2_6,1.0,0.19966643594719358,606.7739584192254,180.0,0.0,0.19999999999998863
lpJL9-mBNmk_00,272,6,2,120.95272836939232,0.0,0.0,0.0,3.141592653589793,0.19999999999998863,0.0,0.0,0.0,2_6,1.0,0.19966533374504536,605.7773079619222,0.0,180.0,0.19999999999998863
lpJL9-mBNmk_00,273,6,2,120.95272836939232,0.0,0.0,0.0,3.141592653589793,0.0,0.0,0.0,0.0,2_6,1.0,-0.0,9999.0,0.0,180.0,0.0
lpJL9-mBNmk_00,274,6,2,121.2023102090055,3.141592653589793,0.0,3.141592653589793,3.141592653589793,-0.25,0.0,0.0,0.0,2_6,1.0,-0.24958183961318525,9999.0,180.0,0.0,0.25
lpJL9-mBNmk_00,275,6,2,120.95272836939232,0.0,0.0,0.0,3.141592653589793,0.25,0.0,0.0,0.0,2_6,1.0,0.24958183961318525,484.6215115524874,0.0,180.0,0.25
lpJL9-mBNmk_00,276,6,2,121.25222678367604,3.141592653589793,0.0,3.141592653589793,3.141592653589793,-0.30000000000001137,0.0,0.0,0.0,2_6,1.0,-0.29949841428371826,9999.0,180.0,0.0,0.30000000000001137
lpJL9-mBNmk_00,277,6,2,120.95272836939232,0.0,0.0,0.0,3.141592653589793,0.30000000000001137,0.0,0.0,0.0,2_6,1.0,0.29949841428371826,403.85098084296504,0.0,180.0,0.30000000000001137
lpJL9-mBNmk_00,278,6,2,120.95272836939232,3.141592653589793,3.141592653589793,3.141592653589793,3.141592653589793,-0.25,0.0,-0.25,0.0,2_6,1.0,-0.0,9999.0,0.0,0.0,0.0
lpJL9-mBNmk_00,279,6,2,121.2023102090055,0.0,0.0,1.4876550949064553,3.141592653589793,0.0,0.0,0.25,0.0,2_6,1.0,-0.24958183961318525,9999.0,0.0,94.76364169072617,0.25
lpJL9-mBNmk_00,280,6,2,121.2023102090055,0.0,0.0,1.4711276743037345,3.141592653589793,0.0,0.0,0.0,0.0,2_6,1.0,-0.0,9999.0,0.0,95.71059313749964,0.0
lpJL9-mBNmk_00,281,6,2,121.2023102090055,0.0,0.0,3.141592653589793,3.141592653589793,0.0,0.0,0.0,0.0,2_6,1.0,-0.0,9999.0,0.0,0.0,0.0
lpJL9-mBNmk_00,282,6,2,121.25222678367604,3.141592653589793,0.0,3.141592653589793,3.141592653589793,-0.05000000000001137,0.0,0.0,0.0,2_6,1.0,-0.04991657467053301,9999.0,180.0,0.0,0.05000000000001137
lpJL9-mBNmk_00,283,6,2,121.25222678367604,0.0,0.0,1.768191886644821,3.141592653589793,0.0,0.0,0.0,0.0,2_6,1.0,-0.0,9999.0,0.0,78.69006752597728,0.0
lpJL9-mBNmk_00,284,6,2,120.75306414331689,0.0,3.141592653589793,3.141592653589793,3.141592653589793,0.0,0.0,-0.5,0.0,2_6,1.0,0.49916264035914537,241.91126174113427,180.0,0.0,0.5
lpJL9-mBNmk_00,285,6,2,120.75306414331689,0.0,0.0,3.141592653589793,3.141592653589793,0.0,0.0,0.0,0.0,2_6,1.0,-0.0,9999.0,0.0,0.0,0.0
lpJL9-mBNmk_00,286,6,2,120.20399327809372,0.0,0.0,0.0,3.141592653589793,0.5500000000000114,0.0,0.0,0.0,2_6,1.0,0.5490708652231717,218.92254878473,0.0,180.0,0.5500000000000114
lpJL9-mBNmk_00,287,6,2,120.20399327809372,0.0,0.0,0.0,0.0,0.0,0.0,0.0,0.0,2_6,1.0,-0.0,9999.0,0.0,0.0,0.0
lpJL9-mBNmk_00,288,6,2,120.20399327809372,0.0,0.0,0.0,3.141592653589793,0.0,0.0,0.0,0.0,2_6,1.0,-0.0,9999.0,0.0,180.0,0.0
lpJL9-mBNmk_00,289,6,2,120.20399327809372,0.0,0.0,0.0,3.141592653589793,0.0,0.0,0.0,0.0,2_6,1.0,-0.0,9999.0,0.0,180.0,0.0
lpJL9-mBNmk_00,290,6,2,120.2539084603906,3.141592653589793,0.0,0.0,3.141592653589793,-0.05000000000001137,0.0,0.0,0.0,2_6,1.0,-0.04991518229688552,9999.0,180.0,180.0,0.05000000000001137
lpJL9-mBNmk_00,291,6,2,120.00433325509543,0.0,3.141592653589793,0.0,3.141592653589793,0.05000000000001137,0.0,-0.19999999999998863,0.0,2_6,1.0,0.24957520529517296,480.8343565746691,180.0,180.0,0.25
lpJL9-mBNmk_00,292,6,2,120.2539084603906,3.141592653589793,0.0,0.0,3.141592653589793,-0.05000000000001137,0.0,0.19999999999998863,0.0,2_6,1.0,-0.24957520529517296,9999.0,180.0,180.0,0.25
lpJL9-mBNmk_00,293,6,2,120.2539084603906,0.0,0.0,0.0,3.141592653589793,0.0,0.0,0.0,0.0,2_6,1.0,-0.0,9999.0,0.0,180.0,0.0
lpJL9-mBNmk_00,294,6,2,120.20399327809372,0.0,0.0,0.0,3.141592653589793,0.05000000000001137,0.0,0.0,0.0,2_6,1.0,0.04991518229688552,2408.1649659845857,0.0,180.0,0.05000000000001137
lpJL9-mBNmk_00,295,6,2,120.20399327809372,0.0,0.0,0.0,3.141592653589793,0.0,0.0,0.0,0.0,2_6,1.0,-0.0,9999.0,0.0,180.0,0.0
lpJL9-mBNmk_00,296,6,2,120.20399327809372,0.0,0.0,0.0,3.141592653589793,0.0,0.0,0.0,0.0,2_6,1.0,-0.0,9999.0,0.0,180.0,0.0
lpJL9-mBNmk_00,297,6,2,120.20399327809372,0.0,0.0,0.0,3.141592653589793,0.0,0.0,0.0,0.0,2_6,1.0,-0.0,9999.0,0.0,180.0,0.0
lpJL9-mBNmk_00,298,6,2,120.20399327809372,0.0,0.0,0.0,3.141592653589793,0.0,0.0,0.0,0.0,2_6,1.0,-0.0,9999.0,0.0,180.0,0.0
lpJL9-mBNmk_00,299,6,2,120.20399327809372,0.0,0.0,0.0,3.141592653589793,0.0,0.0,0.0,0.0,2_6,1.0,-0.0,9999.0,0.0,180.0,0.0
lpJL9-mBNmk_00,300,6,2,120.20399327809372,0.0,0.0,0.0,3.141592653589793,0.0,0.0,0.0,0.0,2_6,1.0,-0.0,9999.0,0.0,180.0,0.0
lpJL9-mBNmk_00,301,6,2,120.20399327809372,0.0,0.0,0.0,3.141592653589793,0.0,0.0,0.0,0.0,2_6,1.0,-0.0,9999.0,0.0,180.0,0.0
lpJL9-mBNmk_00,302,6,2,120.2539084603906,3.141592653589793,0.0,0.0,3.141592653589793,-0.05000000000001137,0.0,0.0,0.0,2_6,1.0,-0.04991518229688552,9999.0,180.0,180.0,0.05000000000001137
lpJL9-mBNmk_00,303,6,2,120.2539084603906,0.0,0.0,0.0,3.141592653589793,0.0,0.0,0.0,0.0,2_6,1.0,-0.0,9999.0,0.0,180.0,0.0
lpJL9-mBNmk_00,304,6,2,120.2539084603906,0.0,0.0,0.0,0.0,0.0,0.0,0.0,0.0,2_6,1.0,-0.0,9999.0,0.0,0.0,0.0
lpJL9-mBNmk_00,305,6,2,120.20399327809372,0.0,0.0,0.0,0.0,0.05000000000001137,0.0,0.0,0.0,2_6,1.0,0.04991518229688552,2408.1649659845857,0.0,0.0,0.05000000000001137
lpJL9-mBNmk_00,306,6,2,120.20399327809372,0.0,0.0,0.0,0.0,0.0,0.0,0.0,0.0,2_6,1.0,-0.0,9999.0,0.0,0.0,0.0
lpJL9-mBNmk_00,307,6,2,120.20399327809372,0.0,0.0,0.0,0.0,0.0,0.0,0.0,0.0,2_6,1.0,-0.0,9999.0,0.0,0.0,0.0
lpJL9-mBNmk_00,308,6,2,120.20399327809372,0.0,0.0,0.0,0.0,0.0,0.0,0.0,0.0,2_6,1.0,-0.0,9999.0,0.0,0.0,0.0
lpJL9-mBNmk_00,309,6,2,120.2539084603906,3.141592653589793,0.0,3.141592653589793,0.0,-0.05000000000001137,0.0,0.0,0.0,2_6,1.0,-0.04991518229688552,9999.0,180.0,180.0,0.05000000000001137
lpJL9-mBNmk_00,310,6,2,120.2539084603906,0.0,0.0,0.0,0.0,0.0,0.0,0.0,0.0,2_6,1.0,-0.0,9999.0,0.0,0.0,0.0
lpJL9-mBNmk_00,311,6,2,120.2539084603906,0.0,0.0,3.141592653589793,0.0,0.0,0.0,0.0,0.0,2_6,1.0,-0.0,9999.0,0.0,180.0,0.0
lpJL9-mBNmk_00,312,6,2,120.2539084603906,0.0,0.0,0.0,0.0,0.0,0.0,0.0,0.0,2_6,1.0,-0.0,9999.0,0.0,0.0,0.0
lpJL9-mBNmk_00,313,6,2,120.20399327809372,0.0,0.0,0.0,0.0,0.05000000000001137,0.0,0.0,0.0,2_6,1.0,0.04991518229688552,2408.1649659845857,0.0,0.0,0.05000000000001137
lpJL9-mBNmk_00,314,6,2,120.2539084603906,3.141592653589793,0.0,3.141592653589793,0.0,-0.05000000000001137,0.0,0.0,0.0,2_6,1.0,-0.04991518229688552,9999.0,180.0,180.0,0.05000000000001137
lpJL9-mBNmk_00,315,6,2,120.2539084603906,0.0,0.0,3.141592653589793,0.0,0.0,0.0,0.0,0.0,2_6,1.0,-0.0,9999.0,0.0,180.0,0.0
lpJL9-mBNmk_00,316,6,2,120.2539084603906,0.0,0.0,3.141592653589793,0.0,0.0,0.0,0.0,0.0,2_6,1.0,-0.0,9999.0,0.0,180.0,0.0
lpJL9-mBNmk_00,317,6,2,120.2539084603906,0.0,0.0,3.141592653589793,0.0,0.0,0.0,0.0,0.0,2_6,1.0,-0.0,9999.0,0.0,180.0,0.0
lpJL9-mBNmk_00,318,6,2,120.2539084603906,0.0,0.0,3.141592653589793,0.0,0.0,0.0,0.0,0.0,2_6,1.0,-0.0,9999.0,0.0,180.0,0.0
lpJL9-mBNmk_00,319,6,2,120.2539084603906,0.0,0.0,3.141592653589793,0.0,0.0,0.0,0.0,0.0,2_6,1.0,-0.0,9999.0,0.0,180.0,0.0
lpJL9-mBNmk_00,320,6,2,120.20399327809372,0.0,0.0,0.0,0.0,0.05000000000001137,0.0,0.0,0.0,2_6,1.0,0.04991518229688552,2408.1649659845857,0.0,0.0,0.05000000000001137
lpJL9-mBNmk_00,321,6,2,120.2539084603906,3.141592653589793,0.0,3.141592653589793,0.0,-0.05000000000001137,0.0,0.0,0.0,2_6,1.0,-0.04991518229688552,9999.0,180.0,180.0,0.05000000000001137
lpJL9-mBNmk_00,322,6,2,120.2539084603906,0.0,0.0,0.0,0.0,0.0,0.0,0.0,0.0,2_6,1.0,-0.0,9999.0,0.0,0.0,0.0
lpJL9-mBNmk_00,323,6,2,120.2539084603906,0.0,0.0,0.0,0.0,0.0,0.0,0.0,0.0,2_6,1.0,-0.0,9999.0,0.0,0.0,0.0
lpJL9-mBNmk_00,324,6,2,120.20399327809372,0.0,0.0,0.0,0.0,0.05000000000001137,0.0,0.0,0.0,2_6,1.0,0.04991518229688552,2408.1649659845857,0.0,0.0,0.05000000000001137
lpJL9-mBNmk_00,325,6,2,120.40365442958945,0.0,0.0,0.0,0.0,0.0,0.0,0.19999999999998863,0.0,2_6,1.0,-0.19966115149573227,9999.0,0.0,0.0,0.19999999999998863
lpJL9-mBNmk_00,326,6,2,120.2539084603906,3.141592653589793,3.141592653589793,3.141592653589793,0.0,-0.05000000000001137,0.0,-0.19999999999998863,0.0,2_6,1.0,0.14974596919884675,803.0527239147665,0.0,180.0,0.14999999999997726
lpJL9-mBNmk_00,327,6,2,120.20399327809372,0.0,0.0,0.0,0.0,0.05000000000001137,0.0,0.0,0.0,2_6,1.0,0.04991518229688552,2408.1649659845857,0.0,0.0,0.05000000000001137
lpJL9-mBNmk_00,328,6,2,119.95441842633393,0.0,3.141592653589793,0.0,3.141592653589793,0.0,0.0,-0.25,0.0,2_6,1.0,0.24957485175978888,480.63503826814974,180.0,180.0,0.25
lpJL9-mBNmk_00,329,6,2,119.95441842633393,0.0,0.0,0.0,3.141592653589793,0.0,0.0,0.0,0.0,2_6,1.0,-0.0,9999.0,0.0,180.0,0.0
lpJL9-mBNmk_00,330,6,2,118.70657100598939,0.0,3.141592653589793,0.0,3.141592653589793,0.0,0.0,-1.25,0.0,2_6,1.0,1.2478474203445415,95.1290751342127,180.0,180.0,1.25
lpJL9-mBNmk_00,331,6,2,119.95441842633393,0.0,0.0,0.0,3.141592653589793,0.0,0.0,1.25,0.0,2_6,1.0,-1.2478474203445415,9999.0,0.0,180.0,1.25
lpJL9-mBNmk_00,332,6,2,120.20399327809372,0.0,0.0,0.0,0.0,0.0,0.0,0.25,0.0,2_6,1.0,-0.24957485175978888,9999.0,0.0,0.0,0.25
lpJL9-mBNmk_00,333,6,2,120.40365442958945,0.0,0.0,0.0,0.0,0.0,0.0,0.19999999999998863,0.0,2_6,1.0,-0.19966115149573227,9999.0,0.0,0.0,0.19999999999998863
lpJL9-mBNmk_00,334,6,2,120.35373903622602,0.0,0.0,0.0,0.0,0.05000000000001137,0.0,0.0,0.0,2_6,1.0,0.049915393363434646,2411.154774638934,0.0,0.0,0.05000000000001137
lpJL9-mBNmk_00,335,6,2,120.35373903622602,0.0,0.0,0.0,0.0,0.0,0.0,0.0,0.0,2_6,1.0,-0.0,9999.0,0.0,0.0,0.0
lpJL9-mBNmk_00,336,6,2,120.10416312518062,0.0,0.0,0.0,0.0,0.25,0.0,0.0,0.0,2_6,1.0,0.24957591104539745,481.23299489161786,0.0,0.0,0.25
lpJL9-mBNmk_00,337,6,2,120.10416312518062,0.0,0.0,0.0,0.0,0.0,0.0,0.0,0.0,2_6,1.0,-0.0,9999.0,0.0,0.0,0.0
lpJL9-mBNmk_00,338,6,2,119.95441842633393,0.0,0.0,0.0,0.0,0.14999999999997726,0.0,0.0,0.0,2_6,1.0,0.14974469884668906,801.0595323253822,0.0,0.0,0.14999999999997726
lpJL9-mBNmk_00,339,6,2,120.10416312518062,3.141592653589793,0.0,0.0,0.0,-0.14999999999997726,0.0,0.0,0.0,2_6,1.0,-0.14974469884668906,9999.0,180.0,0.0,0.14999999999997726
lpJL9-mBNmk_00,340,6,2,120.10416312518062,0.0,0.0,0.0,0.0,0.0,0.0,0.0,0.0,2_6,1.0,-0.0,9999.0,0.0,0.0,0.0
lpJL9-mBNmk_00,341,6,2,120.10416312518062,0.0,0.0,0.0,0.0,0.0,0.0,0.0,0.0,2_6,1.0,-0.0,9999.0,0.0,0.0,0.0
lpJL9-mBNmk_00,342,6,2,120.10416312518062,0.0,0.0,0.0,0.0,0.0,0.0,0.0,0.0,2_6,1.0,-0.0,9999.0,0.0,0.0,0.0
lpJL9-mBNmk_00,343,6,2,120.10416312518062,0.0,0.0,0.0,0.0,0.0,0.0,0.0,0.0,2_6,1.0,-0.0,9999.0,0.0,0.0,0.0
lpJL9-mBNmk_00,344,6,2,120.10416312518062,0.0,0.0,0.0,0.0,0.0,0.0,0.0,0.0,2_6,1.0,-0.0,9999.0,0.0,0.0,0.0
lpJL9-mBNmk_00,345,6,2,120.10416312518062,0.0,0.0,0.0,0.0,0.0,0.0,0.0,0.0,2_6,1.0,-0.0,9999.0,0.0,0.0,0.0
lpJL9-mBNmk_00,346,6,2,120.4535698931335,3.141592653589793,0.0,0.0,0.0,-0.05000000000001137,0.0,0.30000000000001137,0.0,2_6,1.0,-0.3494067679528854,9999.0,180.0,0.0,0.35000000000002274
lpJL9-mBNmk_00,347,6,2,120.15407816632774,0.0,3.141592653589793,0.0,0.0,0.0,0.0,-0.30000000000001137,0.0,2_6,1.0,0.2994917268057691,401.19331324384757,180.0,0.0,0.30000000000001137
lpJL9-mBNmk_00,348,6,2,120.4535698931335,0.0,0.0,0.0,0.0,0.0,0.0,0.30000000000001137,0.0,2_6,1.0,-0.2994917268057691,9999.0,0.0,0.0,0.30000000000001137
lpJL9-mBNmk_00,349,6,2,120.4535698931335,0.0,0.0,0.0,0.0,0.0,0.0,0.0,0.0,2_6,1.0,-0.0,9999.0,0.0,0.0,0.0
lpJL9-mBNmk_00,350,6,2,120.4535698931335,3.141592653589793,3.141592653589793,3.141592653589793,0.0,-0.30000000000001137,0.0,-0.30000000000001137,0.0,2_6,1.0,-0.0,9999.0,0.0,180.0,0.0
lpJL9-mBNmk_00,351,6,2,120.15407816632774,0.0,0.0,0.0,0.0,0.30000000000001137,0.0,0.0,0.0,2_6,1.0,0.2994917268057691,401.19331324384757,0.0,0.0,0.30000000000001137
lpJL9-mBNmk_00,352,6,2,120.10416312518062,0.0,0.0,0.0,0.0,0.05000000000001137,0.0,0.0,0.0,2_6,1.0,0.04991504114711631,2406.17177437946,0.0,0.0,0.05000000000001137
lpJL9-mBNmk_00,353,6,2,120.4535698931335,3.141592653589793,0.0,3.141592653589793,0.0,-0.35000000000002274,0.0,0.0,0.0,2_6,1.0,-0.3494067679528854,9999.0,180.0,180.0,0.35000000000002274
lpJL9-mBNmk_00,354,6,2,120.10416312518062,0.0,0.0,0.0,0.0,0.35000000000002274,0.0,0.0,0.0,2_6,1.0,0.3494067679528854,343.73736899502666,0.0,0.0,0.35000000000002274
lpJL9-mBNmk_00,355,6,2,120.15407816632774,3.141592653589793,0.0,0.0,0.0,-0.05000000000001137,0.0,0.0,0.0,2_6,1.0,-0.04991504114711631,9999.0,180.0,0.0,0.05000000000001137
lpJL9-mBNmk_00,356,6,2,120.15407816632774,0.0,0.0,3.141592653589793,0.0,0.0,0.0,0.0,0.0,2_6,1.0,-0.0,9999.0,0.0,180.0,0.0
lpJL9-mBNmk_00,357,6,2,120.10416312518062,0.0,0.0,0.0,0.0,0.05000000000001137,0.0,0.0,0.0,2_6,1.0,0.04991504114711631,2406.17177437946,0.0,0.0,0.05000000000001137
lpJL9-mBNmk_00,358,6,2,120.15407816632774,3.141592653589793,0.0,3.141592653589793,0.0,-0.05000000000001137,0.0,0.0,0.0,2_6,1.0,-0.04991504114711631,9999.0,180.0,180.0,0.05000000000001137
lpJL9-mBNmk_00,359,6,2,120.15407816632774,0.0,0.0,3.141592653589793,0.0,0.0,0.0,0.0,0.0,2_6,1.0,-0.0,9999.0,0.0,180.0,0.0
lpJL9-mBNmk_00,360,6,2,120.20399327809372,3.141592653589793,3.141592653589793,3.141592653589793,3.141592653589793,-0.25,0.0,-0.19999999999998863,0.0,2_6,1.0,-0.04991511176598351,9999.0,0.0,0.0,0.05000000000001137
lpJL9-mBNmk_00,361,6,2,120.20399327809372,0.0,0.0,3.141592653589793,3.141592653589793,0.0,0.0,0.0,0.0,2_6,1.0,-0.0,9999.0,0.0,0.0,0.0
lpJL9-mBNmk_00,362,6,2,120.20399327809372,0.0,0.0,3.141592653589793,3.141592653589793,0.0,0.0,0.0,0.0,2_6,1.0,-0.0,9999.0,0.0,0.0,0.0
lpJL9-mBNmk_00,363,6,2,120.20399327809372,0.0,0.0,3.141592653589793,3.141592653589793,0.0,0.0,0.0,0.0,2_6,1.0,-0.0,9999.0,0.0,0.0,0.0
lpJL9-mBNmk_00,364,6,2,120.20399327809372,0.0,0.0,3.141592653589793,3.141592653589793,0.0,0.0,0.0,0.0,2_6,1.0,-0.0,9999.0,0.0,0.0,0.0
lpJL9-mBNmk_00,365,6,2,120.20399327809372,0.0,0.0,3.141592653589793,3.141592653589793,0.0,0.0,0.0,0.0,2_6,1.0,-0.0,9999.0,0.0,0.0,0.0
lpJL9-mBNmk_00,366,6,2,120.20399327809372,0.0,0.0,3.141592653589793,3.141592653589793,0.0,0.0,0.0,0.0,2_6,1.0,-0.0,9999.0,0.0,0.0,0.0
lpJL9-mBNmk_00,367,6,2,119.90450366854448,0.0,0.0,0.0,3.141592653589793,0.30000000000001137,0.0,0.0,0.0,2_6,1.0,0.29948960954924075,400.36281675685416,0.0,180.0,0.30000000000001137
lpJL9-mBNmk_00,368,6,2,119.90450366854448,0.0,0.0,0.0,3.141592653589793,0.0,0.0,0.0,0.0,2_6,1.0,-0.0,9999.0,0.0,180.0,0.0
lpJL9-mBNmk_00,369,6,2,119.90450366854448,0.0,0.0,0.0,3.141592653589793,0.0,0.0,0.0,0.0,2_6,1.0,-0.0,9999.0,0.0,180.0,0.0
lpJL9-mBNmk_00,370,6,2,119.90450366854448,0.0,0.0,0.0,3.141592653589793,0.0,0.0,0.0,0.0,2_6,1.0,-0.0,9999.0,0.0,180.0,0.0
lpJL9-mBNmk_00,371,6,2,119.90450366854448,0.0,0.0,0.0,3.141592653589793,0.0,0.0,0.0,0.0,2_6,1.0,-0.0,9999.0,0.0,180.0,0.0
lpJL9-mBNmk_00,372,6,2,120.2539084603906,3.141592653589793,0.0,3.141592653589793,3.141592653589793,-0.35000000000002274,0.0,0.0,0.0,2_6,1.0,-0.3494047918461263,9999.0,180.0,0.0,0.35000000000002274
lpJL9-mBNmk_00,373,6,2,120.2539084603906,0.0,0.0,0.0,3.141592653589793,0.0,0.0,0.0,0.0,2_6,1.0,-0.0,9999.0,0.0,180.0,0.0
lpJL9-mBNmk_00,374,6,2,120.2539084603906,0.0,0.0,3.141592653589793,3.141592653589793,0.0,0.0,0.0,0.0,2_6,1.0,-0.0,9999.0,0.0,0.0,0.0
lpJL9-mBNmk_00,375,6,2,120.2539084603906,0.0,0.0,3.141592653589793,3.141592653589793,0.0,0.0,0.0,0.0,2_6,1.0,-0.0,9999.0,0.0,0.0,0.0
lpJL9-mBNmk_00,376,6,2,120.2539084603906,0.0,0.0,3.141592653589793,3.141592653589793,0.0,0.0,0.0,0.0,2_6,1.0,-0.0,9999.0,0.0,0.0,0.0
lpJL9-mBNmk_00,377,6,2,120.2539084603906,0.0,0.0,3.141592653589793,3.141592653589793,0.0,0.0,0.0,0.0,2_6,1.0,-0.0,9999.0,0.0,0.0,0.0
lpJL9-mBNmk_00,378,6,2,120.2539084603906,0.0,0.0,3.141592653589793,3.141592653589793,0.0,0.0,0.0,0.0,2_6,1.0,-0.0,9999.0,0.0,0.0,0.0
lpJL9-mBNmk_00,379,6,2,120.2539084603906,0.0,0.0,3.141592653589793,3.141592653589793,0.0,0.0,0.0,0.0,2_6,1.0,-0.0,9999.0,0.0,0.0,0.0
lpJL9-mBNmk_00,380,6,2,120.2539084603906,0.0,0.0,3.141592653589793,0.0,0.0,0.0,0.0,0.0,2_6,1.0,-0.0,9999.0,0.0,180.0,0.0
lpJL9-mBNmk_00,381,6,2,120.2539084603906,0.0,0.0,3.141592653589793,0.0,0.0,0.0,0.0,0.0,2_6,1.0,-0.0,9999.0,0.0,180.0,0.0
lpJL9-mBNmk_00,382,6,2,119.87635296421057,0.0,1.5707963267948966,0.0,1.5707963267948966,0.35000000000002274,0.0,0.0,0.5,2_6,1.0,0.3775554961800367,317.50657632341216,90.0,90.0,0.6103277807866982
lpJL9-mBNmk_00,383,6,2,119.87635296421057,0.0,0.0,0.0,1.5707963267948966,0.0,0.0,0.0,0.0,2_6,1.0,-0.0,9999.0,0.0,90.0,0.0
lpJL9-mBNmk_00,384,6,2,120.51659636747131,-1.76819188664478,1.5707963267948966,-1.695151321341658,1.5707963267948966,-0.8000000000000114,-4.0,0.0,0.5,2_6,1.0,-0.6402434032607403,9999.0,168.69006752597963,172.87498365109818,4.570557952810578
lpJL9-mBNmk_00,385,6,2,120.51659636747131,0.0,0.0,-1.695151321341658,1.5707963267948966,0.0,0.0,0.0,0.0,2_6,1.0,-0.0,9999.0,0.0,172.87498365109818,0.0
lpJL9-mBNmk_00,386,6,2,120.51659636747131,0.0,0.0,-1.695151321341658,1.5707963267948966,0.0,0.0,0.0,0.0,2_6,1.0,-0.0,9999.0,0.0,172.87498365109818,0.0
lpJL9-mBNmk_00,387,6,2,120.51659636747131,0.0,0.0,-1.76819188664478,1.5707963267948966,0.0,0.0,0.0,0.0,2_6,1.0,-0.0,9999.0,0.0,168.69006752597963,0.0
lpJL9-mBNmk_00,388,6,2,120.5093357379419,-1.5707963267948966,0.0,-1.7467359522474268,1.5707963267948966,0.0,-0.5,0.0,0.0,2_6,1.0,0.007260629529412199,16597.64284209361,90.0,169.91940201245754,0.5
lpJL9-mBNmk_00,389,6,2,120.51659636747131,1.5707963267948966,0.0,-1.76819188664478,1.5707963267948966,0.0,0.5,0.0,0.0,2_6,1.0,-0.007260629529412199,9999.0,90.0,168.69006752597963,0.5
lpJL9-mBNmk_00,390,6,2,120.53733861339398,1.5707963267948966,0.0,-1.8313987185422411,1.5707963267948966,0.0,1.0,0.0,0.0,2_6,1.0,-0.02074224592267626,9999.0,90.0,165.06858282186226,1.0
lpJL9-mBNmk_00,391,6,2,120.10412149464314,1.3258176636680323,0.0,-1.862253121272774,1.5707963267948966,0.5,2.0,0.0,0.0,2_6,1.0,0.43321711875084645,277.2377089828666,75.96375653207352,163.30075576600578,2.0615528128088303
lpJL9-mBNmk_00,392,6,2,119.83843290030123,1.5707963267948966,-2.356194490192345,1.5507989928217414,2.356194490192345,0.0,3.5,-0.5,-0.5,2_6,1.0,0.26568859434190983,451.0484659574183,135.0,46.145762838175365,4.031128874149275
lpJL9-mBNmk_00,393,6,2,120.67431375400484,1.6252877830356298,0.0,1.602036160225165,2.356194490192345,-0.30000000000001137,5.5,0.0,0.0,2_6,1.0,-0.835880853703614,9999.0,93.12213046211582,43.21008939175392,5.508175741568166
lpJL9-mBNmk_00,394,6,2,120.586327997829,-1.560796660108229,0.7853981633974483,1.6373644905707165,1.5707963267948966,0.05000000000001137,-5.0,0.5,0.5,2_6,1.0,0.08798575617583992,1370.5210165704173,134.4270613023164,3.814074834290136,5.518378384996809
lpJL9-mBNmk_00,395,6,2,120.6650840135621,1.5707963267948966,0.0,1.6207547225168364,1.5707963267948966,0.0,1.0,0.0,0.0,2_6,1.0,-0.07875601573309154,9999.0,90.0,2.862405226111579,1.0
lpJL9-mBNmk_00,396,6,2,120.36611857163126,0.0,0.0,1.5458015331759707,1.5707963267948966,0.30000000000001137,0.0,0.0,0.0,2_6,1.0,0.2989654419308323,402.60880252333243,0.0,1.4320961841649733,0.30000000000001137
lpJL9-mBNmk_00,397,6,2,121.81359735267654,1.650626312507137,0.0,1.6142472221864275,1.5707963267948966,-0.6000000000000227,7.5,0.0,0.0,2_6,1.0,-1.4474787810452767,9999.0,94.57392125990104,2.4895529219991595,7.523961722390673
lpJL9-mBNmk_00,398,6,2,120.63618860027037,-1.5413930385908914,0.0,1.6539375586833378,1.5707963267948966,0.25,-8.5,0.0,0.0,2_6,1.0,1.1774087524061656,102.45905540767971,88.3153156821037,4.763641690726179,8.503675675847475
lpJL9-mBNmk_00,399,6,2,121.83698124953688,1.5930148921216143,0.0,1.6082787634865572,1.5707963267948966,-0.19999999999998863,9.0,0.0,0.0,2_6,1.0,-1.2007926492665035,9999.0,91.27303002005664,2.147585428298454,9.00222194794152
lpJL9-mBNmk_00,400,6,2,120.59991708123187,-1.5497468046578513,0.0,1.6704649792860586,1.5707963267948966,0.19999999999998863,-9.5,0.0,0.0,2_6,1.0,1.237064168305011,97.48881276423545,88.79395122078012,5.7105931374996475,9.502105029939418
lpJL9-mBNmk_00,401,6,2,120.42554753871788,-1.5458015331759707,0.0,1.951302703907242,1.5707963267948966,0.05000000000001137,-2.0,0.0,0.0,2_6,1.0,0.17436954251398618,690.6340740617505,88.56790381583502,21.801409486350696,2.000624902374256
lpJL9-mBNmk_00,402,6,2,120.50016597498941,0.0,1.5541312030809558,2.0344439357957027,1.5546686929512603,0.30000000000001137,0.0,0.25,15.0,2_6,1.0,-0.07461843627153542,9999.0,89.04515874612781,27.489096529850706,15.000083333101854
lpJL9-mBNmk_00,403,6,2,119.1773887950227,0.0,-1.6207547225168393,1.1902899496825512,2.356194490192345,0.44999999999998863,0.0,-0.75,-15.0,2_6,1.0,1.322777179966721,90.09634472074958,92.86240522611175,66.80140948635068,15.047923444781341
lpJL9-mBNmk_00,404,6,2,119.65053280282541,-1.5707963267948966,0.0,1.3258176636680323,0.0,0.0,-0.5,0.5,0.0,2_6,1.0,-0.47314400780271626,9999.0,90.0,75.96375653207352,0.7071067811865476
lpJL9-mBNmk_00,405,6,2,119.40084798693852,0.0,3.141592653589793,1.3258176636680323,3.141592653589793,0.0,0.0,-0.25,0.0,2_6,1.0,0.24968481588689428,478.20628404182327,180.0,104.03624346792648,0.25
lpJL9-mBNmk_00,406,6,2,119.60059573430225,-1.471127674303712,-1.1071487177940904,1.2793395323170265,-1.5707963267948966,0.05000000000001137,-0.5,0.25,-0.5,2_6,1.0,-0.19974774736373035,9999.0,20.854458039577068,163.3007557660062,0.19999999999998863
lpJL9-mBNmk_00,407,6,2,120.17591272796724,3.141592653589793,-1.1071487177940904,1.35970299357215,-1.3258176636680323,-0.30000000000001137,0.0,0.25,-0.5,2_6,1.0,-0.5753169936649982,9999.0,116.56505117707799,153.86899945506144,0.7433034373659336
lpJL9-mBNmk_00,408,6,2,120.05103081606588,-1.6704649792860586,2.0344439357957027,1.2490457723982544,-1.5707963267948966,-0.25,-2.5,-0.25,0.5,2_6,1.0,0.12488191190136888,961.3164067417673,147.72435568542238,161.565051177078,3.0
lpJL9-mBNmk_00,409,6,2,120.05103081606588,0.0,0.0,1.1071487177940904,-1.5707963267948966,0.0,0.0,0.0,0.0,2_6,1.0,-0.0,9999.0,0.0,153.434948822922,0.0
lpJL9-mBNmk_00,410,6,2,120.05103081606588,0.0,0.0,0.0,-1.5707963267948966,0.0,0.0,0.0,0.0,2_6,1.0,-0.0,9999.0,0.0,90.0,0.0
lpJL9-mBNmk_00,411,6,2,120.11662041532804,3.141592653589793,-1.5707963267948966,-1.5957911204138224,-1.5707963267948966,-0.05000000000001137,0.0,0.0,-0.5,2_6,1.0,-0.06558959926216801,9999.0,90.00000000000001,1.4320961841649733,0.5024937810560456
lpJL9-mBNmk_00,412,6,2,120.08747853127737,-1.5707963267948966,1.5707963267948966,-1.5791294672350344,0.0,0.0,-0.5,0.0,0.5,2_6,1.0,0.02914188405067364,4120.786367911633,180.0,90.47745377730969,1.0
lpJL9-mBNmk_00,413,6,2,120.07602799893075,-1.5707963267948966,0.0,-1.5499660067586796,0.0,0.0,-0.5,0.0,0.0,2_6,1.0,0.01145053234661475,10486.50179434061,90.0,88.80651057601797,0.5
lpJL9-mBNmk_00,414,6,2,120.07602799893075,0.0,0.0,-1.542232668956138,-1.5707963267948966,0.0,0.0,0.0,0.0,2_6,1.0,-0.0,9999.0,0.0,1.6365770416166308,0.0
lpJL9-mBNmk_00,415,6,2,120.35090361106559,1.8157749899217608,0.0,-1.5779390624643115,-1.5707963267948966,-0.25,1.0,0.0,0.0,2_6,1.0,-0.274875612134835,9999.0,104.03624346792648,0.40924860803502594,1.0307764064044151
lpJL9-mBNmk_00,416,6,2,120.35090361106559,0.0,0.0,-1.6207547225168426,-1.5707963267948966,0.0,0.0,0.0,0.0,2_6,1.0,-0.0,9999.0,0.0,2.8624052261119357,0.0
lpJL9-mBNmk_00,417,6,2,120.50084024603314,3.141592653589793,0.0,-1.5638998844065466,-1.5707963267948966,-0.14999999999997726,0.0,0.0,0.0,2_6,1.0,-0.1499366349675455,9999.0,180.0,0.3951370425075744,0.14999999999997726
lpJL9-mBNmk_00,418,6,2,120.30092476785039,0.0,0.0,-1.5624631863547587,-1.5707963267948966,0.19999999999998863,0.0,0.0,0.0,2_6,1.0,0.1999154781827457,601.7589326319272,0.0,0.4774537773096902,0.19999999999998863
lpJL9-mBNmk_00,419,6,2,120.30092476785039,0.0,0.0,-1.5541312030809558,-1.5707963267948966,0.0,0.0,0.0,0.0,2_6,1.0,-0.0,9999.0,0.0,0.9548412538721912,0.0
lpJL9-mBNmk_00,420,6,2,120.50084024603314,3.141592653589793,0.0,-1.5980622952504868,-1.5707963267948966,-0.19999999999998863,0.0,0.0,0.0,2_6,1.0,-0.1999154781827457,9999.0,180.0,1.562224916842157,0.19999999999998863
lpJL9-mBNmk_00,421,6,2,120.5873231314138,-1.768191886644821,0.0,-1.6456561745056661,-1.5707963267948966,-0.10000000000002274,-0.5,0.0,0.0,2_6,1.0,-0.0864828853806614,9999.0,101.30993247402272,4.289153328819175,0.509901951359283
lpJL9-mBNmk_00,422,6,2,120.51639929901656,1.471127674303712,0.0,-1.7359450042095235,-1.5869239606385328,0.10000000000002274,1.0,0.0,0.0,2_6,1.0,0.07092383239724143,1699.2369874206631,84.28940686249906,8.538276855252917,1.0049875621120912
lpJL9-mBNmk_00,423,6,2,121.55040106885703,-2.3805798993650686,-1.5707963267948966,-2.0344439357957027,-1.1071487177940904,-1.0500000000000114,-1.0,0.0,-0.5,2_6,1.0,-1.0340017698404722,9999.0,46.397181027296675,53.13010235415599,1.162970334961311
lpJL9-mBNmk_00,424,6,2,121.05060925084186,0.7853981633974483,1.5707963267948966,-2.0344439357957027,-1.5707963267948966,0.5,0.5,0.0,0.5,2_6,1.0,0.4997918180151686,242.20206271397583,45.0,26.565051177077994,0.5
lpJL9-mBNmk_00,425,6,2,120.56637176261049,1.5707963267948966,3.141592653589793,-2.1112158270654806,-2.0344439357957027,0.0,0.5,-0.5,0.0,2_6,1.0,0.484237488231372,248.9819039062152,90.0,4.398705354995525,0.7071067811865476
lpJL9-mBNmk_00,426,6,2,120.5508191593902,-1.5707963267948966,0.0,-2.1257920541334867,3.141592653589793,0.0,-0.5,0.0,0.0,2_6,1.0,0.015552603220285732,7751.1666344160385,90.0,58.201087175705396,0.5
lpJL9-mBNmk_00,427,6,2,121.75031827473798,3.141592653589793,0.0,-2.233222620628045,2.0344439357957027,-0.6999999999999886,0.0,0.5,0.0,2_6,1.0,-1.199499115347777,9999.0,180.0,115.48071794778963,1.1999999999999886
lpJL9-mBNmk_00,428,6,2,121.50042180996738,0.0,0.0,3.141592653589793,0.0,0.25,0.0,0.0,0.0,2_6,1.0,0.24989646477060035,486.20304381457413,0.0,180.0,0.25
lpJL9-mBNmk_00,429,6,2,121.78695537700251,-2.1112158270654975,0.0,-2.8632929945846817,0.0,-0.30000000000001137,-0.5,0.0,0.0,2_6,1.0,-0.28653356703513566,9999.0,120.96375653207448,164.05460409907712,0.5830951894845359
lpJL9-mBNmk_00,430,6,2,122.086864567815,3.141592653589793,0.0,-2.9023610536261337,0.0,-0.30000000000001137,0.0,0.0,0.0,2_6,1.0,-0.29990919081248535,9999.0,180.0,166.29303899592026,0.30000000000001137
lpJL9-mBNmk_00,431,6,2,122.27555970021156,-1.951302703907242,0.0,-2.7149651604629153,1.5707963267948966,-0.19999999999998863,-0.5,0.0,0.0,2_6,1.0,-0.18869513239656044,9999.0,111.80140948635069,114.44395478041665,0.5385164807134462
lpJL9-mBNmk_00,432,6,2,122.97541420950773,3.141592653589793,0.0,-2.970857442114509,0.0,-0.6999999999999886,0.0,0.0,0.0,2_6,1.0,-0.6998545092961734,9999.0,180.0,170.21759296819263,0.6999999999999886
lpJL9-mBNmk_00,433,6,2,121.98689478792383,0.46364760900080615,0.0,2.8842689386187015,0.0,1.0,0.5,0.0,0.0,2_6,1.0,0.9885194215839022,123.4036399532389,26.565051177077994,165.25643716352909,1.118033988749895
lpJL9-mBNmk_00,434,6,2,122.086864567815,3.141592653589793,0.0,2.896613990462929,0.0,-0.10000000000002274,0.0,0.0,0.0,2_6,1.0,-0.09996977989116829,9999.0,180.0,165.96375653207352,0.10000000000002274
lpJL9-mBNmk_00,435,6,2,121.800297618684,1.0303768265242956,0.0,3.141592653589793,0.0,0.30000000000001137,0.5,0.0,0.0,2_6,1.0,0.2865669491310001,425.03260752168836,59.036243467925516,180.0,0.5830951894845359
lpJL9-mBNmk_00,436,6,2,121.30050494536286,0.0,0.0,3.141592653589793,0.0,0.5,0.0,0.0,0.0,2_6,1.0,0.49979267332113864,242.70164694355572,0.0,180.0,0.5
lpJL9-mBNmk_00,437,6,2,120.38413516738824,0.8110335719191317,0.0,1.4219063791854216,0.0,0.9499999999999886,1.0,0.0,0.0,2_6,1.0,0.9163697779746229,131.37069560877862,46.46880071438617,81.46923439005315,1.3793114224133645
lpJL9-mBNmk_00,438,6,2,121.25052577205592,-2.3036114285813905,0.0,3.141592653589793,0.0,-0.8999999999999773,-1.0,0.0,0.0,2_6,1.0,-0.8663906046676857,9999.0,131.98721249581592,180.0,1.3453624047073558
lpJL9-mBNmk_00,439,6,2,120.3539052129178,1.006226933126802,0.0,1.5707963267948966,0.0,0.9499999999999886,1.5,0.0,0.0,2_6,1.0,0.8966205591381282,134.23058838691736,57.65255650055827,90.0,1.7755280904564643
lpJL9-mBNmk_00,444,6,2,121.00063016364831,-2.007423486608432,0.0,3.141592653589793,0.0,-0.6999999999999886,-1.5,0.0,0.0,2_6,5.0,-0.1293449901461031,9999.0,115.01689347809968,180.0,0.331058907144936
lpJL9-mBNmk_00,445,6,2,120.3539052129178,1.1341691669813614,0.0,1.4219063791853936,0.0,0.6999999999999886,1.5,0.0,0.0,2_6,1.0,0.6467249507305155,186.0975134436528,64.98310652190031,81.46923439005154,1.65529453572468
lpJL9-mBNmk_00,446,6,2,121.30050494536286,-2.1587989303424644,0.0,-2.582993338246237,0.0,-1.0,-1.5,0.0,0.0,2_6,1.0,-0.9465997324450655,9999.0,123.6900675259798,147.99461679191685,1.8027756377319946
lpJL9-mBNmk_00,447,6,2,121.25052577205592,0.0,0.0,1.0303768265242956,0.0,0.05000000000001137,0.0,0.0,0.0,2_6,1.0,0.04997917330693724,2426.0210353504594,0.0,59.036243467925516,0.05000000000001137
lpJL9-mBNmk_00,448,6,2,121.30050494536286,3.141592653589793,0.0,3.141592653589793,0.0,-0.05000000000001137,0.0,0.0,0.0,2_6,1.0,-0.04997917330693724,9999.0,180.0,180.0,0.05000000000001137
lpJL9-mBNmk_00,449,6,2,121.30050494536286,0.0,0.0,-2.0344439357957027,0.0,0.0,0.0,0.0,0.0,2_6,1.0,-0.0,9999.0,0.0,116.56505117707799,0.0
lpJL9-mBNmk_00,0,7,2,62.299999999999955,0.0,0.0,0.0,0.0,,,,,2_7,,0.0,9999.0,0.0,0.0,0.0
lpJL9-mBNmk_00,1,7,2,62.30000000000001,0.0,0.0,0.0,0.0,5.684341886080802e-14,0.0,0.0,0.0,2_7,1.0,-5.684341886080802e-14,9999.0,0.0,0.0,5.684341886080802e-14
lpJL9-mBNmk_00,2,7,2,62.30000000000001,0.0,0.0,0.0,0.0,0.0,0.0,0.0,0.0,2_7,1.0,-0.0,9999.0,0.0,0.0,0.0
lpJL9-mBNmk_00,3,7,2,62.30000000000001,0.0,0.0,0.0,0.0,0.0,0.0,0.0,0.0,2_7,1.0,-0.0,9999.0,0.0,0.0,0.0
lpJL9-mBNmk_00,4,7,2,62.30000000000001,0.0,0.0,0.0,0.0,0.0,0.0,0.0,0.0,2_7,1.0,-0.0,9999.0,0.0,0.0,0.0
lpJL9-mBNmk_00,5,7,2,62.30000000000001,0.0,0.0,0.0,0.0,0.0,0.0,0.0,0.0,2_7,1.0,-0.0,9999.0,0.0,0.0,0.0
lpJL9-mBNmk_00,6,7,2,62.30000000000001,0.0,0.0,0.0,0.0,0.0,0.0,0.0,0.0,2_7,1.0,-0.0,9999.0,0.0,0.0,0.0
lpJL9-mBNmk_00,7,7,2,62.30000000000001,0.0,0.0,0.0,0.0,0.0,0.0,0.0,0.0,2_7,1.0,-0.0,9999.0,0.0,0.0,0.0
lpJL9-mBNmk_00,8,7,2,62.30000000000001,0.0,0.0,0.0,0.0,0.0,0.0,0.0,0.0,2_7,1.0,-0.0,9999.0,0.0,0.0,0.0
lpJL9-mBNmk_00,9,7,2,62.30000000000001,0.0,0.0,0.0,0.0,0.0,0.0,0.0,0.0,2_7,1.0,-0.0,9999.0,0.0,0.0,0.0
lpJL9-mBNmk_00,10,7,2,62.30000000000001,0.0,0.0,0.0,0.0,0.0,0.0,0.0,0.0,2_7,1.0,-0.0,9999.0,0.0,0.0,0.0
lpJL9-mBNmk_00,11,7,2,62.55000000000001,0.0,3.141592653589793,0.0,3.141592653589793,0.0,0.0,-0.25,0.0,2_7,1.0,-0.25,9999.0,180.0,180.0,0.25
lpJL9-mBNmk_00,12,7,2,62.30000000000001,0.0,0.0,0.0,0.0,0.0,0.0,0.25,0.0,2_7,1.0,0.25,249.20000000000005,0.0,0.0,0.25
lpJL9-mBNmk_00,13,7,2,63.0,0.0,3.141592653589793,0.0,3.141592653589793,0.19999999999998863,0.0,-0.5,0.0,2_7,1.0,-0.6999999999999886,9999.0,180.0,180.0,0.6999999999999886
lpJL9-mBNmk_00,32,7,2,62.75,0.0,0.0,0.0,3.141592653589793,0.0,0.0,0.25,0.0,2_7,19.0,0.013157894736842105,4769.0,0.0,180.0,0.013157894736842105
lpJL9-mBNmk_00,33,7,2,62.0,0.0,0.0,0.0,0.0,0.0,0.0,0.75,0.0,2_7,1.0,0.75,82.66666666666667,0.0,0.0,0.75
lpJL9-mBNmk_00,34,7,2,62.5,0.0,3.141592653589793,0.0,0.0,0.0,0.0,-0.5,0.0,2_7,1.0,-0.5,9999.0,180.0,0.0,0.5
lpJL9-mBNmk_00,35,7,2,62.5,0.0,0.0,0.0,0.0,0.0,0.0,0.0,0.0,2_7,1.0,-0.0,9999.0,0.0,0.0,0.0
lpJL9-mBNmk_00,36,7,2,62.5,0.0,0.0,0.0,0.0,0.0,0.0,0.0,0.0,2_7,1.0,-0.0,9999.0,0.0,0.0,0.0
lpJL9-mBNmk_00,37,7,2,62.5,0.0,0.0,0.0,0.0,0.0,0.0,0.0,0.0,2_7,1.0,-0.0,9999.0,0.0,0.0,0.0
lpJL9-mBNmk_00,38,7,2,62.75,0.0,3.141592653589793,0.0,3.141592653589793,0.0,0.0,-0.25,0.0,2_7,1.0,-0.25,9999.0,180.0,180.0,0.25
lpJL9-mBNmk_00,39,7,2,62.5,0.0,0.0,0.0,0.0,0.0,0.0,0.25,0.0,2_7,1.0,0.25,250.0,0.0,0.0,0.25
lpJL9-mBNmk_00,40,7,2,63.0,0.0,3.141592653589793,0.0,3.141592653589793,0.0,0.0,-0.5,0.0,2_7,1.0,-0.5,9999.0,180.0,180.0,0.5
lpJL9-mBNmk_00,41,7,2,63.0,0.0,0.0,0.0,3.141592653589793,0.0,0.0,0.0,0.0,2_7,1.0,-0.0,9999.0,0.0,180.0,0.0
lpJL9-mBNmk_00,42,7,2,63.0,0.0,0.0,0.0,3.141592653589793,0.0,0.0,0.0,0.0,2_7,1.0,-0.0,9999.0,0.0,180.0,0.0
lpJL9-mBNmk_00,43,7,2,62.5,0.0,0.0,0.0,0.0,0.0,0.0,0.5,0.0,2_7,1.0,0.5,125.0,0.0,0.0,0.5
lpJL9-mBNmk_00,44,7,2,62.5,0.0,0.0,0.0,0.0,0.0,0.0,0.0,0.0,2_7,1.0,-0.0,9999.0,0.0,0.0,0.0
lpJL9-mBNmk_00,45,7,2,63.0,0.0,3.141592653589793,0.0,3.141592653589793,0.0,0.0,-0.5,0.0,2_7,1.0,-0.5,9999.0,180.0,180.0,0.5
lpJL9-mBNmk_00,46,7,2,62.5,0.0,0.0,0.0,0.0,0.0,0.0,0.5,0.0,2_7,1.0,0.5,125.0,0.0,0.0,0.5
lpJL9-mBNmk_00,47,7,2,62.5,0.0,0.0,-0.32175055439664224,0.0,0.0,0.0,0.0,0.0,2_7,1.0,-0.0,9999.0,0.0,18.434948822922014,0.0
lpJL9-mBNmk_00,48,7,2,62.80000000000001,0.0,3.141592653589793,-0.24497866312686417,3.141592653589793,0.0,0.0,-0.30000000000001137,0.0,2_7,1.0,-0.30000000000001137,9999.0,180.0,165.96375653207352,0.30000000000001137
lpJL9-mBNmk_00,49,7,2,62.80000000000001,0.0,0.0,0.0,3.141592653589793,0.0,0.0,0.0,0.0,2_7,1.0,-0.0,9999.0,0.0,180.0,0.0
lpJL9-mBNmk_00,50,7,2,62.801990414317295,1.5707963267948966,0.0,1.5707963267948966,3.141592653589793,0.0,0.5,0.0,0.0,2_7,1.0,-0.0019904143172837507,9999.0,90.0,90.0,0.5
lpJL9-mBNmk_00,51,7,2,62.25200799974247,3.141592653589793,0.0,2.0344439357957027,0.0,-0.25,0.0,0.30000000000001137,0.0,2_7,1.0,0.5499824145748278,113.189088141786,180.0,116.56505117707799,0.5500000000000114
lpJL9-mBNmk_00,52,7,2,62.50199996800102,0.0,0.0,1.5707963267948966,0.0,0.25,0.0,0.0,0.0,2_7,1.0,-0.24999196825855563,9999.0,0.0,90.0,0.25
lpJL9-mBNmk_00,53,7,2,62.5,-1.5707963267948966,0.0,0.0,3.141592653589793,0.0,-0.5,0.0,0.0,2_7,1.0,0.001999968001022978,31250.499992015582,90.0,180.0,0.5
lpJL9-mBNmk_00,54,7,2,62.5,0.0,0.0,0.0,0.0,0.0,0.0,0.0,0.0,2_7,1.0,-0.0,9999.0,0.0,0.0,0.0
lpJL9-mBNmk_00,55,7,2,62.25,3.141592653589793,0.0,3.141592653589793,0.0,-0.25,0.0,0.0,0.0,2_7,1.0,0.25,249.0,180.0,180.0,0.25
lpJL9-mBNmk_00,56,7,2,62.25,0.0,0.0,3.141592653589793,0.0,0.0,0.0,0.0,0.0,2_7,1.0,-0.0,9999.0,0.0,180.0,0.0
lpJL9-mBNmk_00,57,7,2,62.25,0.0,0.0,3.141592653589793,0.0,0.0,0.0,0.0,0.0,2_7,1.0,-0.0,9999.0,0.0,180.0,0.0
lpJL9-mBNmk_00,58,7,2,62.25200799974247,1.5707963267948966,0.0,2.0344439357957027,0.0,0.0,0.5,0.0,0.0,2_7,1.0,-0.002007999742467348,9999.0,90.0,116.56505117707799,0.5
lpJL9-mBNmk_00,59,7,2,62.25200799974247,0.0,0.0,2.0344439357957027,0.0,0.0,0.0,0.0,0.0,2_7,1.0,-0.0,9999.0,0.0,116.56505117707799,0.0
lpJL9-mBNmk_00,60,7,2,62.05201447173171,0.0,0.0,2.0344439357957027,0.0,0.0,0.0,0.19999999999998863,0.0,2_7,1.0,0.19999352801075787,310.27011268281575,0.0,116.56505117707799,0.19999999999998863
lpJL9-mBNmk_00,61,7,2,62.25200799974247,0.0,3.141592653589793,2.0344439357957027,0.0,0.0,0.0,-0.19999999999998863,0.0,2_7,1.0,-0.19999352801075787,9999.0,180.0,116.56505117707799,0.19999999999998863
lpJL9-mBNmk_00,62,7,2,62.25200799974247,0.0,0.0,2.0344439357957027,0.0,0.0,0.0,0.0,0.0,2_7,1.0,-0.0,9999.0,0.0,116.56505117707799,0.0
lpJL9-mBNmk_00,63,7,2,62.05201447173171,0.0,0.0,2.0344439357957027,0.0,0.0,0.0,0.19999999999998863,0.0,2_7,1.0,0.19999352801075787,310.27011268281575,0.0,116.56505117707799,0.19999999999998863
lpJL9-mBNmk_00,64,7,2,62.05201447173171,0.0,0.0,2.0344439357957027,0.0,0.0,0.0,0.0,0.0,2_7,1.0,-0.0,9999.0,0.0,116.56505117707799,0.0
lpJL9-mBNmk_00,65,7,2,62.05201447173171,0.0,0.0,2.0344439357957027,0.0,0.0,0.0,0.0,0.0,2_7,1.0,-0.0,9999.0,0.0,116.56505117707799,0.0
lpJL9-mBNmk_00,66,7,2,62.05201447173171,0.0,0.0,2.0344439357957027,0.0,0.0,0.0,0.0,0.0,2_7,1.0,-0.0,9999.0,0.0,116.56505117707799,0.0
lpJL9-mBNmk_00,67,7,2,62.25200799974247,0.0,3.141592653589793,2.0344439357957027,0.0,0.0,0.0,-0.19999999999998863,0.0,2_7,1.0,-0.19999352801075787,9999.0,180.0,116.56505117707799,0.19999999999998863
lpJL9-mBNmk_00,68,7,2,62.25200799974247,0.0,0.0,2.0344439357957027,0.0,0.0,0.0,0.0,0.0,2_7,1.0,-0.0,9999.0,0.0,116.56505117707799,0.0
lpJL9-mBNmk_00,69,7,2,62.25200799974247,0.0,0.0,2.0344439357957027,0.0,0.0,0.0,0.0,0.0,2_7,1.0,-0.0,9999.0,0.0,116.56505117707799,0.0
lpJL9-mBNmk_00,70,7,2,62.25200799974247,0.0,0.0,3.141592653589793,0.0,0.0,0.0,0.0,0.0,2_7,1.0,-0.0,9999.0,0.0,180.0,0.0
lpJL9-mBNmk_00,71,7,2,62.25200799974247,0.0,0.0,0.0,0.0,0.0,0.0,0.0,0.0,2_7,1.0,-0.0,9999.0,0.0,0.0,0.0
lpJL9-mBNmk_00,72,7,2,62.25200799974247,0.0,0.0,3.141592653589793,0.0,0.0,0.0,0.0,0.0,2_7,1.0,-0.0,9999.0,0.0,180.0,0.0
lpJL9-mBNmk_00,73,7,2,62.25200799974247,0.0,0.0,2.0344439357957027,0.0,0.0,0.0,0.0,0.0,2_7,1.0,-0.0,9999.0,0.0,116.56505117707799,0.0
lpJL9-mBNmk_00,74,7,2,62.25200799974247,0.0,0.0,2.0344439357957027,0.0,0.0,0.0,0.0,0.0,2_7,1.0,-0.0,9999.0,0.0,116.56505117707799,0.0
lpJL9-mBNmk_00,75,7,2,62.25200799974247,0.0,0.0,1.5707963267948966,0.0,0.0,0.0,0.0,0.0,2_7,1.0,-0.0,9999.0,0.0,90.0,0.0
lpJL9-mBNmk_00,76,7,2,62.25200799974247,0.0,0.0,1.5707963267948966,0.0,0.0,0.0,0.0,0.0,2_7,1.0,-0.0,9999.0,0.0,90.0,0.0
lpJL9-mBNmk_00,77,7,2,62.25200799974247,0.0,0.0,1.5707963267948966,0.0,0.0,0.0,0.0,0.0,2_7,1.0,-0.0,9999.0,0.0,90.0,0.0
lpJL9-mBNmk_00,78,7,2,62.25200799974247,0.0,0.0,0.0,0.0,0.0,0.0,0.0,0.0,2_7,1.0,-0.0,9999.0,0.0,0.0,0.0
lpJL9-mBNmk_00,79,7,2,62.25200799974247,0.0,0.0,0.0,0.0,0.0,0.0,0.0,0.0,2_7,1.0,-0.0,9999.0,0.0,0.0,0.0
lpJL9-mBNmk_00,80,7,2,62.25200799974247,0.0,0.0,0.0,3.141592653589793,0.0,0.0,0.0,0.0,2_7,1.0,-0.0,9999.0,0.0,180.0,0.0
lpJL9-mBNmk_00,81,7,2,62.25200799974247,0.0,0.0,0.0,0.0,0.0,0.0,0.0,0.0,2_7,1.0,-0.0,9999.0,0.0,0.0,0.0
lpJL9-mBNmk_00,82,7,2,62.25200799974247,0.0,0.0,0.0,0.0,0.0,0.0,0.0,0.0,2_7,1.0,-0.0,9999.0,0.0,0.0,0.0
lpJL9-mBNmk_00,83,7,2,62.25200799974247,0.0,0.0,0.0,3.141592653589793,0.0,0.0,0.0,0.0,2_7,1.0,-0.0,9999.0,0.0,180.0,0.0
lpJL9-mBNmk_00,84,7,2,62.25200799974247,0.0,0.0,0.0,3.141592653589793,0.0,0.0,0.0,0.0,2_7,1.0,-0.0,9999.0,0.0,180.0,0.0
lpJL9-mBNmk_00,85,7,2,62.25200799974247,0.0,0.0,0.0,3.141592653589793,0.0,0.0,0.0,0.0,2_7,1.0,-0.0,9999.0,0.0,180.0,0.0
lpJL9-mBNmk_00,86,7,2,62.25200799974247,0.0,0.0,0.0,3.141592653589793,0.0,0.0,0.0,0.0,2_7,1.0,-0.0,9999.0,0.0,180.0,0.0
lpJL9-mBNmk_00,87,7,2,62.25200799974247,0.0,0.0,0.0,0.0,0.0,0.0,0.0,0.0,2_7,1.0,-0.0,9999.0,0.0,0.0,0.0
lpJL9-mBNmk_00,88,7,2,62.25200799974247,0.0,0.0,0.0,0.0,0.0,0.0,0.0,0.0,2_7,1.0,-0.0,9999.0,0.0,0.0,0.0
lpJL9-mBNmk_00,89,7,2,62.25200799974247,0.0,0.0,0.0,0.0,0.0,0.0,0.0,0.0,2_7,1.0,-0.0,9999.0,0.0,0.0,0.0
lpJL9-mBNmk_00,90,7,2,63.25,-0.5880026035475676,3.141592653589793,-0.5880026035475676,3.141592653589793,0.75,-0.5,-0.25,0.0,2_7,1.0,-0.9979920002575327,9999.0,146.3099324740202,146.3099324740202,1.118033988749895
lpJL9-mBNmk_00,91,7,2,63.75,0.0,0.0,-0.3805063771123649,3.141592653589793,0.5,0.0,0.0,0.0,2_7,1.0,-0.5,9999.0,0.0,158.19859051364818,0.5
lpJL9-mBNmk_00,92,7,2,63.25,3.141592653589793,0.0,-0.5880026035475676,3.141592653589793,-0.5,0.0,0.0,0.0,2_7,1.0,0.5,126.5,180.0,146.3099324740202,0.5
lpJL9-mBNmk_00,93,7,2,63.25,0.0,0.0,-0.5880026035475676,3.141592653589793,0.0,0.0,0.0,0.0,2_7,1.0,-0.0,9999.0,0.0,146.3099324740202,0.0
lpJL9-mBNmk_00,94,7,2,63.25,0.0,0.0,-0.5880026035475676,3.141592653589793,0.0,0.0,0.0,0.0,2_7,1.0,-0.0,9999.0,0.0,146.3099324740202,0.0
lpJL9-mBNmk_00,95,7,2,63.25197625371084,0.0,1.5707963267948966,-0.5880026035475676,2.0344439357957027,0.0,0.0,0.0,0.5,2_7,1.0,-0.001976253710843423,9999.0,90.0,150.2551187030578,0.5
lpJL9-mBNmk_00,96,7,2,63.25197625371084,0.0,0.0,-0.5880026035475676,2.0344439357957027,0.0,0.0,0.0,0.0,2_7,1.0,-0.0,9999.0,0.0,150.2551187030578,0.0
lpJL9-mBNmk_00,97,7,2,62.75199200025446,3.141592653589793,0.0,-1.1071487177940904,2.0344439357957027,-0.5,0.0,0.0,0.0,2_7,1.0,0.49998425345638253,125.50793663290598,180.0,180.0,0.5
lpJL9-mBNmk_00,98,7,2,63.50196847342608,0.0,3.141592653589793,-0.5880026035475676,2.356194490192345,0.5,0.0,-0.25,0.0,2_7,1.0,-0.7499764731716212,9999.0,180.0,168.6900675259798,0.75
lpJL9-mBNmk_00,99,7,2,63.25197625371084,0.0,0.0,-0.5880026035475676,2.0344439357957027,0.0,0.0,0.25,0.0,2_7,1.0,0.24999221971523866,253.01577915408708,0.0,150.2551187030578,0.25
lpJL9-mBNmk_00,100,7,2,63.25197625371084,0.0,0.0,-0.5880026035475676,2.0344439357957027,0.0,0.0,0.0,0.0,2_7,1.0,-0.0,9999.0,0.0,150.2551187030578,0.0
lpJL9-mBNmk_00,101,7,2,63.25197625371084,0.0,0.0,-0.5880026035475676,2.0344439357957027,0.0,0.0,0.0,0.0,2_7,1.0,-0.0,9999.0,0.0,150.2551187030578,0.0
lpJL9-mBNmk_00,102,7,2,62.75199200025446,3.141592653589793,0.0,-1.1071487177940904,2.0344439357957027,-0.5,0.0,0.0,0.0,2_7,1.0,0.49998425345638253,125.50793663290598,180.0,180.0,0.5
lpJL9-mBNmk_00,103,7,2,63.25197625371084,0.0,0.0,-0.5880026035475676,2.0344439357957027,0.5,0.0,0.0,0.0,2_7,1.0,-0.49998425345638253,9999.0,0.0,150.2551187030578,0.5
lpJL9-mBNmk_00,104,7,2,62.75199200025446,3.141592653589793,0.0,-1.1071487177940904,2.0344439357957027,-0.5,0.0,0.0,0.0,2_7,1.0,0.49998425345638253,125.50793663290598,180.0,180.0,0.5
lpJL9-mBNmk_00,105,7,2,62.50199996800102,3.141592653589793,0.0,-1.5707963267948966,2.0344439357957027,-0.25,0.0,0.0,0.0,2_7,1.0,0.2499920322534379,250.01596812748616,180.0,153.434948822922,0.25
lpJL9-mBNmk_00,106,7,2,63.75,0.0,-1.5707963267948966,-0.3805063771123649,3.141592653589793,1.25,0.0,0.0,-0.5,2_7,1.0,-1.248000031998977,9999.0,90.0,158.19859051364818,1.346291201783626
lpJL9-mBNmk_00,107,7,2,63.75,0.0,0.0,-0.3805063771123649,3.141592653589793,0.0,0.0,0.0,0.0,2_7,1.0,-0.0,9999.0,0.0,158.19859051364818,0.0
lpJL9-mBNmk_00,108,7,2,62.5,3.141592653589793,0.0,-1.5707963267948966,3.141592653589793,-1.25,0.0,0.0,0.0,2_7,1.0,1.25,50.0,180.0,90.00000000000001,1.25
lpJL9-mBNmk_00,109,7,2,62.5,0.0,0.0,-1.5707963267948966,3.141592653589793,0.0,0.0,0.0,0.0,2_7,1.0,-0.0,9999.0,0.0,90.00000000000001,0.0
lpJL9-mBNmk_00,110,7,2,62.5,3.141592653589793,3.141592653589793,3.141592653589793,3.141592653589793,-0.25,0.0,-0.25,0.0,2_7,1.0,-0.0,9999.0,0.0,0.0,0.0
lpJL9-mBNmk_00,111,7,2,62.75,0.0,0.0,3.141592653589793,3.141592653589793,0.25,0.0,0.0,0.0,2_7,1.0,-0.25,9999.0,0.0,0.0,0.25
lpJL9-mBNmk_00,112,7,2,62.55000000000001,0.0,0.0,3.141592653589793,3.141592653589793,0.0,0.0,0.19999999999998863,0.0,2_7,1.0,0.19999999999998863,312.75000000001785,0.0,0.0,0.19999999999998863
lpJL9-mBNmk_00,113,7,2,62.55000000000001,0.0,0.0,3.141592653589793,3.141592653589793,0.0,0.0,0.0,0.0,2_7,1.0,-0.0,9999.0,0.0,0.0,0.0
lpJL9-mBNmk_00,114,7,2,62.55000000000001,0.0,0.0,3.141592653589793,3.141592653589793,0.0,0.0,0.0,0.0,2_7,1.0,-0.0,9999.0,0.0,0.0,0.0
lpJL9-mBNmk_00,115,7,2,62.55000000000001,0.0,0.0,3.141592653589793,-1.670464979286081,0.0,0.0,0.0,0.0,2_7,1.0,-0.0,9999.0,0.0,84.2894068624991,0.0
lpJL9-mBNmk_00,116,7,2,62.55000000000001,0.0,0.0,3.141592653589793,-1.670464979286081,0.0,0.0,0.0,0.0,2_7,1.0,-0.0,9999.0,0.0,84.2894068624991,0.0
lpJL9-mBNmk_00,117,7,2,62.55000000000001,0.0,0.0,3.141592653589793,-1.670464979286081,0.0,0.0,0.0,0.0,2_7,1.0,-0.0,9999.0,0.0,84.2894068624991,0.0
lpJL9-mBNmk_00,118,7,2,62.75,0.0,3.141592653589793,3.141592653589793,-1.5707963267948966,0.0,0.0,-0.19999999999998863,0.0,2_7,1.0,-0.19999999999998863,9999.0,180.0,90.00000000000001,0.19999999999998863
lpJL9-mBNmk_00,119,7,2,62.55000000000001,0.0,0.0,3.141592653589793,-1.670464979286081,0.0,0.0,0.19999999999998863,0.0,2_7,1.0,0.19999999999998863,312.75000000001785,0.0,84.2894068624991,0.19999999999998863
lpJL9-mBNmk_00,120,7,2,62.75,0.0,3.141592653589793,3.141592653589793,-2.0344439357957027,0.0,0.0,-0.19999999999998863,0.0,2_7,1.0,-0.19999999999998863,9999.0,180.0,63.43494882292201,0.19999999999998863
lpJL9-mBNmk_00,121,7,2,62.75,0.0,0.0,3.141592653589793,-2.0344439357957027,0.0,0.0,0.0,0.0,2_7,1.0,-0.0,9999.0,0.0,63.43494882292201,0.0
lpJL9-mBNmk_00,122,7,2,62.75,0.0,0.0,3.141592653589793,-2.0344439357957027,0.0,0.0,0.0,0.0,2_7,1.0,-0.0,9999.0,0.0,63.43494882292201,0.0
lpJL9-mBNmk_00,123,7,2,62.75,0.0,0.0,3.141592653589793,-2.0344439357957027,0.0,0.0,0.0,0.0,2_7,1.0,-0.0,9999.0,0.0,63.43494882292201,0.0
lpJL9-mBNmk_00,124,7,2,62.75,0.0,0.0,3.141592653589793,-2.0344439357957027,0.0,0.0,0.0,0.0,2_7,1.0,-0.0,9999.0,0.0,63.43494882292201,0.0
lpJL9-mBNmk_00,125,7,2,62.75,0.0,0.0,0.0,-2.0344439357957027,0.0,0.0,0.0,0.0,2_7,1.0,-0.0,9999.0,0.0,116.56505117707799,0.0
lpJL9-mBNmk_00,126,7,2,62.75,0.0,0.0,3.141592653589793,3.141592653589793,0.0,0.0,0.0,0.0,2_7,1.0,-0.0,9999.0,0.0,0.0,0.0
lpJL9-mBNmk_00,127,7,2,62.75,0.0,0.0,3.141592653589793,3.141592653589793,0.0,0.0,0.0,0.0,2_7,1.0,-0.0,9999.0,0.0,0.0,0.0
lpJL9-mBNmk_00,128,7,2,85.0,0.0,0.0,0.0,0.0,22.75,0.0,0.5,0.0,2_7,1.0,-22.25,9999.0,0.0,0.0,22.25
lpJL9-mBNmk_00,129,7,2,84.5,3.141592653589793,0.0,0.0,0.0,-0.5,0.0,0.0,0.0,2_7,1.0,0.5,169.0,180.0,0.0,0.5
lpJL9-mBNmk_00,130,7,2,84.80000000000001,0.0,3.141592653589793,0.0,0.0,0.0,0.0,-0.30000000000001137,0.0,2_7,1.0,-0.30000000000001137,9999.0,180.0,0.0,0.30000000000001137
lpJL9-mBNmk_00,131,7,2,84.75,0.0,0.0,0.0,0.0,0.25,0.0,0.30000000000001137,0.0,2_7,1.0,0.05000000000001137,1694.9999999996146,0.0,0.0,0.05000000000001137
lpJL9-mBNmk_00,132,7,2,84.75,0.0,0.0,0.0,0.0,0.0,0.0,0.0,0.0,2_7,1.0,-0.0,9999.0,0.0,0.0,0.0
lpJL9-mBNmk_00,133,7,2,85.25,0.0,0.0,0.0,0.0,0.5,0.0,0.0,0.0,2_7,1.0,-0.5,9999.0,0.0,0.0,0.5
lpJL9-mBNmk_00,134,7,2,85.25,0.0,0.0,0.0,0.0,0.0,0.0,0.0,0.0,2_7,1.0,-0.0,9999.0,0.0,0.0,0.0
lpJL9-mBNmk_00,135,7,2,84.5,3.141592653589793,0.0,0.0,0.0,-0.75,0.0,0.0,0.0,2_7,1.0,0.75,112.66666666666667,180.0,0.0,0.75
lpJL9-mBNmk_00,136,7,2,84.30000000000001,3.141592653589793,3.141592653589793,0.0,0.0,-0.5,0.0,-0.30000000000001137,0.0,2_7,1.0,0.19999999999998863,421.50000000002404,0.0,0.0,0.19999999999998863
lpJL9-mBNmk_00,137,7,2,84.55000000000001,0.0,0.0,0.0,0.0,0.25,0.0,0.0,0.0,2_7,1.0,-0.25,9999.0,0.0,0.0,0.25
lpJL9-mBNmk_00,138,7,2,84.5,0.0,0.0,0.0,0.0,0.25,0.0,0.30000000000001137,0.0,2_7,1.0,0.05000000000001137,1689.9999999996157,0.0,0.0,0.05000000000001137
lpJL9-mBNmk_00,139,7,2,84.5,0.0,0.0,0.0,0.0,0.0,0.0,0.0,0.0,2_7,1.0,-0.0,9999.0,0.0,0.0,0.0
lpJL9-mBNmk_00,140,7,2,86.2514492631863,0.27829965900511133,0.0,0.020830320036217088,0.0,1.75,0.5,0.0,0.0,2_7,1.0,-1.7514492631863021,9999.0,15.945395900922854,1.193489423982035,1.8200274723201295
lpJL9-mBNmk_00,141,7,2,84.25,-2.896613990462929,0.0,0.0,0.0,-2.0,-0.5,0.0,0.0,2_7,1.0,2.001449263186302,42.09449699757775,165.96375653207352,0.0,2.0615528128088303
lpJL9-mBNmk_00,142,7,2,86.2514492631863,0.24497866312686417,0.0,0.020830320036217088,0.0,2.0,0.5,0.0,0.0,2_7,1.0,-2.001449263186302,9999.0,14.036243467926484,1.193489423982035,2.0615528128088303
lpJL9-mBNmk_00,143,7,2,85.25,-2.677945044588987,0.0,0.0,0.0,-1.0,-0.5,0.0,0.0,2_7,1.0,1.0014492631863021,85.12662911025652,153.434948822922,0.0,1.118033988749895
lpJL9-mBNmk_00,144,7,2,85.0,3.141592653589793,0.0,0.0,0.0,-0.25,0.0,0.0,0.0,2_7,1.0,0.25,340.0,180.0,0.0,0.25
lpJL9-mBNmk_00,145,7,2,85.25,0.0,0.0,0.0,0.0,0.25,0.0,0.0,0.0,2_7,1.0,-0.25,9999.0,0.0,0.0,0.25
lpJL9-mBNmk_00,146,7,2,86.2514492631863,0.46364760900080615,0.0,0.020830320036217088,0.0,1.0,0.5,0.0,0.0,2_7,1.0,-1.0014492631863021,9999.0,26.565051177077994,1.193489423982035,1.118033988749895
lpJL9-mBNmk_00,147,7,2,86.00145347608958,3.141592653589793,0.0,0.02104952213704643,0.0,-0.25,0.0,0.0,0.0,2_7,1.0,0.2499957870967222,344.01161105493355,180.0,1.2060487792199575,0.25
lpJL9-mBNmk_00,148,7,2,86.2514492631863,0.0,0.0,0.3805063771123649,0.0,0.25,0.0,0.0,0.0,2_7,1.0,-0.2499957870967222,9999.0,0.0,21.80140948635182,0.25
lpJL9-mBNmk_00,149,7,2,86.00145347608958,3.141592653589793,0.0,0.32175055439664224,0.0,-0.25,0.0,0.0,0.0,2_7,1.0,0.2499957870967222,344.01161105493355,180.0,18.434948822922014,0.25
lpJL9-mBNmk_00,150,7,2,85.0,-2.677945044588987,0.0,0.0,0.0,-1.0,-0.5,0.0,0.0,2_7,1.0,1.00145347608958,84.87663384214642,153.434948822922,0.0,1.118033988749895
lpJL9-mBNmk_00,151,7,2,85.25,0.0,0.0,0.0,0.0,0.25,0.0,0.0,0.0,2_7,1.0,-0.25,9999.0,0.0,0.0,0.25
lpJL9-mBNmk_00,152,7,2,86.2514492631863,0.46364760900080615,0.0,0.32175055439664224,0.0,1.0,0.5,0.0,0.0,2_7,1.0,-1.0014492631863021,9999.0,26.565051177077994,18.434948822922014,1.118033988749895
lpJL9-mBNmk_00,153,7,2,85.0,-2.761086276477428,0.0,3.141592653589793,0.0,-1.25,-0.5,0.0,0.0,2_7,1.0,1.2514492631863021,67.92125138464054,158.19859051364818,180.0,1.346291201783626
lpJL9-mBNmk_00,154,7,2,85.30000000000001,0.0,3.141592653589793,3.141592653589793,3.141592653589793,0.0,0.0,-0.30000000000001137,0.0,2_7,1.0,-0.30000000000001137,9999.0,180.0,0.0,0.30000000000001137
lpJL9-mBNmk_00,155,7,2,85.25,0.0,0.0,0.0,0.0,0.25,0.0,0.30000000000001137,0.0,2_7,1.0,0.05000000000001137,1704.9999999996123,0.0,0.0,0.05000000000001137
lpJL9-mBNmk_00,156,7,2,85.5,0.0,0.0,0.0,0.0,0.25,0.0,0.0,0.0,2_7,1.0,-0.25,9999.0,0.0,0.0,0.25
lpJL9-mBNmk_00,157,7,2,85.80000000000001,0.0,3.141592653589793,0.0,0.0,0.0,0.0,-0.30000000000001137,0.0,2_7,1.0,-0.30000000000001137,9999.0,180.0,0.0,0.30000000000001137
lpJL9-mBNmk_00,158,7,2,85.25,3.141592653589793,0.0,0.0,0.0,-0.25,0.0,0.30000000000001137,0.0,2_7,1.0,0.5500000000000114,154.9999999999968,180.0,0.0,0.5500000000000114
lpJL9-mBNmk_00,159,7,2,86.30000000000001,0.0,3.141592653589793,0.0,3.141592653589793,0.75,0.0,-0.30000000000001137,0.0,2_7,1.0,-1.0500000000000114,9999.0,180.0,180.0,1.0500000000000114
lpJL9-mBNmk_00,160,7,2,85.80000000000001,3.141592653589793,0.0,-2.5535900500422253,3.141592653589793,-0.5,0.0,0.0,0.0,2_7,1.0,0.5,171.60000000000002,180.0,33.69006752597981,0.5
lpJL9-mBNmk_00,161,7,2,85.80000000000001,0.0,0.0,0.0,3.141592653589793,0.0,0.0,0.0,0.0,2_7,1.0,-0.0,9999.0,0.0,180.0,0.0
lpJL9-mBNmk_00,162,7,2,85.80000000000001,0.0,0.0,-2.5535900500422253,3.141592653589793,0.0,0.0,0.0,0.0,2_7,1.0,-0.0,9999.0,0.0,33.69006752597981,0.0
lpJL9-mBNmk_00,163,7,2,85.80000000000001,0.0,0.0,0.0,3.141592653589793,0.0,0.0,0.0,0.0,2_7,1.0,-0.0,9999.0,0.0,180.0,0.0
lpJL9-mBNmk_00,164,7,2,85.80000000000001,0.0,0.0,0.0,3.141592653589793,0.0,0.0,0.0,0.0,2_7,1.0,-0.0,9999.0,0.0,180.0,0.0
lpJL9-mBNmk_00,165,7,2,85.5,0.0,0.0,0.0,0.0,0.0,0.0,0.30000000000001137,0.0,2_7,1.0,0.30000000000001137,284.9999999999892,0.0,0.0,0.30000000000001137
lpJL9-mBNmk_00,169,7,2,62.0,3.141592653589793,0.0,-3.1213933810087253,3.141592653589793,-24.0,0.0,0.0,0.0,2_7,4.0,5.875,10.553191489361701,180.0,1.1573330681295233,6.0
lpJL9-mBNmk_00,170,7,2,90.5,0.0,0.0,-0.12435499454676144,3.141592653589793,28.5,0.0,0.0,0.0,2_7,1.0,-28.5,9999.0,0.0,172.8749836510982,28.5
lpJL9-mBNmk_00,171,7,2,91.0,0.0,0.0,-0.11710874456686429,3.141592653589793,0.5,0.0,0.0,0.0,2_7,1.0,-0.5,9999.0,0.0,173.29016319224309,0.5
lpJL9-mBNmk_00,172,7,2,91.0,0.0,0.0,-0.11065722117389566,3.141592653589793,0.0,0.0,0.0,0.0,2_7,1.0,-0.0,9999.0,0.0,173.65980825409008,0.0
lpJL9-mBNmk_00,173,7,2,89.5,3.141592653589793,0.0,0.0,3.141592653589793,-1.5,0.0,0.0,0.0,2_7,1.0,1.5,59.666666666666664,180.0,180.0,1.5
lpJL9-mBNmk_00,174,7,2,89.5,0.0,0.0,0.0,3.141592653589793,0.0,0.0,0.0,0.0,2_7,1.0,-0.0,9999.0,0.0,180.0,0.0
lpJL9-mBNmk_00,175,7,2,89.25,3.141592653589793,0.0,-0.19739555984988078,3.141592653589793,-0.25,0.0,0.0,0.0,2_7,1.0,0.25,357.0,180.0,168.69006752597977,0.25
lpJL9-mBNmk_00,176,7,2,86.5,3.141592653589793,0.0,0.0,3.141592653589793,-2.5,0.0,0.25,0.0,2_7,1.0,2.75,31.454545454545453,180.0,180.0,2.75
lpJL9-mBNmk_00,177,7,2,86.0,3.141592653589793,0.0,0.0,0.0,-0.25,0.0,0.25,0.0,2_7,1.0,0.5,172.0,180.0,0.0,0.5
lpJL9-mBNmk_00,178,7,2,85.5,3.141592653589793,0.0,0.0,0.0,-0.5,0.0,0.0,0.0,2_7,1.0,0.5,171.0,180.0,0.0,0.5
lpJL9-mBNmk_00,179,7,2,85.75,0.0,3.141592653589793,0.0,0.0,0.0,0.0,-0.25,0.0,2_7,1.0,-0.25,9999.0,180.0,0.0,0.25
lpJL9-mBNmk_00,180,7,2,86.5,0.0,0.0,0.0,0.0,0.75,0.0,0.0,0.0,2_7,1.0,-0.75,9999.0,0.0,0.0,0.75
lpJL9-mBNmk_00,181,7,2,85.5,3.141592653589793,0.0,0.0,0.0,-0.75,0.0,0.25,0.0,2_7,1.0,1.0,85.5,180.0,0.0,1.0
lpJL9-mBNmk_00,182,7,2,85.5,0.0,0.0,3.141592653589793,0.0,0.0,0.0,0.0,0.0,2_7,1.0,-0.0,9999.0,0.0,180.0,0.0
lpJL9-mBNmk_00,189,7,2,72.19999999999999,3.141592653589793,0.0,3.141592653589793,0.0,-13.800000000000011,0.0,0.0,0.0,2_7,7.0,1.9000000000000017,37.99999999999996,180.0,180.0,1.971428571428573
lpJL9-mBNmk_00,190,7,2,73.19999999999999,0.0,0.0,3.141592653589793,0.0,1.0,0.0,0.0,0.0,2_7,1.0,-1.0,9999.0,0.0,180.0,1.0
lpJL9-mBNmk_00,191,7,2,78.25,0.0,0.0,3.141592653589793,0.0,5.300000000000011,0.0,0.25,0.0,2_7,1.0,-5.050000000000011,9999.0,0.0,180.0,5.050000000000011
lpJL9-mBNmk_00,192,7,2,77.25,3.141592653589793,0.0,3.141592653589793,0.0,-1.0,0.0,0.0,0.0,2_7,1.0,1.0,77.25,180.0,180.0,1.0
lpJL9-mBNmk_00,193,7,2,80.44999999999999,0.0,0.0,3.141592653589793,0.0,3.1999999999999886,0.0,0.0,0.0,2_7,1.0,-3.1999999999999886,9999.0,0.0,180.0,3.1999999999999886
lpJL9-mBNmk_00,194,7,2,79.44999999999999,3.141592653589793,0.0,3.141592653589793,0.0,-1.0,0.0,0.0,0.0,2_7,1.0,1.0,79.44999999999999,180.0,180.0,1.0
lpJL9-mBNmk_00,195,7,2,82.25,0.0,0.0,0.0,0.0,2.8000000000000114,0.0,0.0,0.0,2_7,1.0,-2.8000000000000114,9999.0,0.0,0.0,2.8000000000000114
lpJL9-mBNmk_00,196,7,2,82.25,0.0,0.0,3.141592653589793,0.0,0.0,0.0,0.0,0.0,2_7,1.0,-0.0,9999.0,0.0,180.0,0.0
lpJL9-mBNmk_00,197,7,2,83.25,0.0,0.0,3.141592653589793,3.141592653589793,1.0,0.0,0.0,0.0,2_7,1.0,-1.0,9999.0,0.0,0.0,1.0
lpJL9-mBNmk_00,219,7,2,87.0,0.0,0.0,3.141592653589793,0.0,3.5,0.0,0.0,0.0,2_7,22.0,-0.17045454545454544,9999.0,0.0,180.0,0.1590909090909091
lpJL9-mBNmk_00,220,7,2,77.0,3.141592653589793,0.0,3.141592653589793,0.0,-10.0,0.0,0.0,0.0,2_7,1.0,10.0,7.7,180.0,180.0,10.0
lpJL9-mBNmk_00,221,7,2,86.25,0.0,0.0,3.141592653589793,0.0,9.25,0.0,0.0,0.0,2_7,1.0,-9.25,9999.0,0.0,180.0,9.25
lpJL9-mBNmk_00,222,7,2,86.75,0.0,0.0,3.141592653589793,0.0,0.5,0.0,0.0,0.0,2_7,1.0,-0.5,9999.0,0.0,180.0,0.5
lpJL9-mBNmk_00,223,7,2,62.25,3.141592653589793,0.0,3.141592653589793,0.0,-24.5,0.0,0.0,0.0,2_7,1.0,24.5,2.5408163265306123,180.0,180.0,24.5
lpJL9-mBNmk_00,224,7,2,62.5,0.0,0.0,3.141592653589793,0.0,0.25,0.0,0.0,0.0,2_7,1.0,-0.25,9999.0,0.0,180.0,0.25
lpJL9-mBNmk_00,236,7,2,90.75,0.0,0.0,0.0,0.0,28.75,0.0,0.0,0.0,2_7,12.0,-2.3541666666666665,9999.0,0.0,0.0,2.3958333333333335
lpJL9-mBNmk_00,237,7,2,100.75124068714986,0.052583061610941714,3.141592653589793,0.033885329904117606,0.0,9.5,0.5,-0.5,0.0,2_7,1.0,-10.00124068714986,9999.0,176.98721249581666,1.9414863909143765,10.012492197250394
lpJL9-mBNmk_00,238,7,2,99.25,-2.677945044588987,0.0,0.0,0.0,-1.0,-0.5,0.5,0.0,2_7,1.0,1.5012406871498598,66.11198380749221,153.434948822922,0.0,1.5811388300841898
lpJL9-mBNmk_00,239,7,2,114.7510893194483,0.03224688243525392,0.0,0.017092352397716833,0.0,15.5,0.5,0.0,0.0,2_7,1.0,-15.501089319448297,9999.0,1.8476102659945954,0.9793196543394874,15.508062419270823
lpJL9-mBNmk_00,240,7,2,99.0,-3.1098572800613353,0.0,0.0,0.0,-15.75,-0.5,0.0,0.0,2_7,1.0,15.751089319448297,6.285279576045704,178.18169703554818,0.0,15.757934509319425
lpJL9-mBNmk_00,241,7,2,99.5,0.0,0.0,0.0,0.0,0.75,0.0,0.25,0.0,2_7,1.0,-0.5,9999.0,0.0,0.0,0.5
lpJL9-mBNmk_00,247,7,2,102.0,0.0,0.0,0.0,0.0,2.5,0.0,0.25,0.0,2_7,6.0,-0.4166666666666667,9999.0,0.0,0.0,0.375
lpJL9-mBNmk_00,409,39,33,914.0463007966282,3.141592653589793,1.7804361726691096,-2.8198420991931368,1.7332854360121008,-0.05000000000000426,0.0,-0.5,2.3499999999999943,33_39,,0.0,9999.0,77.98852161363453,99.12500864793675,0.0
lpJL9-mBNmk_00,410,39,33,914.0103732999971,0.0,-1.5707963267948966,-2.8198420991931368,1.7804361726691096,0.0,0.0,0.0,-0.3499999999999943,33_39,1.0,0.03592749663107497,25440.413583100497,90.0,96.4234704365574,0.3499999999999943
lpJL9-mBNmk_00,411,39,33,914.5626017392138,-2.356194490192345,0.0,-2.677945044588987,1.5707963267948966,-0.04999999999999716,-0.04999999999999716,0.5,0.0,33_39,1.0,-0.5522284392167194,9999.0,135.0,116.56505117707799,0.5522680508593599
lpJL9-mBNmk_00,412,39,33,914.5026243811442,0.0,-1.5707963267948966,-2.5535900500422364,1.5707963267948966,0.04999999999999716,0.0,0.0,-0.09999999999999432,33_39,1.0,0.0599773580696592,15247.464273418278,90.0,123.69006752597915,0.11180339887498314
lpJL9-mBNmk_00,413,39,33,914.1457706514864,2.677945044588987,2.408777551803299,-2.944197093739896,1.7992929660867583,-0.09999999999999432,0.04999999999999716,-0.5,0.44999999999998863,33_39,1.0,0.35685372965781426,2561.6819852998524,15.422161318737945,88.21803940967435,0.565685424949236
lpJL9-mBNmk_00,414,39,33,914.4426567587494,-0.5880026035475457,-0.8760580505981886,-2.158798930342475,1.5707963267948966,0.14999999999999858,-0.09999999999999432,0.5,-0.5999999999999943,33_39,1.0,-0.29688610726304887,9999.0,16.504361381755995,146.30993247401958,0.6103277807866859
lpJL9-mBNmk_00,415,39,33,914.5077432695691,2.0344439357957596,1.5707963267948966,-2.8198420991931368,1.5707963267948966,-0.05000000000000426,0.09999999999999432,0.0,0.25,33_39,1.0,-0.06508651081969674,9999.0,26.56505117708125,108.43494882292283,0.15811388300842572
lpJL9-mBNmk_00,416,39,33,914.4426567587494,-1.1071487177940336,-1.5707963267948966,-2.158798930342475,1.5707963267948966,0.05000000000000426,-0.09999999999999432,0.0,-0.25,33_39,1.0,0.06508651081969674,14049.649385752864,26.56505117708125,146.30993247401958,0.15811388300842572
lpJL9-mBNmk_00,417,39,33,914.0154976804278,2.356194490192416,2.677945044588987,-2.553590050042237,1.8157749899217608,-0.05000000000000426,0.04999999999999716,-0.5,0.25,33_39,1.0,0.4271590783216652,2139.7543539789717,18.434948822917935,109.65382405805268,0.4924428900898025
lpJL9-mBNmk_00,418,39,33,914.0360222660812,-1.5707963267948966,1.5707963267948966,-2.3561944901923684,1.7894652726688385,0.0,-0.04999999999999716,0.0,0.15000000000000568,33_39,1.0,-0.020524585653447502,9999.0,180.0,122.47119229084711,0.20000000000000284
lpJL9-mBNmk_00,419,39,33,914.418516052688,0.0,-0.29145679447787753,-1.892546881191567,1.5707963267948966,0.10000000000000142,0.0,0.5,-0.15000000000000568,33_39,1.0,-0.3824937866068012,9999.0,16.699244233994225,161.56505117707636,0.4272001872658772
lpJL9-mBNmk_00,420,39,33,914.418516052688,0.0,0.0,-1.892546881191567,1.5707963267948966,0.0,0.0,0.0,0.0,33_39,1.0,-0.0,9999.0,0.0,161.56505117707636,0.0
lpJL9-mBNmk_00,421,39,33,914.0960357095965,2.5535900500422475,2.530866689200592,-2.896613990462912,1.810027926758559,-0.14999999999999858,0.09999999999999432,-0.5,0.3499999999999943,33_39,1.0,0.32248034309145623,2834.5790845625484,1.301952672579689,90.32928246384752,0.4301162633521325
lpJL9-mBNmk_00,422,39,33,913.9760185584739,-0.7853981633974129,-1.5707963267948966,-2.158798930342475,1.849095985800008,0.10000000000000142,-0.09999999999999432,0.0,-0.29999999999998295,33_39,1.0,0.12001715112262445,7615.378385582926,45.00000000000202,130.36453657309673,0.22360679774996944
lpJL9-mBNmk_00,423,39,33,914.0206247672971,3.141592653589793,-1.5707963267948966,-2.3561944901923684,1.8281200417659846,-0.05000000000000426,0.0,0.0,-0.05000000000001137,33_39,1.0,-0.04460620882321109,9999.0,90.00000000000001,120.25643716352792,0.0707106781186658
lpJL9-mBNmk_00,424,39,33,914.1663579458609,2.677945044588987,1.5707963267948966,-2.7610862764774233,1.8045395076637987,-0.09999999999999432,0.04999999999999716,0.0,0.5,33_39,1.0,-0.14573317856377344,9999.0,63.43494882292201,98.40891173260097,0.46097722286464593
lpJL9-mBNmk_00,429,39,33,914.0960357095965,-0.7853981633974483,1.5707963267948966,-2.4980915447965204,-1.5707963267948966,0.04999999999999716,-0.04999999999999716,0.0,0.05000000000001137,33_39,5.0,0.014064447252872014,64993.38504205593,135.0,53.13010235415665,0.022360679774999167
lpJL9-mBNmk_00,430,39,33,913.9811513373785,0.0,-1.5707963267948966,-2.498091544796503,1.5707963267948966,0.10000000000000142,0.0,0.0,-0.15000000000000568,33_39,1.0,0.11488437221805725,7955.661276562393,90.0,126.86989764584432,0.180277563773205
lpJL9-mBNmk_00,431,39,33,913.9708884860611,0.0,-1.5707963267948966,-2.9764439761751738,3.141592653589793,0.0,0.0,0.0,-0.09999999999999432,33_39,1.0,0.010262851317406785,89056.23400544432,90.0,9.46232220802518,0.09999999999999432
lpJL9-mBNmk_00,432,39,33,914.2577166751178,-0.321750554396628,-0.9151007005533646,-0.7853981633974247,-1.5707963267948966,0.14999999999999858,-0.04999999999999716,0.5,-0.6500000000000057,33_39,1.0,-0.28682818905667773,9999.0,33.99645914825154,45.00000000000134,0.6946221994724984
lpJL9-mBNmk_00,433,39,33,914.319043058822,1.5707963267948966,1.5707963267948966,-0.46364760900077767,-0.610725964389201,0.0,0.04999999999999716,0.0,0.6500000000000057,33_39,1.0,-0.06132638370422683,9999.0,0.0,8.426969021481868,0.6000000000000085
lpJL9-mBNmk_00,434,39,33,913.9365514082474,2.6779450445890154,2.7610862764774478,-0.46364760900077767,2.408777551803299,-0.10000000000000142,0.04999999999999716,-0.5,0.19999999999998863,33_39,1.0,0.3824916505745932,2389.4287627855347,4.76364169072567,164.57783868126043,0.4272001872658722
lpJL9-mBNmk_00,435,39,33,913.9365514082474,0.0,0.0,0.0,2.7610862764774478,0.0,0.0,0.0,0.0,33_39,1.0,-0.0,9999.0,0.0,158.1985905136493,0.0
lpJL9-mBNmk_00,436,47,33,766.8290324446513,0.0,1.5707963267948966,0.0,2.055274255831925,,,0.0,0.5,33_47,,0.0,9999.0,90.0,117.75854060106032,0.0
lpJL9-mBNmk_00,437,47,33,766.4288127412748,0.46364760900080615,1.5707963267948966,0.46364760900080615,1.5707963267948966,0.5,0.25,0.0,0.05000000000001137,33_47,1.0,0.4002197033764787,1915.0201908483011,63.43494882292201,63.43494882292201,0.5385164807134462
lpJL9-mBNmk_00,438,47,33,766.4288127412748,0.0,0.0,0.46364760900080615,1.5707963267948966,0.0,0.0,0.0,0.0,33_47,1.0,-0.0,9999.0,0.0,63.43494882292201,0.0
lpJL9-mBNmk_00,439,47,33,766.3473510752158,0.0,1.5707963267948966,0.4266274931268683,2.102520394053705,0.05000000000001137,0.0,0.0,0.09999999999999432,33_47,1.0,0.08146166605899907,9407.459829267233,90.0,96.02159013904395,0.11180339887498948
lpJL9-mBNmk_00,440,47,33,765.1078763808408,0.3320594675428879,1.5707963267948966,0.35877067027057225,2.0344439357957027,1.4499999999999886,0.5,0.0,0.15000000000000568,33_47,1.0,1.2394746943749624,617.2839831689073,70.97439396243118,96.00900595749452,1.4916433890176175
lpJL9-mBNmk_00,441,47,33,765.0090277245099,-1.3734007669449722,-1.5707963267948966,0.2392315999636593,1.5707963267948966,0.05000000000001137,-0.25,0.0,-0.09999999999999432,33_47,1.0,0.09884865633091522,7739.195009019571,11.309932474022714,76.29303899592026,0.15811388300842796
lpJL9-mBNmk_00,442,47,33,764.4187922860086,-0.46364760900080615,1.5707963267948966,0.0977269073587183,1.5707963267948966,0.5,-0.25,0.0,0.09999999999999432,33_47,1.0,0.5902354385012814,1295.10826091197,116.56505117707799,84.40066066347946,0.6103277807866818
lpJL9-mBNmk_00,443,47,33,765.7842924087696,3.141592653589793,-1.5707963267948966,0.2140606835638205,1.5707963267948966,-1.4000000000000057,0.0,0.0,-0.15000000000000568,33_47,1.0,-1.3655001227609773,9999.0,90.00000000000001,77.73522627210765,1.4080127840328787
lpJL9-mBNmk_00,444,47,33,765.1078763808408,0.0,-1.5707963267948966,0.12435499454676144,0.0,0.8499999999999943,0.0,0.0,-0.3499999999999943,33_47,1.0,0.6764160279287807,1131.1202644379066,90.0,7.1250163489017995,0.9192388155425044
lpJL9-mBNmk_00,445,47,33,765.2485935955714,3.141592653589793,0.0,0.13432144195296888,-1.5707963267948966,-0.15000000000000568,0.0,0.0,0.0,33_47,1.0,-0.14071721473055732,9999.0,180.0,97.69605172201659,0.15000000000000568
lpJL9-mBNmk_00,446,47,33,765.7522902349035,0.0,-0.19739555984986984,0.1343214419529689,-0.610725964389201,0.0,0.0,0.5,-0.09999999999999432,33_47,1.0,-0.5036966393321336,9999.0,11.30993247401959,42.68807192057482,0.5099019513592773
lpJL9-mBNmk_00,447,47,33,765.3770378055511,3.141592653589793,3.141592653589793,0.14189705460416394,1.5707963267948966,-0.09999999999999432,0.0,-0.5,0.0,33_47,1.0,0.375252429352372,2039.632465874969,0.0,81.86989764584402,0.4000000000000057
lpJL9-mBNmk_00,448,47,33,765.1425177703825,0.0,0.0,0.12435499454676144,1.5707963267948966,0.25,0.0,0.0,0.0,33_47,1.0,0.23452003516865716,3262.5891311167657,0.0,82.8749836510982,0.25
lpJL9-mBNmk_00,449,47,33,765.5401361130585,0.0,-0.3805063771123943,0.11575921772081042,-0.09966865249118455,0.15000000000000568,0.0,0.5,-0.20000000000001705,33_47,1.0,-0.39761834267596896,9999.0,21.801409486353503,12.34310775263938,0.403112887414931
lpJL9-mBNmk_00,434,50,33,379.2002637129885,0.0,2.7610862764774478,0.0,2.408777551803299,,,-0.5,0.19999999999998863,33_50,,0.0,9999.0,158.1985905136493,138.01278750418408,0.0
lpJL9-mBNmk_00,435,50,33,383.1126335687718,2.62244653934327,0.0,2.62244653934327,2.7610862764774478,-3.5,2.0,0.0,0.0,33_50,1.0,-3.912369855783311,9999.0,150.25511870305778,7.943471810591536,4.031128874149275
lpJL9-mBNmk_00,436,50,33,385.31012184991977,2.498091544796509,1.5707963267948966,2.5748634360662868,2.055274255831925,-2.0,1.5,0.0,0.5,33_50,1.0,-2.197488281147969,9999.0,53.13010235415599,29.7702671080912,2.23606797749979
lpJL9-mBNmk_00,437,50,33,388.6486234376754,2.626043646130817,1.5707963267948966,2.5925675137821975,1.5707963267948966,-3.0,1.6999999999999886,0.0,0.05000000000001137,33_50,1.0,-3.3385015877556157,9999.0,60.461217740442066,58.543176642444806,3.4238136631539873
lpJL9-mBNmk_00,438,50,33,391.0831113714833,1.9705774250376922,0.0,2.4227626539681686,1.5707963267948966,-1.5,3.5500000000000114,0.0,0.0,33_50,1.0,-2.4344879338079295,9999.0,112.90576965841711,48.81407483429035,3.8538941345086375
lpJL9-mBNmk_00,439,50,33,395.5971941255398,2.965653028137263,1.5707963267948966,2.559181046097839,2.102520394053705,-4.5,0.8000000000000114,0.0,0.09999999999999432,33_50,1.0,-4.51408275405646,9999.0,79.91940201245754,26.164728031821117,4.554119014694282
lpJL9-mBNmk_00,440,50,33,397.489484137631,2.279422598922567,1.5707963267948966,2.5266843631053266,2.0344439357957027,-1.5,1.75,0.0,0.15000000000000568,33_50,1.0,-1.8922900120912232,9999.0,40.60129464500447,28.20329899055764,2.1931712199461266
lpJL9-mBNmk_00,441,50,33,400.3426782145516,2.601173153319209,-1.5707963267948966,2.536329125766002,1.5707963267948966,-2.5,1.5,0.0,-0.09999999999999432,33_50,1.0,-2.8531940769206017,9999.0,120.96375653207352,55.32095436249769,2.9681644159311626
lpJL9-mBNmk_00,442,50,33,404.6337850451937,2.7397220061493393,1.5707963267948966,2.5691328397717417,1.5707963267948966,-4.0,1.6999999999999886,0.0,0.09999999999999432,33_50,1.0,-4.291106830642093,9999.0,66.9745079914721,57.200468727380766,4.308131845707601
lpJL9-mBNmk_00,447,50,33,423.86352756518227,2.47067432271643,3.141592653589793,2.526521912924812,1.5707963267948966,-16.0,12.699999999999989,-0.5,0.0,33_50,5.0,-3.8459485039977155,9999.0,38.44078875700542,54.75904245791101,4.007692602982418
lpJL9-mBNmk_00,448,50,33,427.1769803020757,1.9849348772711073,0.0,2.47671482096151,1.5707963267948966,-2.0,4.550000000000011,0.0,0.0,33_50,1.0,-3.3134527368934528,9999.0,113.72839107595249,51.90530629859385,4.970160963188225
lpJL9-mBNmk_00,449,50,33,430.48099841921015,2.677945044588987,-0.3805063771123943,2.4870218862664015,-0.09966865249118455,-2.5,1.25,0.5,-0.20000000000001705,33_50,1.0,-3.304018117134433,9999.0,175.2363583092755,148.20645077723077,3.3320414163092344
lpJL9-mBNmk_00,434,51,33,789.4251642809469,0.0,2.7610862764774478,0.0,2.408777551803299,,,-0.5,0.19999999999998863,33_51,,0.0,9999.0,158.1985905136493,138.01278750418408,0.0
lpJL9-mBNmk_00,435,51,33,798.8703649529127,2.796435003747126,0.0,2.796435003747126,2.7610862764774478,-8.900000000000006,3.1999999999999886,0.0,0.0,33_51,1.0,-9.445200671965836,9999.0,160.22392339736086,2.025332883711562,9.4578010129205
lpJL9-mBNmk_00,436,51,33,801.8257369902765,2.387762946680118,1.5707963267948966,2.690355754877887,2.055274255831925,-2.4499999999999886,2.3000000000000114,0.0,0.5,33_51,1.0,-2.955372037363759,9999.0,46.80873932249177,36.38748954217526,3.04014802271205
lpJL9-mBNmk_00,437,51,33,806.1765470416514,2.6677413170950333,1.5707963267948966,2.6845238970420033,1.5707963267948966,-3.9000000000000057,2.0,0.0,0.05000000000001137,33_51,1.0,-4.350810051374879,9999.0,62.85031830221685,63.811889302519134,4.36033255612459
lpJL9-mBNmk_00,442,51,33,843.831855288718,2.7674791080011913,1.5707963267948966,2.7417404214731653,1.5707963267948966,-35.150000000000006,13.800000000000011,0.0,0.09999999999999432,33_51,5.0,-7.5310616494133225,9999.0,68.564872779098,67.09015467083188,7.545097746219066
lpJL9-mBNmk_00,443,51,33,853.2122376642285,3.0172376590430328,-1.5707963267948966,2.782821983319221,1.5707963267948966,-9.599999999999994,1.1999999999999886,0.0,-0.15000000000000568,33_51,1.0,-9.380382375510521,9999.0,97.12501634890172,69.44395478041653,9.69445717923391
lpJL9-mBNmk_00,444,51,33,863.627894408234,2.949804511603088,-1.5707963267948966,2.8062490537019555,0.0,-10.300000000000011,2.0,0.0,-0.3499999999999943,33_51,1.0,-10.41565674400556,9999.0,100.98865109649398,160.78622703970316,10.564681727340403
lpJL9-mBNmk_00,445,51,33,873.8209656445649,2.7701934928045455,0.0,2.8019068028209806,-1.5707963267948966,-9.5,3.6999999999999886,0.0,0.0,33_51,1.0,-10.193071236330866,9999.0,158.72039557230465,109.46256560936371,10.195096860746341
lpJL9-mBNmk_00,446,51,33,876.6357767054685,2.0878282792864327,-0.19739555984986984,2.7797906689260303,-0.610725964389201,-1.4499999999999886,2.5500000000000114,0.5,-0.09999999999999432,33_51,1.0,-2.814811060903594,9999.0,130.93368122519306,165.73770654213232,3.2901367752724178
lpJL9-mBNmk_00,447,51,33,882.4823992579115,2.819842099193151,3.141592653589793,2.7825080115869945,1.5707963267948966,-6.0,2.0,-0.5,0.0,33_51,1.0,-5.846622552443023,9999.0,18.43494882292201,69.42596552527355,5.852349955359813
lpJL9-mBNmk_00,448,51,33,890.8965778921817,2.64885272582221,0.0,2.7714149768077925,1.5707963267948966,-7.450000000000003,4.0,0.0,0.0,33_51,1.0,-8.414178634270115,9999.0,151.76808174133646,68.79038145043343,8.4559150894507
lpJL9-mBNmk_00,434,50,39,578.5634796632086,0.0,2.6779450445890154,0.0,-0.46364760900077767,,,-0.10000000000000142,0.04999999999999716,39_50,,0.0,9999.0,153.43494882292364,26.565051177076366,0.0
lpJL9-mBNmk_00,435,50,39,575.9601114660633,2.62244653934327,0.0,2.62244653934327,0.0,-3.5,2.0,0.0,0.0,39_50,1.0,2.6033681971453007,221.23651663933938,150.25511870305778,150.25511870305778,4.031128874149275
lpJL9-mBNmk_00,434,51,39,438.3581298436245,0.0,2.6779450445890154,0.0,-0.46364760900077767,,,-0.10000000000000142,0.04999999999999716,39_51,,0.0,9999.0,153.43494882292364,26.565051177076366,0.0
lpJL9-mBNmk_00,435,51,39,437.6969271082446,2.796435003747126,0.0,2.796435003747126,0.0,-8.900000000000006,3.1999999999999886,0.0,0.0,39_51,1.0,0.6612027353799022,661.9708354000691,160.22392339736086,160.22392339736086,9.4578010129205
lpJL9-mBNmk_00,0,4,3,912.6539678322777,0.0,0.0,0.0,0.0,,,,,3_4,,0.0,9999.0,0.0,0.0,0.0
lpJL9-mBNmk_00,1,4,3,912.7774660343013,1.5707963267948966,0.0,1.5707963267948966,0.0,0.0,1.25,0.0,0.0,3_4,1.0,-0.12349820202359751,9999.0,90.0,90.0,1.25
lpJL9-mBNmk_00,2,4,3,912.7874191179455,1.5707963267948966,-1.5707963267948966,1.5707963267948966,-1.5707963267948966,0.0,0.05000000000001137,0.0,-0.04999999999999716,3_4,1.0,-0.009953083644290928,9999.0,180.0,180.0,0.10000000000000853
lpJL9-mBNmk_00,3,4,3,912.7824412202505,-1.5707963267948966,0.0,1.5707963267948966,-1.5707963267948966,0.0,-0.05000000000001137,0.0,0.0,3_4,1.0,0.004977897695084721,183367.05515694924,90.0,180.0,0.05000000000001137
lpJL9-mBNmk_00,4,4,3,912.6588752102289,-1.5707963267948966,0.0,0.0,-1.5707963267948966,0.0,-1.25,0.0,0.0,3_4,1.0,0.12356601002159096,7386.00263171691,90.0,90.0,1.25
lpJL9-mBNmk_00,5,4,3,912.5348459100069,-1.5707963267948966,0.0,-1.5707963267948966,-0.46364760900077767,0.0,-0.25,0.10000000000000142,0.0,3_4,1.0,0.12402930022199143,7357.413484368001,90.0,63.43494882292364,0.26925824035672574
lpJL9-mBNmk_00,6,4,3,912.5348459100069,0.0,0.0,-1.5707963267948966,-0.4636476090007778,0.0,0.0,0.0,0.0,3_4,1.0,-0.0,9999.0,0.0,63.43494882292364,0.0
lpJL9-mBNmk_00,7,4,3,912.5846056667842,0.0,3.141592653589793,-1.5707963267948966,-0.7853981633974483,0.0,0.0,-0.05000000000000426,0.0,3_4,1.0,-0.04975975677734823,9999.0,180.0,45.0,0.05000000000000426
lpJL9-mBNmk_00,8,4,3,912.6294716367645,0.0,2.356194490192345,-1.5707963267948966,0.0,0.0,0.0,-0.04999999999999716,0.04999999999999716,3_4,1.0,-0.04486596998026471,9999.0,135.0,90.0,0.07071067811865074
lpJL9-mBNmk_00,9,4,3,912.6441612150926,1.5707963267948966,0.0,-1.5707963267948966,0.0,0.0,0.15000000000000568,0.0,0.0,3_4,1.0,-0.01468957832810247,9999.0,90.0,90.0,0.15000000000000568
lpJL9-mBNmk_00,10,4,3,912.6294716367645,-1.5707963267948966,0.0,-1.5707963267948966,0.0,0.0,-0.15000000000000568,0.0,0.0,3_4,1.0,0.01468957832810247,62127.68339924524,90.0,90.0,0.15000000000000568
lpJL9-mBNmk_00,11,4,3,912.6148064764236,-1.5707963267948966,0.0,-1.5707963267948966,0.0,0.0,-0.15000000000000568,0.0,0.0,3_4,1.0,0.014665160340882721,62230.128090198006,90.0,90.0,0.15000000000000568
lpJL9-mBNmk_00,12,4,3,912.6539678322777,1.5707963267948966,0.0,0.0,0.0,0.0,0.4000000000000057,0.0,0.0,3_4,1.0,-0.03916135585404845,9999.0,90.0,0.0,0.4000000000000057
lpJL9-mBNmk_00,13,4,3,912.6050432689926,-1.5707963267948966,0.0,-1.5707963267948966,0.0,0.0,-0.5,0.0,0.0,3_4,1.0,0.048924563285027034,18653.309952963606,90.0,90.0,0.5
lpJL9-mBNmk_00,14,4,3,912.6539678322777,1.5707963267948966,0.0,0.0,0.0,0.0,0.5,0.0,0.0,3_4,1.0,-0.048924563285027034,9999.0,90.0,0.0,0.5
lpJL9-mBNmk_00,15,4,3,912.6736136209921,1.5707963267948966,0.0,1.5707963267948966,0.0,0.0,0.19999999999998863,0.0,0.0,3_4,1.0,-0.019645788714456103,9999.0,90.0,90.0,0.19999999999998863
lpJL9-mBNmk_00,16,4,3,912.7229179767538,1.5707963267948966,0.0,1.5707963267948966,0.0,0.0,0.5,0.0,0.0,3_4,1.0,-0.049304355761705665,9999.0,90.0,90.0,0.5
lpJL9-mBNmk_00,17,4,3,912.703163684667,-1.5707963267948966,0.0,1.5707963267948966,0.0,0.0,-0.19999999999998863,0.0,0.0,3_4,1.0,0.019754292086872738,46202.77758731648,90.0,90.0,0.19999999999998863
lpJL9-mBNmk_00,18,4,3,912.7080981891198,0.0,-1.5707963267948966,1.5707963267948966,-1.5707963267948966,0.0,0.0,0.0,-0.04999999999999716,3_4,1.0,-0.004934504452876354,9999.0,90.0,180.0,0.04999999999999716
lpJL9-mBNmk_00,19,4,3,912.7179753352073,1.5707963267948966,0.0,1.5707963267948966,-1.5707963267948966,0.0,0.09999999999999432,0.0,0.0,3_4,1.0,-0.009877146087433175,9999.0,90.0,180.0,0.09999999999999432
lpJL9-mBNmk_00,20,4,3,912.6085866898251,-1.5707963267948966,0.0,1.5707963267948966,-0.46364760900077767,0.0,-0.09999999999999432,0.10000000000000142,0.0,3_4,1.0,0.1093886453821824,8342.8091051073,90.0,116.56505117707637,0.1414213562373065
lpJL9-mBNmk_00,21,4,3,912.7080981891198,0.0,3.141592653589793,-1.5707963267948966,-1.5707963267948966,0.0,0.0,-0.10000000000000142,0.0,3_4,1.0,-0.09951149929474923,9999.0,180.0,0.0,0.10000000000000142
lpJL9-mBNmk_00,22,4,3,912.5987193175322,-1.5707963267948966,0.0,-1.5707963267948966,0.0,0.0,-0.09999999999999432,0.10000000000000142,0.0,3_4,1.0,0.10937887158763715,8343.46438275636,90.0,90.0,0.1414213562373065
lpJL9-mBNmk_00,23,4,3,912.445517551596,-1.5707963267948966,3.141592653589793,-1.5707963267948966,0.0,0.0,-2.5999999999999943,-0.10000000000000142,0.0,3_4,1.0,0.15320176593615997,5955.842035997269,90.00000000000001,90.0,2.601922366251532
lpJL9-mBNmk_00,24,4,3,912.4168304563436,-1.5707963267948966,0.0,-1.5707963267948966,0.0,0.0,-0.30000000000001137,0.0,0.0,3_4,1.0,0.0286870952523941,31805.828454527727,90.0,90.0,0.30000000000001137
lpJL9-mBNmk_00,25,4,3,912.4263819618545,1.5707963267948966,0.0,-1.5707963267948966,3.141592653589793,0.0,0.09999999999999432,0.0,0.0,3_4,1.0,-0.009551505510899005,9999.0,90.0,90.00000000000001,0.09999999999999432
lpJL9-mBNmk_00,26,4,3,912.4761531130553,0.0,3.141592653589793,-1.5707963267948966,3.141592653589793,0.0,0.0,-0.04999999999999716,0.0,3_4,1.0,-0.049771151200729946,9999.0,180.0,90.00000000000001,0.04999999999999716
lpJL9-mBNmk_00,27,4,3,912.4857149566781,1.5707963267948966,0.0,-1.5707963267948966,3.141592653589793,0.0,0.09999999999999432,0.0,0.0,3_4,1.0,-0.0095618436228051,9999.0,90.0,90.00000000000001,0.09999999999999432
lpJL9-mBNmk_00,28,4,3,913.0638641409482,-0.3805063771123453,3.141592653589722,-1.3521273809209546,-2.819842099193208,0.5,-0.19999999999998863,-0.10000000000000142,7.105427357601002e-15,3_4,1.0,-0.5781491842701598,9999.0,158.1985905136534,84.09385888623275,0.6324555320336759
lpJL9-mBNmk_00,29,4,3,912.995034214316,-1.5707963267948966,-0.7853981633975192,-1.3843094251276802,-2.3561944901923093,0.0,-0.25,0.05000000000000426,-0.05000000000001137,3_4,1.0,0.0688299266322474,13264.506863306317,44.99999999999594,55.684912400000655,0.20615528128087304
lpJL9-mBNmk_00,30,4,3,913.0686351529112,1.5707963267948966,3.141592653589793,-1.3521273809209546,-2.5535900500422146,0.0,0.25,-0.05000000000000426,0.0,3_4,1.0,-0.07360093859517747,9999.0,90.0,68.8387401831711,0.2549509756796401
lpJL9-mBNmk_00,35,4,3,913.0945802598984,0.0,2.0344439357957027,-1.3971251284533224,3.1415926535897576,0.0,0.0,-0.05000000000000426,0.10000000000000853,3_4,5.0,-0.005189021397450233,9999.0,116.56505117707799,99.95062668795366,0.022360679774999802
lpJL9-mBNmk_00,36,4,3,912.6092057940244,2.2264919530364287,-1.4210854715200792e-13,-1.5707963267948966,3.141592653589793,-0.5,0.6500000000000057,0.05000000000000426,-7.105427357601002e-15,3_4,1.0,0.48537446587397426,1880.216760374412,127.5685920288354,90.00000000000001,0.8514693182963327
lpJL9-mBNmk_00,37,4,3,912.3834857120113,-1.5707963267948966,0.3217505543966706,-1.5707963267948966,1.5707963267948966,0.0,-0.75,0.14999999999999858,0.05000000000000426,3_4,1.0,0.2257200820131402,4042.1015160666884,108.43494882292363,180.0,0.8139410298049892
lpJL9-mBNmk_00,38,4,3,912.9807692388707,-0.09966865249118455,-2.67794504458893,-1.4204248987877626,3.141592653589793,0.5,-0.05000000000001137,-0.09999999999999432,-0.05000000000000426,3_4,1.0,-0.5972835268594281,9999.0,147.72435568541783,98.61564818416407,0.5999999999999943
lpJL9-mBNmk_00,39,4,3,912.3384678944542,3.0419240010986086,4.73695157173427e-14,-1.5707963267948966,1.4210854715202814e-13,-0.5,0.05000000000001137,0.14999999999999147,7.105427357601002e-15,3_4,1.0,0.6423013444165235,1420.421233468282,174.28940686249635,90.00000000000814,0.6519202405202568
lpJL9-mBNmk_00,40,4,3,912.5096670720809,1.5707963267948966,-3.141592653589722,-1.5707963267948966,3.141592653589793,0.0,0.75,-0.09999999999999432,-7.105427357601002e-15,3_4,1.0,-0.1711991776267041,9999.0,90.00000000000408,90.00000000000001,0.7566372975210841
lpJL9-mBNmk_00,41,4,3,912.5128341563202,1.5707963267948966,-0.7853981633974483,-1.5707963267948966,-1.5707963267948966,0.0,0.5,0.04999999999999716,-0.04999999999999716,3_4,1.0,-0.0031670842392941267,9999.0,135.0,0.0,0.5522680508593599
lpJL9-mBNmk_00,42,4,3,912.4983643820958,-1.5707963267948966,1.5707963267948966,-1.5707963267948966,1.5707963267948966,0.0,-0.09999999999999432,0.0,0.04999999999999716,3_4,1.0,0.014469774224380672,63062.37749339535,180.0,180.0,0.14999999999999147
lpJL9-mBNmk_00,43,4,3,912.5128341563202,1.5707963267948966,-1.5707963267948966,1.5707963267948966,0.0,0.0,0.09999999999999432,0.0,-0.04999999999999716,3_4,1.0,-0.014469774224380672,9999.0,180.0,90.0,0.14999999999999147
lpJL9-mBNmk_00,44,4,3,912.5674290155221,0.0,-2.356194490192345,1.5707963267948966,-2.819842099193165,0.0,0.0,-0.04999999999999716,-0.04999999999999716,3_4,1.0,-0.05459485920187035,9999.0,135.0,108.4349488229212,0.07071067811865074
lpJL9-mBNmk_00,45,4,3,912.5466919560884,1.5707963267948966,-0.7853981633975192,1.5707963267948966,-1.5707963267948966,0.0,0.25,0.04999999999999716,-0.05000000000000426,3_4,1.0,0.02073705943371351,44005.59755702417,135.00000000000406,180.0,0.30413812651491473
lpJL9-mBNmk_00,46,4,3,912.5466919560884,0.0,0.0,1.5707963267948966,-2.356194490192345,0.0,0.0,0.0,0.0,3_4,1.0,-0.0,9999.0,0.0,135.0,0.0
lpJL9-mBNmk_00,47,4,3,912.5455290011563,1.5707963267948966,0.0,1.5707963267948966,-1.1071487177941188,0.0,0.5,0.04999999999999716,0.0,3_4,1.0,0.0011629549320559818,784678.3257437774,90.0,153.43494882292364,0.5024937810560443
lpJL9-mBNmk_00,48,4,3,913.1506584348499,1.5707963267948966,-2.3036114285813984,1.7444675251364707,-2.1587989303424613,0.0,1.0999999999999943,-0.44999999999999574,-0.5,3_4,1.0,-0.6051294336936053,9999.0,138.01278750418362,136.35930578606875,1.6620770138594596
lpJL9-mBNmk_00,49,4,3,913.1806023454507,-1.5707963267948966,2.034443935795731,1.7359450042095235,-2.303611428581406,0.0,-0.09999999999999432,-0.05000000000000426,0.10000000000000142,3_4,1.0,-0.029943910600763957,9999.0,153.43494882292038,128.55046529615754,0.20615528128087993
lpJL9-mBNmk_00,50,4,3,913.1406586610849,1.5707963267948966,-0.7853981633974483,1.7234456551901618,-2.034443935795707,0.0,0.5,0.10000000000000142,-0.10000000000000142,3_4,1.0,0.039943684365766785,22860.701839604968,135.0,144.68878656036654,0.6082762530298236
lpJL9-mBNmk_00,51,4,3,913.1357963085228,-1.5707963267948966,3.141592653589793,1.7539071440573815,-2.0988707752212568,0.0,-0.5500000000000114,-0.04999999999999716,0.0,3_4,1.0,0.004862352562099659,187797.11768046144,90.00000000000001,139.25208582413907,0.5522680508593741
lpJL9-mBNmk_00,52,4,3,913.1259017791577,-1.5707963267948966,0.0,1.7607846147136126,-1.965587446494653,0.0,-0.09999999999999432,0.0,0.0,3_4,1.0,0.00989452936505586,92285.9358024658,90.0,146.4946079973011,0.09999999999999432
lpJL9-mBNmk_00,53,4,3,913.0662626556739,-1.5707963267948966,0.0,1.7681918866447774,-1.9974238199217853,0.0,-0.09999999999999432,0.04999999999999716,0.0,3_4,1.0,0.05963912348386202,15309.853822763574,90.0,144.24611274556253,0.11180339887498314
lpJL9-mBNmk_00,54,4,3,913.2053616246458,1.5707963267948966,3.141592653589793,1.7107209973690138,-1.9974238199217746,0.0,0.9000000000000057,-0.04999999999999716,0.0,3_4,1.0,-0.13909896897189356,9999.0,90.0,147.53895214592802,0.9013878188660028
lpJL9-mBNmk_00,55,4,3,913.1756567057622,-1.5707963267948966,3.141592653589793,1.750649826587375,-1.9379701606131128,0.0,-0.8000000000000114,-0.05000000000000426,0.0,3_4,1.0,0.02970491888356719,30741.563721654617,90.00000000000001,148.6576425058123,0.8015609770940815
lpJL9-mBNmk_00,56,4,3,913.1259017791577,0.0,0.0,1.5707963267948966,-1.9379701606131166,0.0,0.0,0.05000000000000426,0.0,3_4,1.0,0.049754926604464345,18352.472088607723,0.0,158.96248897457815,0.05000000000000426
lpJL9-mBNmk_00,57,4,3,913.1357963085228,1.5707963267948966,0.0,1.5707963267948966,-2.0899424410414165,0.0,0.09999999999999432,0.0,0.0,3_4,1.0,-0.00989452936505586,9999.0,90.0,150.25511870305795,0.09999999999999432
lpJL9-mBNmk_00,58,4,3,913.1259017791577,-1.5707963267948966,0.0,1.741531538270179,-2.0032041023654408,0.0,-0.09999999999999432,0.0,0.0,3_4,1.0,0.00989452936505586,92285.9358024658,90.0,145.44245239936046,0.09999999999999432
lpJL9-mBNmk_00,59,4,3,913.1756567057622,1.5707963267948966,2.034443935795731,1.5707963267948966,-2.3086113869153575,0.0,0.09999999999999432,-0.05000000000000426,0.10000000000000142,3_4,1.0,-0.049754926604464345,9999.0,26.565051177079624,137.72631099390648,0.05000000000000426
lpJL9-mBNmk_00,60,4,3,913.0864321081548,-1.5707963267948966,-0.7853981633973773,1.5707963267948966,-2.098870775221262,0.0,-0.44999999999998863,0.05000000000000426,-0.04999999999999716,3_4,1.0,0.0892245976074264,10233.572989878703,45.00000000000406,149.7435628364704,0.4031128874149195
lpJL9-mBNmk_00,61,4,3,913.1012129003005,1.5707963267948966,0.0,1.5707963267948966,-2.1995926132103305,0.0,0.15000000000000568,0.0,0.0,3_4,1.0,-0.014780792145757005,9999.0,90.0,143.97262661489634,0.15000000000000568
lpJL9-mBNmk_00,62,4,3,913.1608360524448,1.5707963267948966,3.141592653589793,1.5707963267948966,-2.214297435588189,0.0,0.09999999999999432,-0.05000000000000426,0.0,3_4,1.0,-0.05962315214424052,9999.0,90.0,143.13010235415553,0.1118033988749863
lpJL9-mBNmk_00,63,4,3,913.0569437335221,-1.5707963267948966,0.7853981633973773,1.5707963267948966,-2.245537269018447,0.0,-0.5,0.05000000000000426,0.04999999999999716,3_4,1.0,0.10389231892270345,8788.493251487074,134.99999999999594,141.34019174591003,0.5522680508593606
lpJL9-mBNmk_00,64,4,3,913.0373390502713,-1.5707963267948966,-1.5707963267948966,1.5707963267948966,-2.1815222911841072,0.0,-0.25,0.0,-0.04999999999999716,3_4,1.0,0.019604683250804555,46572.4096313977,0.0,145.00797980144122,0.20000000000000284
lpJL9-mBNmk_00,65,4,3,913.0373390502713,0.0,0.0,1.5707963267948966,-2.297438667476625,0.0,0.0,0.0,0.0,3_4,1.0,-0.0,9999.0,0.0,138.36646066342962,0.0
lpJL9-mBNmk_00,66,4,3,913.0471359683464,1.5707963267948966,0.0,1.5707963267948966,-2.297438667476625,0.0,0.09999999999999432,0.0,0.0,3_4,1.0,-0.009796918075153371,9999.0,90.0,138.36646066342962,0.09999999999999432
lpJL9-mBNmk_00,67,4,3,913.106702417631,1.5707963267948966,2.356194490192416,1.5707963267948966,-2.4668517113662425,0.0,0.15000000000000568,-0.05000000000000426,0.04999999999999716,3_4,1.0,-0.05956644928460264,9999.0,45.00000000000406,128.65980825408997,0.11180339887499902
lpJL9-mBNmk_00,68,4,3,913.0618516836633,0.0,-0.7853981633973773,-1.5707963267948966,1.5707963267948966,0.0,0.0,0.05000000000000426,-0.04999999999999716,3_4,1.0,0.044850733967678025,20357.790629283067,44.99999999999594,180.0,0.07071067811865576
lpJL9-mBNmk_00,69,4,3,913.0569437335221,0.0,1.5707963267948966,-1.5707963267948966,0.0,0.0,0.0,0.0,0.04999999999999716,3_4,1.0,0.004907950141273432,186036.3119941185,90.0,90.0,0.04999999999999716
lpJL9-mBNmk_00,70,4,3,913.1460397986732,1.5707963267948966,3.141592653589793,-1.5707963267948966,2.356194490192345,0.0,0.4000000000000057,-0.05000000000000426,0.0,3_4,1.0,-0.089096065151125,9999.0,90.0,135.0,0.4031128874149337
lpJL9-mBNmk_00,71,4,3,913.1116101003207,-1.5707963267948966,-1.5707963267948966,-1.5707963267948966,2.356194490192416,0.0,-0.4000000000000057,0.0,-0.05000000000000426,3_4,1.0,0.034429698352482774,26521.045893347913,0.0,134.99999999999594,0.3500000000000014
lpJL9-mBNmk_00,72,4,3,913.1859462891443,1.5707963267948966,3.141592653589793,-1.5707963267948966,2.6779450445890154,0.0,0.25,-0.04999999999999716,0.0,3_4,1.0,-0.07433618882362225,9999.0,90.0,116.56505117707637,0.25495097567963865
lpJL9-mBNmk_00,73,4,3,913.1859462891443,0.0,0.0,-1.5707963267948966,2.819842099193165,0.0,0.0,0.0,0.0,3_4,1.0,-0.0,9999.0,0.0,108.4349488229212,0.0
lpJL9-mBNmk_00,74,4,3,913.1214336001538,-1.5707963267948966,0.0,-1.5707963267948966,2.356194490192416,0.0,-0.15000000000000568,0.04999999999999716,0.0,3_4,1.0,0.0645126889905896,14154.13692852502,90.0,134.99999999999594,0.15811388300842347
lpJL9-mBNmk_00,75,4,3,913.2357034194404,1.5707963267948966,3.141592653589793,-1.5707963267948966,2.677945044588987,0.0,0.15000000000000568,-0.09999999999999432,0.0,3_4,1.0,-0.11426981928661917,9999.0,90.0,116.56505117707799,0.18027756377320103
lpJL9-mBNmk_00,76,4,3,913.2357034194404,0.0,0.0,-1.5707963267948966,2.819842099193165,0.0,0.0,0.0,0.0,3_4,1.0,-0.0,9999.0,0.0,108.4349488229212,0.0
lpJL9-mBNmk_00,77,4,3,913.220949442138,-1.5707963267948966,0.0,-1.5707963267948966,2.819842099193165,0.0,-0.15000000000000568,0.0,0.0,3_4,1.0,0.014753977302348176,61896.59443876154,90.0,108.4349488229212,0.15000000000000568
lpJL9-mBNmk_00,78,4,3,913.2702242490992,1.5707963267948966,0.0,0.0,2.819842099193165,0.0,0.5,0.0,0.0,3_4,1.0,-0.04927480696119346,9999.0,90.0,161.5650511770788,0.5
lpJL9-mBNmk_00,79,4,3,913.1957963657082,-1.5707963267948966,0.0,-1.5707963267948966,-2.356194490192274,0.0,-0.25,0.04999999999999716,0.0,3_4,1.0,0.07442788339096751,12269.538709957897,90.0,44.99999999999593,0.25495097567963865
lpJL9-mBNmk_00,80,4,3,913.2357034194404,-1.5707963267948966,3.141592653589793,0.0,-3.1415926535897456,0.0,-0.09999999999999432,-0.04999999999999716,0.0,3_4,1.0,-0.03990705373212222,9999.0,90.00000000000001,179.99999999999727,0.11180339887498314
lpJL9-mBNmk_00,81,4,3,913.6933634978423,0.19739555984986984,0.0,-0.09966865249118455,-3.141592653589722,0.5,0.09999999999999432,0.04999999999999716,0.0,3_4,1.0,-0.4576600784018865,9999.0,11.30993247401959,174.28940686249499,0.46097722286464593
lpJL9-mBNmk_00,82,4,3,913.1957963657082,3.141592653589793,0.0,-1.5707963267948966,-3.141592653589651,-0.5,0.0,0.0,0.0,3_4,1.0,0.4975671321340087,1835.3217835131425,180.0,89.99999999999186,0.5
lpJL9-mBNmk_00,83,4,3,913.1613685433698,-1.5707963267948966,0.0,0.0,-2.6779450445889585,0.0,-0.3499999999999943,0.0,0.0,3_4,1.0,0.03442782233844355,26523.936354920002,90.0,153.43494882292038,0.3499999999999943
lpJL9-mBNmk_00,84,4,3,913.2258647235086,1.5707963267948966,3.141592653589793,1.5707963267948966,-3.1415926535897456,0.0,0.15000000000000568,-0.04999999999999716,0.0,3_4,1.0,-0.06449618013880354,9999.0,90.0,90.00000000000276,0.15811388300842347
lpJL9-mBNmk_00,85,4,3,913.1613685433698,-1.5707963267948966,0.0,1.5707963267948966,-3.141592653589722,0.0,-0.15000000000000568,0.04999999999999716,0.0,3_4,1.0,0.06449618013880354,14158.379094360886,90.0,90.00000000000408,0.15811388300842347
lpJL9-mBNmk_00,86,4,3,913.1613685433698,0.0,0.0,1.5707963267948966,-3.141592653589722,0.0,0.0,0.0,0.0,3_4,1.0,-0.0,9999.0,0.0,90.00000000000408,0.0
lpJL9-mBNmk_00,87,4,3,913.2854605762648,1.5707963267948966,3.141592653589793,1.5707963267948966,-2.8198420991931226,0.0,0.25,-0.10000000000000142,0.0,3_4,1.0,-0.12409203289496418,9999.0,90.0,108.43494882292364,0.26925824035672574
lpJL9-mBNmk_00,88,4,3,913.2307827159573,0.0,0.7853981633974483,1.5707963267948966,2.819842099193165,0.0,0.0,0.05000000000000426,0.05000000000000426,3_4,1.0,0.054677860307492665,16702.021212611617,45.0,71.5650511770788,0.07071067811866079
lpJL9-mBNmk_00,89,4,3,913.1964137029886,-1.5707963267948966,0.0,-1.5707963267948966,3.141592653589793,0.0,-0.3499999999999943,0.0,0.0,3_4,1.0,0.034369012968682,26570.341561310433,90.0,90.00000000000001,0.3499999999999943
lpJL9-mBNmk_00,0,5,3,680.8776431929601,0.0,0.0,0.0,0.0,,,,,3_5,,0.0,9999.0,0.0,0.0,0.0
lpJL9-mBNmk_00,1,5,3,680.8776431929601,0.0,0.0,0.0,0.0,0.0,0.0,0.0,0.0,3_5,1.0,-0.0,9999.0,0.0,0.0,0.0
lpJL9-mBNmk_00,2,5,3,680.9226626423886,0.0,-1.5707963267948966,0.0,-1.5707963267948966,0.0,0.0,0.0,-0.04999999999999716,3_5,1.0,-0.045019449428423286,9999.0,90.0,90.0,0.04999999999999716
lpJL9-mBNmk_00,3,5,3,680.9226626423886,0.0,0.0,0.0,-1.5707963267948966,0.0,0.0,0.0,0.0,3_5,1.0,-0.0,9999.0,0.0,90.0,0.0
lpJL9-mBNmk_00,4,5,3,680.9226626423886,0.0,0.0,0.0,-1.5707963267948966,0.0,0.0,0.0,0.0,3_5,1.0,-0.0,9999.0,0.0,90.0,0.0
lpJL9-mBNmk_00,5,5,3,680.8791614523094,0.0,0.0,0.0,-0.46364760900077767,0.0,0.0,0.10000000000000142,0.0,3_5,1.0,0.043501190079155094,15651.966307436107,0.0,26.565051177076366,0.10000000000000142
lpJL9-mBNmk_00,6,5,3,680.8791614523094,0.0,0.0,0.0,-0.4636476090007778,0.0,0.0,0.0,0.0,3_5,1.0,-0.0,9999.0,0.0,26.56505117707637,0.0
lpJL9-mBNmk_00,7,5,3,681.0097007385431,0.0,3.141592653589793,0.0,-0.7853981633974483,0.25,0.0,-0.05000000000000426,0.0,3_5,1.0,-0.13053928623367028,9999.0,180.0,45.0,0.30000000000000426
lpJL9-mBNmk_00,8,5,3,680.8776431929601,3.141592653589793,2.356194490192345,0.0,0.0,-0.25,0.0,-0.04999999999999716,0.04999999999999716,3_5,1.0,0.13205754558293847,5155.916234754918,45.0,0.0,0.20615528128088512
lpJL9-mBNmk_00,9,5,3,680.8776431929601,0.0,0.0,0.0,0.0,0.0,0.0,0.0,0.0,3_5,1.0,-0.0,9999.0,0.0,0.0,0.0
lpJL9-mBNmk_00,10,5,3,680.8776431929601,0.0,0.0,0.0,0.0,0.0,0.0,0.0,0.0,3_5,1.0,-0.0,9999.0,0.0,0.0,0.0
lpJL9-mBNmk_00,11,5,3,680.8776431929601,0.0,0.0,0.0,0.0,0.0,0.0,0.0,0.0,3_5,1.0,-0.0,9999.0,0.0,0.0,0.0
lpJL9-mBNmk_00,12,5,3,680.8776431929601,0.0,0.0,0.0,0.0,0.0,0.0,0.0,0.0,3_5,1.0,-0.0,9999.0,0.0,0.0,0.0
lpJL9-mBNmk_00,13,5,3,680.9864554453341,0.0,0.0,0.0,0.0,0.25,0.0,0.0,0.0,3_5,1.0,-0.108812252373923,9999.0,0.0,0.0,0.25
lpJL9-mBNmk_00,14,5,3,680.9864554453341,0.0,0.0,0.0,0.0,0.0,0.0,0.0,0.0,3_5,1.0,-0.0,9999.0,0.0,0.0,0.0
lpJL9-mBNmk_00,15,5,3,680.8776431929601,3.141592653589793,0.0,0.0,0.0,-0.25,0.0,0.0,0.0,3_5,1.0,0.108812252373923,6257.3619085945265,180.0,0.0,0.25
lpJL9-mBNmk_00,16,5,3,693.7754427766955,1.6704649792860586,0.0,1.6704649792860586,0.0,-1.5,15.0,0.0,0.0,3_5,1.0,-12.897799583735377,9999.0,95.71059313749964,95.71059313749964,15.074813431681335
lpJL9-mBNmk_00,17,5,3,680.8776431929601,-1.4711276743037345,0.0,0.0,0.0,1.5,-15.0,0.0,0.0,3_5,1.0,12.897799583735377,52.79021733688381,84.28940686250036,0.0,15.074813431681335
lpJL9-mBNmk_00,18,5,3,681.0314677017502,0.0,-1.5707963267948966,0.0,-1.5707963267948966,0.25,0.0,0.0,-0.04999999999999716,3_5,1.0,-0.15382450879008047,9999.0,90.0,90.0,0.25495097567963865
lpJL9-mBNmk_00,19,5,3,681.0532376400541,0.0,0.0,0.0,-1.5707963267948966,0.05000000000001137,0.0,0.0,0.0,3_5,1.0,-0.021769938303918934,9999.0,0.0,90.0,0.05000000000001137
lpJL9-mBNmk_00,20,5,3,681.0967864408112,0.0,0.0,0.0,-0.46364760900077767,0.19999999999998863,0.0,0.10000000000000142,0.0,3_5,1.0,-0.043548800757093886,9999.0,0.0,26.565051177076366,0.09999999999998721
lpJL9-mBNmk_00,21,5,3,682.0405944663412,1.5707963267948966,3.141592653589793,1.1071487177940904,-1.5707963267948966,0.0,1.0,-0.10000000000000142,0.0,3_5,1.0,-0.943808025529961,9999.0,90.0,153.434948822922,1.0049875621120892
lpJL9-mBNmk_00,22,5,3,681.329422893214,-2.356194490192345,0.0,1.5707963267948966,0.0,-0.5,-0.5,0.10000000000000142,0.0,3_5,1.0,0.711171573127217,958.0380440365763,135.0,90.0,0.7810249675906665
lpJL9-mBNmk_00,23,5,3,681.1556521823775,3.141592653589793,3.141592653589793,2.356194490192345,0.0,-0.5,0.0,-0.10000000000000142,0.0,3_5,1.0,0.17377071083649298,3919.8530575345403,0.0,135.0,0.3999999999999986
lpJL9-mBNmk_00,24,5,3,681.372895337054,0.0,0.0,1.5707963267948966,0.0,0.5,0.0,0.0,0.0,3_5,1.0,-0.21724315467656652,9999.0,0.0,90.0,0.5
lpJL9-mBNmk_00,25,5,3,681.372895337054,0.0,0.0,1.5707963267948966,3.141592653589793,0.0,0.0,0.0,0.0,3_5,1.0,-0.0,9999.0,0.0,90.0,0.0
lpJL9-mBNmk_00,26,5,3,681.177363100096,3.141592653589793,3.141592653589793,2.356194490192345,3.141592653589793,-0.5,0.0,-0.04999999999999716,0.0,3_5,1.0,0.1955322369580017,3483.70874131822,0.0,45.0,0.45000000000000284
lpJL9-mBNmk_00,27,5,3,681.177363100096,0.0,0.0,2.5535900500422253,3.141592653589793,0.0,0.0,0.0,0.0,3_5,1.0,-0.0,9999.0,0.0,33.6900675259798,0.0
lpJL9-mBNmk_00,28,5,3,681.2207938693592,0.0,3.141592653589722,2.356194490192345,-2.819842099193208,0.0,0.0,-0.10000000000000142,7.105427357601002e-15,3_5,1.0,-0.0434307692631819,9999.0,179.99999999999594,63.43494882291875,0.10000000000000142
lpJL9-mBNmk_00,29,5,3,681.2441155709163,0.0,-0.7853981633975192,2.356194490192345,-2.3561944901923093,0.0,0.0,0.05000000000000426,-0.05000000000001137,3_5,1.0,-0.02332170155705171,9999.0,45.00000000000406,90.00000000000205,0.0707106781186658
lpJL9-mBNmk_00,30,5,3,680.8154907902727,-1.5707963267948966,3.141592653589793,3.141592653589793,-2.5535900500422146,0.0,-0.5,-0.05000000000000426,0.0,3_5,1.0,0.42862478064353127,1588.3717450216152,90.00000000000001,33.690067525980425,0.5024937810560449
lpJL9-mBNmk_00,35,5,3,680.7471667219776,-1.5707963267948966,2.0344439357957027,3.141592653589793,3.1415926535897576,0.0,-0.5,-0.05000000000000426,0.10000000000000853,3_5,5.0,0.013664813659033825,49817.522851614944,153.434948822922,2.0355549961366507e-12,0.12041594578792474
lpJL9-mBNmk_00,36,5,3,680.7254310660062,0.0,-1.4210854715200792e-13,-1.5042281630190728,3.141592653589793,0.0,0.0,0.05000000000000426,-7.105427357601002e-15,3_5,1.0,0.021735655971383494,31318.37529827619,8.142219984545908e-12,93.81407483429034,0.05000000000000426
lpJL9-mBNmk_00,37,5,3,681.2828432450065,0.7853981633974483,0.3217505543966706,1.5707963267948966,1.5707963267948966,0.5,0.5,0.14999999999999858,0.05000000000000426,3_5,1.0,-0.5574121790002664,9999.0,26.565051177076366,0.0,0.5700877125495665
lpJL9-mBNmk_00,38,5,3,681.371356163436,0.0,-2.67794504458893,2.0344439357957027,3.141592653589793,0.0,0.0,-0.09999999999999432,-0.05000000000000426,3_5,1.0,-0.08851291842950104,9999.0,153.43494882291876,63.43494882292201,0.1118033988749863
lpJL9-mBNmk_00,39,5,3,681.3061297977583,0.0,4.73695157173427e-14,2.1112158270654975,1.4210854715202814e-13,0.0,0.0,0.14999999999999147,7.105427357601002e-15,3_5,1.0,0.06522636567763129,10445.25664920505,2.714073328182355e-12,120.96375653206634,0.14999999999999147
lpJL9-mBNmk_00,40,5,3,681.3496110661545,0.0,-3.141592653589722,2.356194490192345,3.141592653589793,0.0,0.0,-0.09999999999999432,-7.105427357601002e-15,3_5,1.0,-0.04348126839613542,9999.0,179.99999999999594,45.0,0.09999999999999432
lpJL9-mBNmk_00,41,5,3,680.9226626423886,-1.5707963267948966,-0.7853981633974483,-2.0344439357957027,-1.5707963267948966,0.0,-0.5,0.04999999999999716,-0.04999999999999716,3_5,1.0,0.42694842376590714,1594.8592962032662,45.0,26.565051177077994,0.45276925690687336
lpJL9-mBNmk_00,42,5,3,681.327868944167,1.5707963267948966,1.5707963267948966,0.0,1.5707963267948966,0.0,0.5,0.0,0.04999999999999716,3_5,1.0,-0.40520630177843486,9999.0,0.0,90.0,0.45000000000000284
lpJL9-mBNmk_00,43,5,3,680.8139319961072,-2.0344439357957027,-1.5707963267948966,-1.1071487177940904,0.0,-0.25,-0.5,0.0,-0.04999999999999716,3_5,1.0,0.5139369480598361,1324.7032239387506,26.565051177077994,63.43494882292201,0.5147815070493525
lpJL9-mBNmk_00,44,5,3,680.8806980668493,0.0,-2.356194490192345,-2.0344439357957027,-2.819842099193165,0.0,0.0,-0.04999999999999716,-0.04999999999999716,3_5,1.0,-0.06676607074211915,9999.0,135.0,45.00000000000081,0.07071067811865074
lpJL9-mBNmk_00,45,5,3,681.0127036260044,0.0,-0.7853981633975192,-1.5707963267948966,-1.5707963267948966,0.25,0.0,0.04999999999999716,-0.05000000000000426,3_5,1.0,-0.13200555915511814,9999.0,45.00000000000406,0.0,0.2061552812808868
lpJL9-mBNmk_00,46,5,3,681.1214943018609,0.0,0.0,-0.5880026035475676,-2.356194490192345,0.25,0.0,0.0,0.0,3_5,1.0,-0.10879067585653956,9999.0,0.0,101.3099324740202,0.25
lpJL9-mBNmk_00,47,5,3,681.0997302157739,0.0,0.0,-0.5880026035475676,-1.1071487177941188,0.0,0.0,0.04999999999999716,0.0,3_5,1.0,0.021764086087046053,31294.662568954056,0.0,29.744881296943845,0.04999999999999716
lpJL9-mBNmk_00,48,5,3,682.6461015782629,1.5707963267948966,-2.3036114285813984,0.5880026035475676,-2.1587989303424613,0.0,1.0,-0.44999999999999574,-0.5,3_5,1.0,-1.546371362489026,9999.0,138.01278750418362,157.3801350519594,1.5660459763365813
lpJL9-mBNmk_00,49,5,3,682.0188413819666,-2.0344439357957027,2.034443935795731,0.0,-2.303611428581406,-0.25,-0.5,-0.05000000000000426,0.10000000000000142,3_5,1.0,0.6272601962963336,1087.298134663982,126.86989764584239,131.98721249581683,0.6324555320336759
lpJL9-mBNmk_00,50,5,3,682.1741438225288,0.0,-0.7853981633974483,0.5880026035475676,-2.034443935795707,0.25,0.0,0.10000000000000142,-0.10000000000000142,3_5,1.0,-0.15530244056219544,9999.0,45.0,150.25511870305806,0.18027756377319906
lpJL9-mBNmk_00,51,5,3,682.0871370286937,3.141592653589793,3.141592653589793,0.0,-2.0988707752212568,-0.25,0.0,-0.04999999999999716,0.0,3_5,1.0,0.0870067938350303,7839.469850158699,0.0,120.2564371635293,0.20000000000000284
lpJL9-mBNmk_00,52,5,3,682.0871370286937,0.0,0.0,0.0,-1.965587446494653,0.0,0.0,0.0,0.0,3_5,1.0,-0.0,9999.0,0.0,112.61986494804013,0.0
lpJL9-mBNmk_00,53,5,3,681.9567160018296,3.141592653589793,0.0,1.1071487177940904,-1.9974238199217853,-0.25,0.0,0.04999999999999716,0.0,3_5,1.0,0.13042102686415546,5228.8862647289625,180.0,177.87890360333927,0.29999999999999716
lpJL9-mBNmk_00,54,5,3,681.8698281197079,3.141592653589793,3.141592653589793,0.0,-1.9974238199217746,-0.25,0.0,-0.04999999999999716,0.0,3_5,1.0,0.08688788212168674,7847.697647466503,0.0,114.44395478041665,0.20000000000000284
lpJL9-mBNmk_00,55,5,3,681.8915456287752,0.0,3.141592653589793,1.5707963267948966,-1.9379701606131128,0.0,0.0,-0.05000000000000426,0.0,3_5,1.0,-0.0217175090673436,9999.0,180.0,158.96248897457835,0.05000000000000426
lpJL9-mBNmk_00,56,5,3,681.8698281197079,0.0,0.0,1.5707963267948966,-1.9379701606131166,0.0,0.0,0.05000000000000426,0.0,3_5,1.0,0.0217175090673436,31397.239250841558,0.0,158.96248897457815,0.05000000000000426
lpJL9-mBNmk_00,57,5,3,681.8698281197079,0.0,0.0,3.141592653589793,-2.0899424410414165,0.0,0.0,0.0,0.0,3_5,1.0,-0.0,9999.0,0.0,60.25511870305796,0.0
lpJL9-mBNmk_00,58,5,3,681.8698281197079,0.0,0.0,3.141592653589793,-2.0032041023654408,0.0,0.0,0.0,0.0,3_5,1.0,-0.0,9999.0,0.0,65.22485943116772,0.0
lpJL9-mBNmk_00,59,5,3,681.3676320460197,3.141592653589793,2.034443935795731,3.141592653589793,-2.3086113869153575,-1.0,0.0,-0.05000000000000426,0.10000000000000142,3_5,1.0,0.5021960736881965,1356.7761034887485,63.434948822920376,47.7263109939065,0.9552486587271358
lpJL9-mBNmk_00,60,5,3,681.3910367769744,0.0,-0.7853981633973773,3.141592653589793,-2.098870775221262,0.0,0.0,0.05000000000000426,-0.04999999999999716,3_5,1.0,-0.023404730954666775,9999.0,44.99999999999594,59.74356283647041,0.07071067811865576
lpJL9-mBNmk_00,61,5,3,681.1572835990231,-0.7853981633974483,0.0,3.141592653589793,-2.1995926132103305,0.5,-0.5,0.0,0.0,3_5,1.0,0.23375317795125738,2914.002237612612,45.0,53.972626614896356,0.7071067811865476
lpJL9-mBNmk_00,62,5,3,681.0704992877022,3.141592653589793,3.141592653589793,-2.761086276477428,-2.214297435588189,-0.25,0.0,-0.05000000000000426,0.0,3_5,1.0,0.08678431132091191,7847.852784925984,0.0,31.328692867803714,0.19999999999999574
lpJL9-mBNmk_00,63,5,3,681.4543051445196,1.5707963267948966,0.7853981633973773,2.677945044588987,-2.245537269018447,0.0,0.5,0.05000000000000426,0.04999999999999716,3_5,1.0,-0.3838058568173892,9999.0,45.00000000000406,77.90524292298802,0.45276925690687414
lpJL9-mBNmk_00,64,5,3,681.6077647738471,0.0,-1.5707963267948966,2.5535900500422253,-2.1815222911841072,0.25,0.0,0.0,-0.04999999999999716,3_5,1.0,-0.1534596293274717,9999.0,90.0,88.69804732742104,0.25495097567963865
lpJL9-mBNmk_00,65,5,3,681.6077647738471,0.0,0.0,2.677945044588987,-2.297438667476625,0.0,0.0,0.0,0.0,3_5,1.0,-0.0,9999.0,0.0,74.93151184050761,0.0
lpJL9-mBNmk_00,66,5,3,682.0421138023663,0.0,0.0,2.0344439357957027,-2.297438667476625,1.0,0.0,0.0,0.0,3_5,1.0,-0.43434902851925017,9999.0,0.0,111.80140948635162,1.0
lpJL9-mBNmk_00,67,5,3,682.0188413819666,0.0,2.356194490192416,2.0344439357957027,-2.4668517113662425,0.0,0.0,-0.05000000000000426,0.04999999999999716,3_5,1.0,0.023272420399734983,29305.883516513528,135.00000000000406,102.09475707701199,0.07071067811865576
lpJL9-mBNmk_00,68,5,3,681.7162404549271,3.141592653589793,-0.7853981633973773,-2.677945044588987,1.5707963267948966,-0.75,0.0,0.05000000000000426,-0.04999999999999716,3_5,1.0,0.3026009270395207,2252.8557566708732,135.00000000000406,116.56505117707799,0.8015609770940739
lpJL9-mBNmk_00,69,5,3,681.6711963989677,0.0,1.5707963267948966,3.141592653589793,0.0,0.0,0.0,0.0,0.04999999999999716,3_5,1.0,0.04504405595935168,15133.432855471903,90.0,180.0,0.04999999999999716
lpJL9-mBNmk_00,70,5,3,682.0188413819666,0.0,3.141592653589793,3.141592653589793,2.356194490192345,0.75,0.0,-0.05000000000000426,0.0,3_5,1.0,-0.34764498299887236,9999.0,180.0,45.0,0.8000000000000043
lpJL9-mBNmk_00,71,5,3,682.0638624791669,0.0,-1.5707963267948966,0.0,2.356194490192416,0.0,0.0,0.0,-0.05000000000000426,3_5,1.0,-0.045021097200333315,9999.0,90.0,135.00000000000406,0.05000000000000426
lpJL9-mBNmk_00,72,5,3,681.6511461150784,3.141592653589793,3.141592653589793,3.141592653589793,2.6779450445890154,-1.0,0.0,-0.04999999999999716,0.0,3_5,1.0,0.4127163640885101,1651.6213201783617,0.0,26.56505117707637,0.9500000000000028
lpJL9-mBNmk_00,73,5,3,681.6511461150784,0.0,0.0,3.141592653589793,2.819842099193165,0.0,0.0,0.0,0.0,3_5,1.0,-0.0,9999.0,0.0,18.434948822921196,0.0
lpJL9-mBNmk_00,74,5,3,681.7379445212067,0.0,0.0,3.141592653589793,2.356194490192416,0.25,0.0,0.04999999999999716,0.0,3_5,1.0,-0.08679840612830958,9999.0,0.0,44.99999999999593,0.20000000000000284
lpJL9-mBNmk_00,75,5,3,681.7813615815556,0.0,3.141592653589793,3.141592653589793,2.677945044588987,0.0,0.0,-0.09999999999999432,0.0,3_5,1.0,-0.043417060348929226,9999.0,180.0,26.565051177077994,0.09999999999999432
lpJL9-mBNmk_00,76,5,3,681.6728412515787,3.141592653589793,0.0,3.141592653589793,2.819842099193165,-0.25,0.0,0.0,0.0,3_5,1.0,0.1085203299769546,6281.522009713192,180.0,18.434948822921196,0.25
lpJL9-mBNmk_00,77,5,3,681.7813615815556,0.0,0.0,3.141592653589793,2.819842099193165,0.25,0.0,0.0,0.0,3_5,1.0,-0.1085203299769546,9999.0,0.0,18.434948822921196,0.25
lpJL9-mBNmk_00,78,5,3,681.759651563511,3.141592653589793,0.0,3.141592653589793,2.819842099193165,-0.05000000000001137,0.0,0.0,0.0,3_5,1.0,0.021710018044586832,31402.997923048744,180.0,18.434948822921196,0.05000000000001137
lpJL9-mBNmk_00,79,5,3,681.6511461150784,3.141592653589793,0.0,0.0,-2.356194490192274,-0.19999999999998863,0.0,0.04999999999999716,0.0,3_5,1.0,0.10850544843265197,6282.183576598654,180.0,134.99999999999594,0.2499999999999858
lpJL9-mBNmk_00,80,5,3,681.6728412515787,0.0,3.141592653589793,0.0,-3.1415926535897456,0.0,0.0,-0.04999999999999716,0.0,3_5,1.0,-0.021695136500284207,9999.0,180.0,179.99999999999727,0.04999999999999716
lpJL9-mBNmk_00,81,5,3,681.6511461150784,0.0,0.0,1.5707963267948966,-3.141592653589722,0.0,0.0,0.04999999999999716,0.0,3_5,1.0,0.021695136500284207,31419.53709791818,0.0,90.00000000000408,0.04999999999999716
lpJL9-mBNmk_00,82,5,3,681.6511461150784,0.0,0.0,1.1071487177940904,-3.141592653589651,0.0,0.0,0.0,0.0,3_5,1.0,-0.0,9999.0,0.0,116.56505117708613,0.0
lpJL9-mBNmk_00,83,5,3,681.6511461150784,0.0,0.0,0.0,-2.6779450445889585,0.0,0.0,0.0,0.0,3_5,1.0,-0.0,9999.0,0.0,153.43494882292038,0.0
lpJL9-mBNmk_00,84,5,3,681.6728412515787,0.0,3.141592653589793,0.0,-3.1415926535897456,0.0,0.0,-0.04999999999999716,0.0,3_5,1.0,-0.021695136500284207,9999.0,180.0,179.99999999999727,0.04999999999999716
lpJL9-mBNmk_00,85,5,3,681.6511461150784,0.0,0.0,0.0,-3.141592653589722,0.0,0.0,0.04999999999999716,0.0,3_5,1.0,0.021695136500284207,31419.53709791818,0.0,179.99999999999594,0.04999999999999716
lpJL9-mBNmk_00,86,5,3,681.6511461150784,0.0,0.0,3.141592653589793,-3.141592653589722,0.0,0.0,0.0,0.0,3_5,1.0,-0.0,9999.0,0.0,4.085143410870372e-12,0.0
lpJL9-mBNmk_00,87,5,3,681.4776922247712,3.141592653589793,3.141592653589793,3.141592653589793,-2.8198420991931226,-0.5,0.0,-0.10000000000000142,0.0,3_5,1.0,0.1734538903072007,3928.869459300219,0.0,18.43494882292365,0.3999999999999986
lpJL9-mBNmk_00,88,5,3,681.4109626356184,0.0,0.7853981633974483,3.141592653589793,2.819842099193165,0.0,0.0,0.05000000000000426,0.05000000000000426,3_5,1.0,0.06672958915282834,10211.526420086415,45.0,18.434948822921196,0.07071067811866079
lpJL9-mBNmk_00,89,5,3,681.4109626356184,0.0,0.0,3.141592653589793,3.141592653589793,0.0,0.0,0.0,0.0,3_5,1.0,-0.0,9999.0,0.0,0.0,0.0
lpJL9-mBNmk_00,0,6,3,652.9115579464036,0.0,0.0,0.0,0.0,,,,,3_6,,0.0,9999.0,0.0,0.0,0.0
lpJL9-mBNmk_00,1,6,3,652.6523308776274,3.141592653589793,0.0,3.141592653589793,0.0,-0.75,0.0,0.0,0.0,3_6,1.0,0.2592270687762266,2517.6858804086487,180.0,180.0,0.75
lpJL9-mBNmk_00,2,6,3,653.0450386458808,0.0,-1.5707963267948966,0.0,-1.5707963267948966,1.0,0.0,0.0,-0.04999999999999716,3_6,1.0,-0.39270776825344456,9999.0,90.0,90.0,1.001249219725039
lpJL9-mBNmk_00,3,6,3,651.1829620006961,-3.0187574147118985,0.0,-3.0107652575157364,-1.5707963267948966,-4.050000000000011,-0.5,0.0,0.0,3_6,1.0,1.862076645184743,349.70792619338715,172.96205923681535,82.50414236027015,4.080747480548152
lpJL9-mBNmk_00,4,6,3,651.1829620006961,0.0,0.0,-3.0107652575157364,-1.5707963267948966,0.0,0.0,0.0,0.0,3_6,1.0,-0.0,9999.0,0.0,82.50414236027015,0.0
lpJL9-mBNmk_00,5,6,3,649.9129268602064,3.141592653589793,0.0,-3.074579055544988,-0.46364760900077767,-3.6499999999999773,0.0,0.10000000000000142,0.0,3_6,1.0,1.2700351404896537,511.7283027378571,180.0,149.59535248497016,3.7499999999999787
lpJL9-mBNmk_00,6,6,3,649.9129268602064,0.0,0.0,-3.074579055544988,-0.4636476090007778,0.0,0.0,0.0,0.0,3_6,1.0,-0.0,9999.0,0.0,149.59535248497016,0.0
lpJL9-mBNmk_00,7,6,3,651.850928126976,0.0,3.141592653589793,-2.8706458032513744,-0.7853981633974483,5.649999999999977,0.0,-0.05000000000000426,0.0,3_6,1.0,-1.938001266769561,9999.0,180.0,119.47588900324585,5.6999999999999815
lpJL9-mBNmk_00,8,6,3,652.3386333032867,0.0,2.356194490192345,-2.1112158270654975,0.0,1.5,0.0,-0.04999999999999716,0.04999999999999716,3_6,1.0,-0.48770517631066923,9999.0,135.0,120.96375653207448,1.5508062419270792
lpJL9-mBNmk_00,9,6,3,652.1830762906992,3.141592653589793,0.0,-2.5535900500422253,0.0,-0.44999999999998863,0.0,0.0,0.0,3_6,1.0,0.15555701258745103,4192.566220208523,180.0,146.3099324740202,0.44999999999998863
lpJL9-mBNmk_00,10,6,3,652.9808132709567,0.4844779290370282,0.0,0.0,0.0,0.9499999999999886,0.5,0.0,0.0,3_6,1.0,-0.7977369802574685,9999.0,27.758540601060314,0.0,1.0735455276791843
lpJL9-mBNmk_00,11,6,3,653.0847973272689,0.0,0.0,0.0,0.0,0.30000000000001137,0.0,0.0,0.0,3_6,1.0,-0.1039840563122425,9999.0,0.0,0.0,0.30000000000001137
lpJL9-mBNmk_00,12,6,3,653.0847973272689,0.0,0.0,0.0,0.0,0.0,0.0,0.0,0.0,3_6,1.0,-0.0,9999.0,0.0,0.0,0.0
lpJL9-mBNmk_00,13,6,3,653.1889026154685,0.0,0.0,0.0,0.0,0.30000000000001137,0.0,0.0,0.0,3_6,1.0,-0.10410528819954834,9999.0,0.0,0.0,0.30000000000001137
lpJL9-mBNmk_00,14,6,3,653.0847973272689,3.141592653589793,0.0,0.0,0.0,-0.30000000000001137,0.0,0.0,0.0,3_6,1.0,0.10410528819954834,6273.310497689995,180.0,0.0,0.30000000000001137
lpJL9-mBNmk_00,15,6,3,655.2207757695111,1.2120256565243244,0.0,1.0121970114513341,0.0,0.75,2.0,0.0,0.0,3_6,1.0,-2.1359784422421626,9999.0,69.44395478041653,57.9946167919165,2.1360009363293826
lpJL9-mBNmk_00,16,6,3,655.7070935257601,1.471127674303712,0.0,1.0912770348022969,0.0,0.05000000000001137,0.5,0.0,0.0,3_6,1.0,-0.4863177562490364,9999.0,84.28940686249906,62.52556837372266,0.5024937810560456
lpJL9-mBNmk_00,17,6,3,654.3524317980334,-1.4711276743037496,0.0,0.60374933339744,0.0,0.14999999999997726,-1.5,0.0,0.0,3_6,1.0,1.3546617277266932,483.03751291189565,84.28940686250122,34.59228868751015,1.5074813431681313
lpJL9-mBNmk_00,18,6,3,652.5760281377183,-2.2455372690184445,-1.5707963267948966,-1.1071487177940904,-1.5707963267948966,-1.1999999999999886,-1.5,0.0,-0.04999999999999716,3_6,1.0,1.776403660315168,367.3579618845971,38.65980825408982,26.565051177077994,1.882153022471866
lpJL9-mBNmk_00,19,6,3,650.1991233460716,3.141592653589793,0.0,-3.067103863375911,-1.5707963267948966,-6.949999999999989,0.0,0.0,0.0,3_6,1.0,2.376904791646666,273.54866111218035,180.0,85.73210669970918,6.949999999999989
lpJL9-mBNmk_00,20,6,3,649.6277164653615,3.141592653589793,0.0,-3.0814244024347834,-0.46364760900077767,-1.6000000000000227,0.0,0.10000000000000142,0.0,3_6,1.0,0.5714068807101285,1136.8916588089076,180.0,149.98756197105843,1.7000000000000242
lpJL9-mBNmk_00,21,6,3,649.5272896499423,3.141592653589793,3.141592653589793,-3.0787823009356923,-1.5707963267948966,-0.39999999999997726,0.0,-0.10000000000000142,0.0,3_6,1.0,0.10042681541915499,6467.667892673755,0.0,86.4012318831917,0.29999999999997584
lpJL9-mBNmk_00,22,6,3,653.1837279816453,0.052860762242514715,0.0,0.0,0.0,9.449999999999989,0.5,0.10000000000000142,0.0,3_6,1.0,-3.6564383317030433,9999.0,3.02869857834059,0.0,9.363359439859167
lpJL9-mBNmk_00,23,6,3,656.7613417368595,1.35970299357215,3.141592653589793,0.6465131478772342,0.0,0.75,3.5,-0.10000000000000142,0.0,3_6,1.0,-3.5776137552142018,9999.0,102.0947570770121,37.042474773082795,3.6017356926904007
lpJL9-mBNmk_00,24,6,3,656.3790235069979,-1.1071487177940904,0.0,0.5626380655973023,0.0,0.25,-0.5,0.0,0.0,3_6,1.0,0.382318229861653,1716.8394605313943,63.43494882292201,32.236786552130184,0.5590169943749475
lpJL9-mBNmk_00,25,6,3,655.9795823804275,-1.1902899496825512,0.0,0.30893074392374226,3.141592653589793,0.19999999999998863,-0.5,0.0,0.0,3_6,1.0,0.39944112657042297,1642.2434715539382,68.19859051364931,162.29957221133276,0.5385164807134462
lpJL9-mBNmk_00,26,6,3,655.5281534762638,-1.5707963267948966,3.141592653589793,0.2599401401885286,3.141592653589793,0.0,-0.5,-0.04999999999999716,0.0,3_6,1.0,0.451428904163663,1452.1182570059932,90.00000000000001,165.10652704115836,0.5024937810560443
lpJL9-mBNmk_00,27,6,3,655.0593942536815,-1.5707963267948966,0.0,0.48995732625372834,3.141592653589793,0.0,-0.5,0.0,0.0,3_6,1.0,0.46875922258232094,1397.4325468095585,90.0,151.92751306414704,0.5
lpJL9-mBNmk_00,28,6,3,656.5179224514743,1.5374753309166418,3.141592653589722,0.9894161429899945,-2.819842099193208,0.05000000000001137,1.5,-0.10000000000000142,7.105427357601002e-15,3_6,1.0,-1.4585281977928162,9999.0,91.90915243299274,141.74557964747973,1.5074813431681278
lpJL9-mBNmk_00,29,6,3,656.0786023793186,-1.5707963267948966,-0.7853981633975192,0.828849058788979,-2.3561944901923093,0.0,-0.5,0.05000000000000426,-0.05000000000001137,3_6,1.0,0.43932007215573776,1493.3954625836911,44.99999999999594,177.5104470780029,0.45276925690686
lpJL9-mBNmk_00,30,6,3,653.5782623374189,-1.7681918866447774,3.141592653589793,0.0,-2.5535900500422146,-0.5,-2.5,-0.05000000000000426,0.0,3_6,1.0,2.500340041899676,261.3957507319091,78.69006752597981,146.30993247401958,2.540177159176107
lpJL9-mBNmk_00,35,6,3,653.606534927551,0.0,2.0344439357957027,-1.3024301158889844,3.1415926535897576,0.30000000000001137,0.0,-0.05000000000000426,0.10000000000000853,3_6,5.0,-0.005654518026426558,9999.0,116.56505117707799,105.37625124882851,0.07280109889280865
lpJL9-mBNmk_00,36,6,3,653.4845254480017,3.141592653589793,-1.4210854715200792e-13,-1.4909663410826637,3.141592653589793,-0.30000000000001137,0.0,0.05000000000000426,-7.105427357601002e-15,3_6,1.0,0.12200947954931962,5356.014367587275,179.99999999999184,94.57392125990062,0.35000000000001563
lpJL9-mBNmk_00,37,6,3,652.2917215479589,-2.8706458032513744,0.3217505543966706,-2.4329663814621227,1.5707963267948966,-1.8000000000000114,-0.5,0.14999999999999858,0.05000000000000426,3_6,1.0,1.1928039000428043,546.8557920749179,177.08916217383052,130.6012946450045,2.0260799589354916
lpJL9-mBNmk_00,38,6,3,653.3800769842925,0.3120421215625312,-2.67794504458893,0.46364760900080615,3.141592653589793,1.5500000000000114,0.5,-0.09999999999999432,-0.05000000000000426,3_6,1.0,-1.0883554363335861,9999.0,171.31364541875996,153.434948822922,1.7392527130926154
lpJL9-mBNmk_00,39,6,3,653.310511931348,3.141592653589793,4.73695157173427e-14,0.06320683189746042,1.4210854715202814e-13,-0.05000000000001137,0.0,0.14999999999999147,7.105427357601002e-15,3_6,1.0,0.06956505294454018,9391.36080945976,179.99999999999727,3.6214847041092084,0.20000000000000284
lpJL9-mBNmk_00,40,6,3,652.8069431309689,-1.951302703907242,-3.141592653589722,0.0,3.141592653589793,-0.19999999999998863,-0.5,-0.09999999999999432,-7.105427357601002e-15,3_6,1.0,0.503568800379071,1296.3609791543001,68.19859051364523,180.0,0.5099019513592704
lpJL9-mBNmk_00,41,6,3,649.8625239233295,3.141592653589793,-0.7853981633974483,0.0,-1.5707963267948966,-8.699999999999989,0.0,0.04999999999999716,-0.04999999999999716,3_6,1.0,2.9444192076393847,220.7099186954227,135.0,90.0,8.750142855976682
lpJL9-mBNmk_00,42,6,3,652.5117949125517,0.0,1.5707963267948966,-2.4037775934693384,1.5707963267948966,7.899999999999977,0.0,0.0,0.04999999999999716,3_6,1.0,-2.6492709892222592,9999.0,90.0,132.27368900609315,7.9001582262635495
lpJL9-mBNmk_00,43,6,3,652.7669185857997,0.0,-1.5707963267948966,-1.7440419932472588,0.0,0.6000000000000227,0.0,0.0,-0.04999999999999716,3_6,1.0,-0.2551236732479083,9999.0,90.0,99.92624550665155,0.6020797289396372
lpJL9-mBNmk_00,44,6,3,652.9007007194892,0.0,-2.356194490192345,-1.781889660017643,-2.819842099193165,0.19999999999998863,0.0,-0.04999999999999716,-0.04999999999999716,3_6,1.0,-0.1337821336895786,9999.0,135.0,59.470294100066695,0.2549509756796247
lpJL9-mBNmk_00,45,6,3,653.485923719861,1.1071487177940904,-0.7853981633975192,-1.8438050298816029,-1.5707963267948966,0.25,0.5,0.04999999999999716,-0.05000000000000426,3_6,1.0,-0.5852230003717978,9999.0,108.43494882292607,15.642246457208483,0.5852349955359862
lpJL9-mBNmk_00,46,6,3,653.5033129219776,0.0,0.0,-1.8850282258792246,-2.356194490192345,0.05000000000001137,0.0,0.0,0.0,3_6,1.0,-0.017389202116532942,9999.0,0.0,26.99583839408721,0.05000000000001137
lpJL9-mBNmk_00,47,6,3,653.485923719861,0.0,0.0,-1.9797041557458093,-1.1071487177941188,0.0,0.0,0.04999999999999716,0.0,3_6,1.0,0.017389202116532942,37579.98321835326,0.0,49.99374398582104,0.04999999999999716
lpJL9-mBNmk_00,48,6,3,654.1809000574689,0.0,-2.3036114285813984,-1.7359450042095235,-2.1587989303424613,0.19999999999998863,0.0,-0.44999999999999574,-0.5,3_6,1.0,-0.6949763376078408,9999.0,131.98721249581638,24.227745317954007,0.8200609733428239
lpJL9-mBNmk_00,49,6,3,656.6918474444464,1.2977876237081902,2.034443935795731,0.0,-2.303611428581406,0.6999999999999886,2.5,-0.05000000000000426,0.10000000000000142,3_6,1.0,-2.5109473869774774,9999.0,42.2072976342881,131.98721249581683,2.5144581921360283
lpJL9-mBNmk_00,50,6,3,657.5147850048697,2.0344439357957027,-0.7853981633974483,1.5137155443886352,-2.034443935795707,-0.5,1.0,0.10000000000000142,-0.10000000000000142,3_6,1.0,-0.8229375604233837,9999.0,161.565051177078,156.70543674610514,1.2529964086141687
lpJL9-mBNmk_00,51,6,3,657.4454445047134,3.141592653589793,3.141592653589793,1.9726669742353626,-2.0988707752212568,-0.25,0.0,-0.04999999999999716,0.0,3_6,1.0,0.06934050015638604,9481.406148238819,0.0,126.7180708279421,0.20000000000000284
lpJL9-mBNmk_00,52,6,3,654.5452238004644,-1.6539375586833378,0.0,-1.9222411207984549,-1.965587446494653,-0.25,-3.0,0.0,0.0,3_6,1.0,2.900220704248909,225.68807361506535,94.76364169072617,2.483561519791622,3.010398644698074
lpJL9-mBNmk_00,53,6,3,656.5075113812485,1.4219063791853936,0.0,3.141592653589793,-1.9974238199217853,0.30000000000001137,2.0,0.04999999999999716,0.0,3_6,1.0,-1.96228758078405,9999.0,81.46923439005154,65.55604521958276,2.015564437074639
lpJL9-mBNmk_00,54,6,3,657.3934742602789,1.7681918866447663,3.141592653589793,1.627877109201158,-1.9974238199217746,-0.19999999999998863,1.0,-0.04999999999999716,0.0,3_6,1.0,-0.8859628790304441,9999.0,78.69006752598041,152.28555729639996,1.011187420807833
lpJL9-mBNmk_00,55,6,3,656.941780144938,-1.5707963267948966,3.141592653589793,1.7359450042095235,-1.9379701606131128,0.0,-0.5,-0.05000000000000426,0.0,3_6,1.0,0.45169411534095616,1454.3952596084919,90.00000000000001,149.50016676655272,0.5024937810560449
lpJL9-mBNmk_00,56,6,3,656.4554668825601,-1.5707963267948966,0.0,1.6506263125071294,-1.9379701606131166,0.0,-0.5,0.05000000000000426,0.0,3_6,1.0,0.48631326237784833,1349.861329450064,90.0,154.38856771467752,0.5024937810560449
lpJL9-mBNmk_00,57,6,3,656.5075113812485,0.0,0.0,1.0427218783685368,-2.0899424410414165,0.14999999999997726,0.0,0.0,0.0,3_6,1.0,-0.05204449868836036,9999.0,0.0,179.48844413341277,0.14999999999997726
lpJL9-mBNmk_00,58,6,3,656.5075113812485,0.0,0.0,1.4909663410826637,-2.0032041023654408,0.0,0.0,0.0,0.0,3_6,1.0,-0.0,9999.0,0.0,159.79878069106832,0.0
lpJL9-mBNmk_00,59,6,3,657.3689755380916,1.5707963267948966,2.034443935795731,1.4994888620096063,-2.3086113869153575,0.0,1.0,-0.05000000000000426,0.10000000000000142,3_6,1.0,-0.8614641568431125,9999.0,26.565051177079624,141.8119277738814,0.9013878188659961
lpJL9-mBNmk_00,60,6,3,656.4779756397011,-1.5208379310729425,-0.7853981633973773,1.4056476493802696,-2.098870775221262,0.05000000000001137,-1.0,0.05000000000000426,-0.04999999999999716,3_6,1.0,0.8909998983905325,736.7879354706295,42.137594773891664,159.20588504449603,0.9500000000000028
lpJL9-mBNmk_00,61,6,3,656.4779756397011,0.0,0.0,0.3152146997507114,-2.1995926132103305,0.0,0.0,0.0,0.0,3_6,1.0,-0.0,9999.0,0.0,144.08784532130286,0.0
lpJL9-mBNmk_00,62,6,3,654.5331255941138,-1.695151321341658,3.141592653589793,0.7610127542247244,-2.214297435588189,-0.25,-2.0,-0.05000000000000426,0.0,3_6,1.0,1.944850045587259,336.54683407556684,82.8749836510982,170.4727166185478,2.0099751242241775
lpJL9-mBNmk_00,63,6,3,654.4514649689463,3.141592653589793,0.7853981633973773,1.1902899496825512,-2.245537269018447,-0.05000000000001137,0.0,0.05000000000000426,0.04999999999999716,3_6,1.0,0.08166062516750117,8014.284284825696,135.00000000000406,163.1416012322607,0.1118033988750022
lpJL9-mBNmk_00,64,6,3,654.0469746126803,-1.471127674303712,-1.5707963267948966,1.1071487177940904,-2.1815222911841072,0.05000000000001137,-0.5,0.0,-0.04999999999999716,3_6,1.0,0.4044903562660238,1616.9655579687762,5.710593137500933,171.5730309785192,0.4527692569068749
lpJL9-mBNmk_00,65,6,3,654.4983441537495,1.670464979286081,0.0,1.670464979286081,-2.297438667476625,-0.05000000000001137,0.5,0.0,0.0,3_6,1.0,-0.451369541069198,9999.0,95.71059313750094,132.6558675259287,0.5024937810560456
lpJL9-mBNmk_00,66,6,3,654.4983441537495,0.0,0.0,1.768191886644821,-2.297438667476625,0.0,0.0,0.0,0.0,3_6,1.0,-0.0,9999.0,0.0,127.05652818940692,0.0
lpJL9-mBNmk_00,67,6,3,654.0175074109255,-1.471127674303712,2.356194490192416,3.141592653589793,-2.4668517113662425,0.05000000000001137,-0.5,-0.05000000000000426,0.04999999999999716,3_6,1.0,0.4808367428239535,1360.1654140860403,140.7105931374969,38.65980825408998,0.5590169943749475
lpJL9-mBNmk_00,68,6,3,654.5157331951616,1.5707963267948966,-0.7853981633973773,2.0344439357957027,1.5707963267948966,0.0,0.5,0.05000000000000426,-0.04999999999999716,3_6,1.0,-0.49822578423606956,9999.0,134.99999999999594,26.565051177077994,0.5522680508593606
lpJL9-mBNmk_00,69,6,3,654.0001012996864,-1.5707963267948966,1.5707963267948966,-1.933943336741069,0.0,0.0,-0.5,0.0,0.04999999999999716,3_6,1.0,0.5156318954751669,1268.3468711667072,180.0,110.806791012711,0.5499999999999972
lpJL9-mBNmk_00,70,6,3,654.4688552559244,1.670464979286081,3.141592653589793,-1.7359450042095235,2.356194490192345,-0.05000000000001137,0.5,-0.05000000000000426,0.0,3_6,1.0,-0.468753956237947,9999.0,84.28940686249906,125.53767779197437,0.5
lpJL9-mBNmk_00,71,6,3,654.064379476516,-1.471127674303712,-1.5707963267948966,-1.627877109201158,2.356194490192416,0.05000000000001137,-0.5,0.0,-0.05000000000000426,3_6,1.0,0.404475779408358,1617.0668622809521,5.710593137500933,131.72951207681254,0.45276925690686787
lpJL9-mBNmk_00,72,6,3,654.4461971774302,2.1112158270654975,3.141592653589793,3.141592653589793,2.6779450445890154,-0.30000000000001137,0.5,-0.04999999999999716,0.0,3_6,1.0,-0.38181770091421185,9999.0,59.036243467925516,26.56505117707637,0.5590169943749538
lpJL9-mBNmk_00,73,6,3,654.4461971774302,0.0,0.0,-1.8391625377008087,2.819842099193165,0.0,0.0,0.0,0.0,3_6,1.0,-0.0,9999.0,0.0,93.05869757409474,0.0
lpJL9-mBNmk_00,74,6,3,654.4288215688548,0.0,0.0,-1.6869379536748943,2.356194490192416,0.0,0.0,0.04999999999999716,0.0,3_6,1.0,0.017375608575434853,37663.64894373069,0.0,128.34557495398892,0.04999999999999716
lpJL9-mBNmk_00,75,6,3,654.0991992809653,-1.0303768265242956,3.141592653589793,-1.5874614505088411,2.677945044588987,0.30000000000001137,-0.5,-0.09999999999999432,0.0,3_6,1.0,0.3296222878894923,1984.3900831737922,120.96375653207448,115.61020992320559,0.6403124237432885
lpJL9-mBNmk_00,76,6,3,654.0991992809653,0.0,0.0,-1.5907936607680517,2.819842099193165,0.0,0.0,0.0,0.0,3_6,1.0,-0.0,9999.0,0.0,107.28918598474586,0.0
lpJL9-mBNmk_00,77,6,3,654.0991992809653,0.0,0.0,-1.6506263125071294,2.819842099193165,0.0,0.0,0.0,0.0,3_6,1.0,-0.0,9999.0,0.0,103.8610275630206,0.0
lpJL9-mBNmk_00,78,6,3,654.0991992809653,0.0,0.0,-1.6506263125071294,2.819842099193165,0.0,0.0,0.0,0.0,3_6,1.0,-0.0,9999.0,0.0,103.8610275630206,0.0
lpJL9-mBNmk_00,79,6,3,654.0817876993672,0.0,0.0,-1.627877109201158,-2.356194490192274,0.0,0.0,0.04999999999999716,0.0,3_6,1.0,0.01741158159813949,37565.903132502266,0.0,41.72951207681254,0.04999999999999716
lpJL9-mBNmk_00,80,6,3,654.0991992809653,0.0,3.141592653589793,-1.6704649792860586,-3.1415926535897456,0.0,0.0,-0.04999999999999716,0.0,3_6,1.0,-0.01741158159813949,9999.0,180.0,84.28940686249763,0.04999999999999716
lpJL9-mBNmk_00,81,6,3,654.0817876993672,0.0,0.0,-1.6704649792860586,-3.141592653589722,0.0,0.0,0.04999999999999716,0.0,3_6,1.0,0.01741158159813949,37565.903132502266,0.0,84.28940686249628,0.04999999999999716
lpJL9-mBNmk_00,82,6,3,654.4461971774302,2.1112158270654975,0.0,3.141592653589793,-3.141592653589651,-0.30000000000001137,0.5,0.0,0.0,3_6,1.0,-0.36440947806306667,9999.0,120.96375653207448,8.156253403143674e-12,0.5830951894845359
lpJL9-mBNmk_00,83,6,3,654.4461971774302,0.0,0.0,3.141592653589793,-2.6779450445889585,0.0,0.0,0.0,0.0,3_6,1.0,-0.0,9999.0,0.0,26.56505117707964,0.0
lpJL9-mBNmk_00,84,6,3,654.4635761446162,0.0,3.141592653589793,2.1112158270654975,-3.1415926535897456,0.0,0.0,-0.04999999999999716,0.0,3_6,1.0,-0.017378967186004957,9999.0,180.0,59.03624346792822,0.04999999999999716
lpJL9-mBNmk_00,85,6,3,654.4461971774302,0.0,0.0,3.141592653589793,-3.141592653589722,0.0,0.0,0.04999999999999716,0.0,3_6,1.0,0.017378967186004957,37657.36997906566,0.0,4.085143410870372e-12,0.04999999999999716
lpJL9-mBNmk_00,86,6,3,654.4461971774302,0.0,0.0,3.141592653589793,-3.141592653589722,0.0,0.0,0.0,0.0,3_6,1.0,-0.0,9999.0,0.0,4.085143410870372e-12,0.0
lpJL9-mBNmk_00,87,6,3,656.4606195347898,1.4219063791853936,3.141592653589793,1.5707963267948966,-2.8198420991931226,0.30000000000001137,2.0,-0.10000000000000142,0.0,3_6,1.0,-2.0144223573595355,9999.0,98.53076560994846,108.43494882292364,2.0396078054371163
lpJL9-mBNmk_00,88,6,3,655.5455457098309,-1.3258176636680323,0.7853981633974483,1.3258176636680323,2.819842099193165,0.25,-1.0,0.05000000000000426,0.05000000000000426,3_6,1.0,0.9150738249588812,716.3854192193595,120.96375653207352,85.6012946450053,1.068877916321601
lpJL9-mBNmk_00,89,6,3,656.014338639027,1.5707963267948966,0.0,1.446441332248135,3.141592653589793,0.0,0.5,0.0,0.0,3_6,1.0,-0.46879292919606996,9999.0,90.0,97.1250163489018,0.5
lpJL9-mBNmk_00,0,7,3,734.7735739668376,0.0,0.0,0.0,0.0,,,,,3_7,,0.0,9999.0,0.0,0.0,0.0
lpJL9-mBNmk_00,1,7,3,734.7735739668377,0.0,0.0,0.0,0.0,5.684341886080802e-14,0.0,0.0,0.0,3_7,1.0,-1.1368683772161603e-13,9999.0,0.0,0.0,5.684341886080802e-14
lpJL9-mBNmk_00,2,7,3,734.815087283869,0.0,-1.5707963267948966,0.0,-1.5707963267948966,0.0,0.0,0.0,-0.04999999999999716,3_7,1.0,-0.0415133170313311,9999.0,90.0,90.0,0.04999999999999716
lpJL9-mBNmk_00,3,7,3,734.815087283869,0.0,0.0,0.0,-1.5707963267948966,0.0,0.0,0.0,0.0,3_7,1.0,-0.0,9999.0,0.0,90.0,0.0
lpJL9-mBNmk_00,4,7,3,734.815087283869,0.0,0.0,0.0,-1.5707963267948966,0.0,0.0,0.0,0.0,3_7,1.0,-0.0,9999.0,0.0,90.0,0.0
lpJL9-mBNmk_00,5,7,3,734.7593568645451,0.0,0.0,0.0,-0.46364760900077767,0.0,0.0,0.10000000000000142,0.0,3_7,1.0,0.055730419323936076,13184.170615938068,0.0,26.565051177076366,0.10000000000000142
lpJL9-mBNmk_00,6,7,3,734.7593568645451,0.0,0.0,0.0,-0.4636476090007778,0.0,0.0,0.0,0.0,3_7,1.0,-0.0,9999.0,0.0,26.56505117707637,0.0
lpJL9-mBNmk_00,7,7,3,734.7872209013981,0.0,3.141592653589793,0.0,-0.7853981633974483,0.0,0.0,-0.05000000000000426,0.0,3_7,1.0,-0.027864036852975005,9999.0,180.0,45.0,0.05000000000000426
lpJL9-mBNmk_00,8,7,3,734.7735739668377,0.0,2.356194490192345,0.0,0.0,0.0,0.0,-0.04999999999999716,0.04999999999999716,3_7,1.0,0.013646934560370028,53841.65731259393,135.0,0.0,0.07071067811865074
lpJL9-mBNmk_00,9,7,3,734.7735739668377,0.0,0.0,0.0,0.0,0.0,0.0,0.0,0.0,3_7,1.0,-0.0,9999.0,0.0,0.0,0.0
lpJL9-mBNmk_00,10,7,3,734.7735739668377,0.0,0.0,0.0,0.0,0.0,0.0,0.0,0.0,3_7,1.0,-0.0,9999.0,0.0,0.0,0.0
lpJL9-mBNmk_00,11,7,3,734.7735739668377,0.0,0.0,0.0,0.0,0.0,0.0,0.0,0.0,3_7,1.0,-0.0,9999.0,0.0,0.0,0.0
lpJL9-mBNmk_00,12,7,3,734.7735739668377,0.0,0.0,0.0,0.0,0.0,0.0,0.0,0.0,3_7,1.0,-0.0,9999.0,0.0,0.0,0.0
lpJL9-mBNmk_00,13,7,3,734.885069245525,0.0,0.0,0.0,0.0,0.19999999999998863,0.0,0.0,0.0,3_7,1.0,-0.11149527868724363,9999.0,0.0,0.0,0.19999999999998863
lpJL9-mBNmk_00,14,7,3,734.885069245525,0.0,0.0,0.0,0.0,0.0,0.0,0.0,0.0,3_7,1.0,-0.0,9999.0,0.0,0.0,0.0
lpJL9-mBNmk_00,27,7,3,734.5347166744401,2.819842099193151,0.0,2.774418819771562,3.141592653589793,-1.5,0.5,0.0,0.0,3_7,13.0,0.02695019777575698,27255.262569360064,161.565051177078,21.037511025422504,0.12162606385262999
lpJL9-mBNmk_00,28,7,3,734.3124471231575,3.141592653589793,3.141592653589722,2.870645803251366,-2.819842099193208,-0.5,0.0,-0.10000000000000142,7.105427357601002e-15,3_7,1.0,0.22226955128257941,3303.702386970671,4.0711099922733015e-12,33.95905981967342,0.3999999999999986
lpJL9-mBNmk_00,29,7,3,717.146390216112,-3.125465019746157,-0.7853981633975192,3.141592653589793,-2.3561944901923093,-31.0,-0.5,0.05000000000000426,-0.05000000000001137,3_7,1.0,17.166056907045572,41.77700179484836,134.07595464722323,45.000000000002046,31.053260698355018
lpJL9-mBNmk_00,30,7,3,735.0517209693478,0.0,3.141592653589793,0.0,-2.5535900500422146,33.0,0.0,-0.05000000000000426,0.0,3_7,1.0,-17.90533075323583,9999.0,180.0,146.30993247401958,33.050000000000004
lpJL9-mBNmk_00,35,7,3,734.9966020329617,0.0,2.0344439357957027,0.0,3.1415926535897576,0.0,0.0,-0.05000000000000426,0.10000000000000853,3_7,5.0,0.011023787277213159,66673.69240263231,116.56505117707799,179.99999999999795,0.022360679774999802
lpJL9-mBNmk_00,36,7,3,734.9687153205911,0.0,-1.4210854715200792e-13,0.0,3.141592653589793,0.0,0.0,0.05000000000000426,-7.105427357601002e-15,3_7,1.0,0.027886712370673195,26355.51676193692,8.142219984545908e-12,180.0,0.05000000000000426
lpJL9-mBNmk_00,37,7,3,734.8435632840502,0.0,0.3217505543966706,0.0,1.5707963267948966,0.0,0.0,0.14999999999999858,0.05000000000000426,3_7,1.0,0.12515203654083962,5871.606915835173,18.434948822923644,90.0,0.15811388300841897
lpJL9-mBNmk_00,38,7,3,734.9408309517167,0.0,-2.67794504458893,0.0,3.141592653589793,0.0,0.0,-0.09999999999999432,-0.05000000000000426,3_7,1.0,-0.09726766766652872,9999.0,153.43494882291876,180.0,0.1118033988749863
lpJL9-mBNmk_00,39,7,3,734.8571919087408,0.0,4.73695157173427e-14,0.0,1.4210854715202814e-13,0.0,0.0,0.14999999999999147,7.105427357601002e-15,3_7,1.0,0.08363904297596036,8786.054523841865,2.714073328182355e-12,8.142219984547067e-12,0.14999999999999147
lpJL9-mBNmk_00,40,7,3,734.9129489266058,0.0,-3.141592653589722,0.0,3.141592653589793,0.0,0.0,-0.09999999999999432,-7.105427357601002e-15,3_7,1.0,-0.05575701786506215,9999.0,179.99999999999594,180.0,0.09999999999999432
lpJL9-mBNmk_00,41,7,3,734.9265762645953,0.0,-0.7853981633974483,0.0,-1.5707963267948966,0.0,0.0,0.04999999999999716,-0.04999999999999716,3_7,1.0,-0.013627337989419175,9999.0,45.0,90.0,0.07071067811865074
lpJL9-mBNmk_00,42,7,3,734.885069245525,0.0,1.5707963267948966,0.0,1.5707963267948966,0.0,0.0,0.0,0.04999999999999716,3_7,1.0,0.04150701907030907,17705.079422848874,90.0,90.0,0.04999999999999716
lpJL9-mBNmk_00,43,7,3,734.9265762645953,0.0,-1.5707963267948966,0.0,0.0,0.0,0.0,0.0,-0.04999999999999716,3_7,1.0,-0.04150701907030907,9999.0,90.0,0.0,0.04999999999999716
lpJL9-mBNmk_00,44,7,3,734.9959608732554,0.0,-2.356194490192345,0.0,-2.819842099193165,0.0,0.0,-0.04999999999999716,-0.04999999999999716,3_7,1.0,-0.06938460866012974,9999.0,135.0,161.5650511770788,0.07071067811865074
lpJL9-mBNmk_00,45,7,3,735.0095934748064,0.0,-0.7853981633975192,0.0,-1.5707963267948966,0.0,0.0,0.04999999999999716,-0.05000000000000426,3_7,1.0,-0.013632601550966683,9999.0,45.00000000000406,90.0,0.07071067811865576
lpJL9-mBNmk_00,46,7,3,735.0095934748064,0.0,0.0,0.0,-2.356194490192345,0.0,0.0,0.0,0.0,3_7,1.0,-0.0,9999.0,0.0,135.0,0.0
lpJL9-mBNmk_00,47,7,3,734.9817208611381,0.0,0.0,-0.32175055439664224,-1.1071487177941188,0.0,0.0,0.04999999999999716,0.0,3_7,1.0,0.02787261366825078,26369.314683191813,0.0,45.00000000000161,0.04999999999999716
lpJL9-mBNmk_00,48,7,3,735.6476823181054,0.0,-2.3036114285813984,-0.24497866312686417,-2.1587989303424613,0.0,0.0,-0.44999999999999574,-0.5,3_7,1.0,-0.6659614569672385,9999.0,131.98721249581638,109.65382405805315,0.6726812023536827
lpJL9-mBNmk_00,49,7,3,735.5925502613522,0.0,2.034443935795731,0.0,-2.303611428581406,0.0,0.0,-0.05000000000000426,0.10000000000000142,3_7,1.0,0.05513205675310928,13342.374538201262,116.56505117707962,131.98721249581683,0.11180339887499267
lpJL9-mBNmk_00,50,7,3,736.0349516157504,1.5707963267948966,-0.7853981633974483,1.5707963267948966,-2.034443935795707,0.0,0.5,0.10000000000000142,-0.10000000000000142,3_7,1.0,-0.4424013543981573,9999.0,135.0,153.43494882292174,0.6082762530298236
lpJL9-mBNmk_00,51,7,3,735.9235354301425,3.141592653589793,3.141592653589793,2.0344439357957027,-2.0988707752212568,-0.25,0.0,-0.04999999999999716,0.0,3_7,1.0,0.11141618560793631,6605.176181670698,0.0,123.17851165939271,0.20000000000000284
lpJL9-mBNmk_00,52,7,3,736.0628115181476,0.0,0.0,1.5707963267948966,-1.965587446494653,0.25,0.0,0.0,0.0,3_7,1.0,-0.13927608800509006,9999.0,0.0,157.38013505195985,0.25
lpJL9-mBNmk_00,53,7,3,735.619806693648,-1.5707963267948966,0.0,0.0,-1.9974238199217853,0.0,-0.5,0.04999999999999716,0.0,3_7,1.0,0.44300482449955325,1660.5232404063577,90.0,114.44395478041726,0.5024937810560443
lpJL9-mBNmk_00,54,7,3,735.6476823181054,0.0,3.141592653589793,0.0,-1.9974238199217746,0.0,0.0,-0.04999999999999716,0.0,3_7,1.0,-0.027875624457351478,9999.0,180.0,114.44395478041665,0.04999999999999716
lpJL9-mBNmk_00,55,7,3,735.5361938749173,3.141592653589793,3.141592653589793,3.141592653589793,-1.9379701606131128,-0.25,0.0,-0.05000000000000426,0.0,3_7,1.0,0.11148844318802276,6597.420977835811,0.0,68.96248897457833,0.19999999999999574
lpJL9-mBNmk_00,56,7,3,735.5083276211086,0.0,0.0,3.141592653589793,-1.9379701606131166,0.0,0.0,0.05000000000000426,0.0,3_7,1.0,0.02786625380872465,26394.23055103403,0.0,68.96248897457814,0.05000000000000426
lpJL9-mBNmk_00,57,7,3,735.5083276211086,0.0,0.0,3.141592653589793,-2.0899424410414165,0.0,0.0,0.0,0.0,3_7,1.0,-0.0,9999.0,0.0,60.25511870305796,0.0
lpJL9-mBNmk_00,58,7,3,735.9235354301425,1.5707963267948966,0.0,2.0344439357957027,-2.0032041023654408,0.0,0.5,0.0,0.0,3_7,1.0,-0.4152078090338591,9999.0,90.0,128.6598082540897,0.5
lpJL9-mBNmk_00,59,7,3,735.8683391069357,0.0,2.034443935795731,2.0344439357957027,-2.3086113869153575,0.0,0.0,-0.05000000000000426,0.10000000000000142,3_7,1.0,0.05519632320681467,13331.836186800276,116.56505117707962,111.1612598168285,0.11180339887499267
lpJL9-mBNmk_00,60,7,3,735.8820099037616,0.0,-0.7853981633973773,2.0344439357957027,-2.098870775221262,0.0,0.0,0.05000000000000426,-0.04999999999999716,3_7,1.0,-0.01367079682597705,9999.0,44.99999999999594,123.1785116593924,0.07071067811865576
lpJL9-mBNmk_00,61,7,3,735.8820099037616,0.0,0.0,2.0344439357957027,-2.1995926132103305,0.0,0.0,0.0,0.0,3_7,1.0,-0.0,9999.0,0.0,117.40757543781834,0.0
lpJL9-mBNmk_00,62,7,3,735.9098620075695,0.0,3.141592653589793,2.0344439357957027,-2.214297435588189,0.0,0.0,-0.05000000000000426,0.0,3_7,1.0,-0.027852103807845197,9999.0,180.0,116.56505117707754,0.05000000000000426
lpJL9-mBNmk_00,63,7,3,735.8404854314555,0.0,0.7853981633973773,2.0344439357957027,-2.245537269018447,0.0,0.0,0.05000000000000426,0.04999999999999716,3_7,1.0,0.06937657611399572,10606.468734092086,44.99999999999594,114.77514056883203,0.07071067811865576
lpJL9-mBNmk_00,64,7,3,735.8820099037616,0.0,-1.5707963267948966,2.0344439357957027,-2.1815222911841072,0.0,0.0,0.0,-0.04999999999999716,3_7,1.0,-0.04152447230615053,9999.0,90.0,118.44292862436322,0.04999999999999716
lpJL9-mBNmk_00,65,7,3,735.8820099037616,0.0,0.0,2.0344439357957027,-2.297438667476625,0.0,0.0,0.0,0.0,3_7,1.0,-0.0,9999.0,0.0,111.80140948635162,0.0
lpJL9-mBNmk_00,66,7,3,735.8820099037616,0.0,0.0,2.0344439357957027,-2.297438667476625,0.0,0.0,0.0,0.0,3_7,1.0,-0.0,9999.0,0.0,111.80140948635162,0.0
lpJL9-mBNmk_00,67,7,3,735.8683391069357,0.0,2.356194490192416,2.0344439357957027,-2.4668517113662425,0.0,0.0,-0.05000000000000426,0.04999999999999716,3_7,1.0,0.01367079682597705,53827.757699437774,135.00000000000406,102.09475707701199,0.07071067811865576
lpJL9-mBNmk_00,68,7,3,735.8820099037616,0.0,-0.7853981633973773,2.0344439357957027,1.5707963267948966,0.0,0.0,0.05000000000000426,-0.04999999999999716,3_7,1.0,-0.01367079682597705,9999.0,44.99999999999594,26.565051177077994,0.07071067811865576
lpJL9-mBNmk_00,69,7,3,735.8404854314555,0.0,1.5707963267948966,2.0344439357957027,0.0,0.0,0.0,0.0,0.04999999999999716,3_7,1.0,0.04152447230615053,17720.64627351,90.0,116.56505117707799,0.04999999999999716
lpJL9-mBNmk_00,70,7,3,735.8683391069357,0.0,3.141592653589793,3.141592653589793,2.356194490192345,0.0,0.0,-0.05000000000000426,0.0,3_7,1.0,-0.02785367548017348,9999.0,180.0,45.0,0.05000000000000426
lpJL9-mBNmk_00,71,7,3,735.9098620075695,0.0,-1.5707963267948966,0.0,2.356194490192416,0.0,0.0,0.0,-0.05000000000000426,3_7,1.0,-0.041522900633822246,9999.0,90.0,135.00000000000406,0.05000000000000426
lpJL9-mBNmk_00,72,7,3,735.9377164543206,0.0,3.141592653589793,3.141592653589793,2.6779450445890154,0.0,0.0,-0.04999999999999716,0.0,3_7,1.0,-0.02785444675112103,9999.0,180.0,26.56505117707637,0.04999999999999716
lpJL9-mBNmk_00,73,7,3,735.9377164543206,0.0,0.0,2.0344439357957027,2.819842099193165,0.0,0.0,0.0,0.0,3_7,1.0,-0.0,9999.0,0.0,45.00000000000081,0.0
lpJL9-mBNmk_00,74,7,3,735.9098620075695,0.0,0.0,2.0344439357957027,2.356194490192416,0.0,0.0,0.04999999999999716,0.0,3_7,1.0,0.02785444675112103,26419.83409625438,0.0,18.43494882292608,0.04999999999999716
lpJL9-mBNmk_00,75,7,3,735.965573243749,0.0,3.141592653589793,1.5707963267948966,2.677945044588987,0.0,0.0,-0.09999999999999432,0.0,3_7,1.0,-0.0557112361794907,9999.0,180.0,63.43494882292201,0.09999999999999432
lpJL9-mBNmk_00,76,7,3,735.965573243749,0.0,0.0,1.5707963267948966,2.819842099193165,0.0,0.0,0.0,0.0,3_7,1.0,-0.0,9999.0,0.0,71.5650511770788,0.0
lpJL9-mBNmk_00,77,7,3,735.965573243749,0.0,0.0,1.5707963267948966,2.819842099193165,0.0,0.0,0.0,0.0,3_7,1.0,-0.0,9999.0,0.0,71.5650511770788,0.0
lpJL9-mBNmk_00,78,7,3,735.965573243749,0.0,0.0,0.0,2.819842099193165,0.0,0.0,0.0,0.0,3_7,1.0,-0.0,9999.0,0.0,161.5650511770788,0.0
lpJL9-mBNmk_00,79,7,3,735.9377164543206,0.0,0.0,0.0,-2.356194490192274,0.0,0.0,0.04999999999999716,0.0,3_7,1.0,0.027856789428369666,26418.612178790187,0.0,134.99999999999594,0.04999999999999716
lpJL9-mBNmk_00,80,7,3,735.965573243749,0.0,3.141592653589793,0.0,-3.1415926535897456,0.0,0.0,-0.04999999999999716,0.0,3_7,1.0,-0.027856789428369666,9999.0,180.0,179.99999999999727,0.04999999999999716
lpJL9-mBNmk_00,81,7,3,735.9377164543206,0.0,0.0,0.0,-3.141592653589722,0.0,0.0,0.04999999999999716,0.0,3_7,1.0,0.027856789428369666,26418.612178790187,0.0,179.99999999999594,0.04999999999999716
lpJL9-mBNmk_00,82,7,3,735.9377164543206,0.0,0.0,0.0,-3.141592653589651,0.0,0.0,0.0,0.0,3_7,1.0,-0.0,9999.0,0.0,179.99999999999184,0.0
lpJL9-mBNmk_00,83,7,3,735.9377164543206,0.0,0.0,0.0,-2.6779450445889585,0.0,0.0,0.0,0.0,3_7,1.0,-0.0,9999.0,0.0,153.43494882292038,0.0
lpJL9-mBNmk_00,84,7,3,735.965573243749,0.0,3.141592653589793,0.0,-3.1415926535897456,0.0,0.0,-0.04999999999999716,0.0,3_7,1.0,-0.027856789428369666,9999.0,180.0,179.99999999999727,0.04999999999999716
lpJL9-mBNmk_00,85,7,3,735.9377164543206,0.0,0.0,0.0,-3.141592653589722,0.0,0.0,0.04999999999999716,0.0,3_7,1.0,0.027856789428369666,26418.612178790187,0.0,179.99999999999594,0.04999999999999716
lpJL9-mBNmk_00,86,7,3,735.9377164543206,0.0,0.0,0.0,-3.141592653589722,0.0,0.0,0.0,0.0,3_7,1.0,-0.0,9999.0,0.0,179.99999999999594,0.0
lpJL9-mBNmk_00,87,7,3,735.9934323755886,0.0,3.141592653589793,0.0,-2.8198420991931226,0.0,0.0,-0.10000000000000142,0.0,3_7,1.0,-0.055715921267960766,9999.0,180.0,161.56505117707636,0.10000000000000142
lpJL9-mBNmk_00,88,7,3,735.9240534864994,0.0,0.7853981633974483,0.0,2.819842099193165,0.0,0.0,0.05000000000000426,0.05000000000000426,3_7,1.0,0.06937888908919376,10607.319649358937,45.0,161.5650511770788,0.07071067811866079
lpJL9-mBNmk_00,89,7,3,735.9240534864994,0.0,0.0,0.0,3.141592653589793,0.0,0.0,0.0,0.0,3_7,1.0,-0.0,9999.0,0.0,180.0,0.0
lpJL9-mBNmk_00,436,50,47,383.63670966162766,2.498091544796509,0.0,2.5748634360662868,0.0,-2.0,1.5,,,47_50,,0.0,9999.0,143.13010235415598,147.52880770915152,0.0
lpJL9-mBNmk_00,437,50,47,379.85043438174455,2.626043646130817,0.46364760900080615,2.5925675137821975,0.46364760900080615,-3.0,1.6999999999999886,0.5,0.25,47_50,1.0,3.786275279883114,100.32298401543348,123.89616656336408,121.97812546536682,3.788469347902919
lpJL9-mBNmk_00,438,50,47,377.0240376952112,1.9705774250376922,0.0,2.4227626539681686,0.46364760900080615,-1.5,3.5500000000000114,0.0,0.0,47_50,1.0,2.8263966865333714,133.39388610649632,112.90576965841711,112.24902365721236,3.8538941345086375
lpJL9-mBNmk_00,439,50,47,372.5450207693024,2.965653028137263,0.0,2.559181046097839,0.4266274931268683,-4.5,0.8000000000000114,0.05000000000001137,0.0,47_50,1.0,4.479016925908752,83.17562244838278,169.91940201245754,122.18631817086508,4.619794367718126
lpJL9-mBNmk_00,440,50,47,369.341918146316,2.279422598922567,0.3320594675428879,2.5266843631053266,0.35877067027057225,-1.5,1.75,1.4499999999999886,0.5,47_50,1.0,3.203102622986421,115.30755071529963,111.57568860743565,124.21230494805216,3.203903868720148
lpJL9-mBNmk_00,441,50,47,366.29857015827946,2.601173153319209,-1.3734007669449722,2.536329125766002,0.2392315999636593,-2.5,1.5,0.05000000000001137,-0.25,47_50,1.0,3.043347988036544,120.36039637866119,132.27368900609622,131.61399335841793,3.0927334188384323
lpJL9-mBNmk_00,442,50,47,361.39464578214216,2.7397220061493393,-0.46364760900080615,2.5691328397717417,0.0977269073587183,-4.0,1.6999999999999886,0.5,-0.25,47_50,1.0,4.903924376137297,73.69498753706394,176.4604408314499,141.60112939086022,4.90433481728154
lpJL9-mBNmk_00,447,50,47,342.3687193655402,2.47067432271643,3.141592653589793,2.526521912924812,0.14189705460416394,-16.0,12.699999999999989,-0.09999999999999432,0.0,47_50,5.0,3.8051852833203954,89.97425719748135,38.44078875700542,136.628940103755,4.069889433387595
lpJL9-mBNmk_00,448,50,47,338.5197557011998,1.9849348772711073,0.0,2.47671482096151,0.12435499454676144,-2.0,4.550000000000011,0.25,0.0,47_50,1.0,3.848963664340374,87.95088372423346,113.72839107595249,134.78028994969208,5.075923561284203
lpJL9-mBNmk_00,449,50,47,335.5926250679535,2.677945044588987,0.0,2.4870218862664015,0.11575921772081042,-2.5,1.25,0.15000000000000568,0.0,47_50,1.0,2.9271306332462927,114.64900857389111,153.434948822922,135.8633430245914,2.9300170647967274
lpJL9-mBNmk_00,436,51,47,49.77170380848941,2.387762946680118,0.0,2.690355754877887,0.0,-2.4499999999999886,2.3000000000000114,,,47_51,,0.0,9999.0,136.80873932249176,154.14603014323558,0.0
lpJL9-mBNmk_00,437,51,47,53.21888762460185,2.6677413170950333,0.46364760900080615,2.6845238970420033,0.46364760900080615,-3.9000000000000057,2.0,0.5,0.25,47_51,1.0,-3.4471838161124353,9999.0,126.28526712513887,127.24683812544114,4.7352402262187345
lpJL9-mBNmk_00,442,51,47,86.62060955684855,2.7674791080011913,-0.46364760900080615,2.7417404214731653,0.0977269073587183,-35.150000000000006,13.800000000000011,0.5,-0.25,47_51,5.0,-6.68034438644934,9999.0,174.870076043824,151.49081533431135,7.663745820419675
lpJL9-mBNmk_00,443,51,47,93.39491420843001,3.0172376590430328,3.141592653589793,2.782821983319221,0.2140606835638205,-9.599999999999994,1.1999999999999886,-1.4000000000000057,0.0,47_51,1.0,-6.77430465158146,9999.0,7.125016348901737,147.1791810525242,8.28733974204025
lpJL9-mBNmk_00,444,51,47,103.19182380402044,2.949804511603088,0.0,2.8062490537019555,0.12435499454676144,-10.300000000000011,2.0,0.8499999999999943,0.0,47_51,1.0,-9.796909595590435,9999.0,169.01134890350602,153.66121069080137,11.327952153853763
lpJL9-mBNmk_00,445,51,47,112.84170328384803,2.7701934928045455,3.141592653589793,2.8019068028209806,0.13432144195296888,-9.5,3.6999999999999886,-0.15000000000000568,0.0,47_51,1.0,-9.64987947982759,9999.0,21.27960442769536,152.84138266861976,10.055471147589246
lpJL9-mBNmk_00,446,51,47,115.54386612884302,2.0878282792864327,0.0,2.7797906689260303,0.1343214419529689,-1.4499999999999886,2.5500000000000114,0.0,0.0,47_51,1.0,-2.7021628449949873,9999.0,119.62374875117351,151.57422153729286,2.93342802877453
lpJL9-mBNmk_00,447,51,47,121.4500926306769,2.819842099193151,3.141592653589793,2.7825080115869945,0.14189705460416394,-6.0,2.0,-0.09999999999999432,0.0,47_51,1.0,-5.906226501833885,9999.0,18.43494882292201,151.29586317111756,6.229767250869013
lpJL9-mBNmk_00,448,51,47,130.01947930983266,2.64885272582221,0.0,2.7714149768077925,0.12435499454676144,-7.450000000000003,4.0,0.25,0.0,47_51,1.0,-8.569386679155755,9999.0,151.76808174133646,151.66536510153165,8.676981041814027
lpJL9-mBNmk_00,0,5,4,805.354735504796,0.0,0.0,0.0,0.0,,,,,4_5,,0.0,9999.0,0.0,0.0,0.0
lpJL9-mBNmk_00,1,5,4,804.5427661100434,0.0,1.5707963267948966,0.0,1.5707963267948966,0.0,0.0,0.0,1.25,4_5,1.0,0.811969394752623,990.8535608723994,90.0,90.0,1.25
lpJL9-mBNmk_00,2,5,4,804.5103106859477,0.0,1.5707963267948966,0.0,1.5707963267948966,0.0,0.0,0.0,0.05000000000001137,4_5,1.0,0.032455424095701346,24788.162013033238,90.0,90.0,0.05000000000001137
lpJL9-mBNmk_00,3,5,4,804.5427661100434,0.0,-1.5707963267948966,0.0,1.5707963267948966,0.0,0.0,0.0,-0.05000000000001137,4_5,1.0,-0.032455424095701346,9999.0,90.0,90.0,0.05000000000001137
lpJL9-mBNmk_00,4,5,4,805.354735504796,0.0,-1.5707963267948966,0.0,0.0,0.0,0.0,0.0,-1.25,4_5,1.0,-0.811969394752623,9999.0,90.0,0.0,1.25
lpJL9-mBNmk_00,5,5,4,805.5172639366583,0.0,-1.5707963267948966,0.0,-1.5707963267948966,0.0,0.0,0.0,-0.25,4_5,1.0,-0.16252843186225618,9999.0,90.0,90.0,0.25
lpJL9-mBNmk_00,6,5,4,805.5172639366583,0.0,0.0,0.0,-1.5707963267948966,0.0,0.0,0.0,0.0,4_5,1.0,-0.0,9999.0,0.0,90.0,0.0
lpJL9-mBNmk_00,7,5,4,805.3273402784733,0.0,0.0,0.0,-1.5707963267948966,0.25,0.0,0.0,0.0,4_5,1.0,0.18992365818496637,4240.268684663636,0.0,90.0,0.25
lpJL9-mBNmk_00,8,5,4,805.5172639366583,3.141592653589793,0.0,0.0,-1.5707963267948966,-0.25,0.0,0.0,0.0,4_5,1.0,-0.18992365818496637,9999.0,180.0,90.0,0.25
lpJL9-mBNmk_00,9,5,4,805.419741501287,0.0,1.5707963267948966,0.0,-1.5707963267948966,0.0,0.0,0.0,0.15000000000000568,4_5,1.0,0.0975224353712747,8258.814891516993,90.0,90.0,0.15000000000000568
lpJL9-mBNmk_00,10,5,4,805.5172639366583,0.0,-1.5707963267948966,0.0,-1.5707963267948966,0.0,0.0,0.0,-0.15000000000000568,4_5,1.0,-0.0975224353712747,9999.0,90.0,90.0,0.15000000000000568
lpJL9-mBNmk_00,11,5,4,805.6148024955847,0.0,-1.5707963267948966,0.0,-1.5707963267948966,0.0,0.0,0.0,-0.15000000000000568,4_5,1.0,-0.0975385589264306,9999.0,90.0,90.0,0.15000000000000568
lpJL9-mBNmk_00,12,5,4,805.354735504796,0.0,1.5707963267948966,0.0,0.0,0.0,0.0,0.0,0.4000000000000057,4_5,1.0,0.2600669907886868,3096.7203221848868,90.0,0.0,0.4000000000000057
lpJL9-mBNmk_00,13,5,4,805.4899518305613,0.0,-1.5707963267948966,0.0,-1.5707963267948966,0.25,0.0,0.0,-0.5,4_5,1.0,-0.1352163257652137,9999.0,90.0,90.0,0.5590169943749475
lpJL9-mBNmk_00,14,5,4,805.1647735091246,0.0,1.5707963267948966,0.0,0.0,0.0,0.0,0.0,0.5,4_5,1.0,0.3251783214366242,2476.0714980996904,90.0,0.0,0.5
lpJL9-mBNmk_00,15,5,4,805.2247450246421,3.141592653589793,1.5707963267948966,0.0,1.5707963267948966,-0.25,0.0,0.0,0.19999999999998863,4_5,1.0,-0.059971515517418084,9999.0,90.0,90.0,0.32015621187163534
lpJL9-mBNmk_00,16,5,4,815.8499187963433,1.6704649792860586,1.5707963267948966,1.6704649792860586,1.5707963267948966,-1.5,15.0,0.0,0.5,4_5,1.0,-10.62517377170127,9999.0,5.7105931374996475,5.7105931374996475,14.577379737113251
lpJL9-mBNmk_00,17,5,4,805.0298131125331,-1.4711276743037345,-1.5707963267948966,0.0,1.5707963267948966,1.5,-15.0,0.0,-0.19999999999998863,4_5,1.0,10.820105683810198,74.4012892884286,5.7105931374996475,90.0,14.87581930516771
lpJL9-mBNmk_00,18,5,4,804.8397744271838,0.0,0.0,0.0,1.5707963267948966,0.25,0.0,0.0,0.0,4_5,1.0,0.1900386853493501,4235.136508904166,0.0,90.0,0.25
lpJL9-mBNmk_00,19,5,4,804.7367892671492,0.0,1.5707963267948966,0.0,1.5707963267948966,0.05000000000001137,0.0,0.0,0.09999999999999432,4_5,1.0,0.1029851600345637,7814.104371902367,90.0,90.0,0.11180339887498948
lpJL9-mBNmk_00,20,5,4,804.6497685328692,0.0,-1.5707963267948966,0.0,1.5707963267948966,0.19999999999998863,0.0,0.0,-0.09999999999999432,4_5,1.0,0.08702073428003132,9246.644207155494,90.0,90.0,0.22360679774996628
lpJL9-mBNmk_00,21,5,4,805.3000993418541,1.5707963267948966,0.0,1.1071487177940904,-1.5707963267948966,0.0,1.0,0.0,0.0,4_5,1.0,-0.6503308089849043,9999.0,90.0,153.434948822922,1.0
lpJL9-mBNmk_00,22,5,4,805.419741501287,-2.356194490192345,-1.5707963267948966,1.5707963267948966,-1.5707963267948966,-0.5,-0.5,0.0,-0.09999999999999432,4_5,1.0,-0.11964215943294221,9999.0,45.0,180.0,0.6403124237432885
lpJL9-mBNmk_00,23,5,4,807.4916036715181,3.141592653589793,-1.5707963267948966,2.356194490192345,-1.5707963267948966,-0.5,0.0,0.0,-2.5999999999999943,4_5,1.0,-2.071862170231043,9999.0,90.00000000000001,135.0,2.6476404589747395
lpJL9-mBNmk_00,24,5,4,807.3080267159494,0.0,-1.5707963267948966,1.5707963267948966,-1.5707963267948966,0.5,0.0,0.0,-0.30000000000001137,4_5,1.0,0.18357695556869658,4397.654510692904,90.0,180.0,0.5830951894845359
lpJL9-mBNmk_00,25,5,4,807.2428135325827,0.0,1.5707963267948966,1.5707963267948966,-1.5707963267948966,0.0,0.0,0.0,0.09999999999999432,4_5,1.0,0.06521318336672266,12378.521824231431,90.0,180.0,0.09999999999999432
lpJL9-mBNmk_00,26,5,4,807.6219474481857,3.141592653589793,0.0,2.356194490192345,-1.5707963267948966,-0.5,0.0,0.0,0.0,4_5,1.0,-0.37913391560300624,9999.0,180.0,135.0,0.5
lpJL9-mBNmk_00,27,5,4,807.5567719981053,0.0,1.5707963267948966,2.5535900500422253,-1.5707963267948966,0.0,0.0,0.0,0.09999999999999432,4_5,1.0,0.06517545008034631,12390.505489453068,90.0,123.6900675259798,0.09999999999999432
lpJL9-mBNmk_00,28,5,4,808.0663648488285,0.0,-0.3805063771123453,2.356194490192345,-1.3521273809209546,0.0,0.0,0.5,-0.19999999999998863,4_5,1.0,-0.509592850723152,9999.0,21.801409486350693,147.52880770915152,0.5385164807134462
lpJL9-mBNmk_00,29,5,4,808.2292759483537,0.0,-1.5707963267948966,2.356194490192345,-1.3843094251276802,0.0,0.0,0.0,-0.25,4_5,1.0,-0.16291109952521765,9999.0,90.0,145.68491240000273,0.25
lpJL9-mBNmk_00,30,5,4,807.7406762074075,-1.5707963267948966,1.5707963267948966,3.141592653589793,-1.3521273809209546,0.0,-0.5,0.0,0.25,4_5,1.0,0.48859974094614245,1653.1745895797426,180.0,102.52880770915152,0.75
lpJL9-mBNmk_00,31,5,4,808.4457310172403,2.356194490192345,0.0,2.677945044588987,-1.3370531459259944,-0.5,0.5,0.0,0.0,4_5,1.0,-0.7050548098327454,9999.0,135.0,129.9575489308291,0.7071067811865476
lpJL9-mBNmk_00,32,5,4,808.2939688009554,0.0,0.0,2.582993338246237,-1.3734007669450157,0.19999999999998863,0.0,0.0,0.0,4_5,1.0,0.1517622162848511,5326.055381820615,0.0,133.31531568210337,0.19999999999998863
lpJL9-mBNmk_00,33,5,4,807.7406762074075,-1.0303768265242956,0.0,3.141592653589793,-1.3258176636680323,0.30000000000001137,-0.5,0.0,0.0,4_5,1.0,0.5532925935478943,1459.8797916811218,59.036243467925516,104.0362434679265,0.5830951894845359
lpJL9-mBNmk_00,34,5,4,808.1641061690378,1.5707963267948966,-1.5707963267948966,2.5535900500422253,-1.3843094251276802,0.0,0.5,0.0,-0.15000000000000568,4_5,1.0,-0.42342996163029056,9999.0,180.0,134.37497992598253,0.6500000000000057
lpJL9-mBNmk_00,35,5,4,807.8383640927187,-1.5707963267948966,0.0,3.141592653589793,-1.3971251284533224,0.0,-0.5,0.0,0.0,4_5,1.0,0.3257420763191021,2479.993905673234,90.0,99.95062668795163,0.5
lpJL9-mBNmk_00,36,5,4,807.0356249881414,0.0,2.2264919530364287,-1.5042281630190728,-1.5707963267948966,0.0,0.0,-0.5,0.6500000000000057,4_5,1.0,0.8027391045773129,1005.3523247918648,127.56859202882725,3.814074834290351,0.8200609733428408
lpJL9-mBNmk_00,37,5,4,807.4710908137827,0.7853981633974483,-1.5707963267948966,1.5707963267948966,-1.5707963267948966,0.5,0.5,0.0,-0.75,4_5,1.0,-0.4354658256412449,9999.0,135.0,180.0,1.346291201783626
lpJL9-mBNmk_00,38,5,4,807.8827204489523,0.0,-0.09966865249118455,2.0344439357957027,-1.4204248987877626,0.0,0.0,0.5,-0.05000000000001137,4_5,1.0,-0.41162963516967466,9999.0,5.7105931375009344,162.05059700708608,0.5024937810560456
lpJL9-mBNmk_00,39,5,4,807.4710908137827,0.0,3.0419240010986086,2.1112158270654975,-1.5707963267948966,0.0,0.0,-0.5,0.05000000000001137,4_5,1.0,0.41162963516967466,1961.6446966480955,174.28940686249908,149.03624346792552,0.5024937810560456
lpJL9-mBNmk_00,40,5,4,806.9820320180618,0.0,1.5707963267948966,2.356194490192345,-1.5707963267948966,0.0,0.0,0.0,0.75,4_5,1.0,0.4890587957208936,1650.071605048092,90.0,135.0,0.75
lpJL9-mBNmk_00,41,5,4,806.3305773688605,-1.5707963267948966,1.5707963267948966,-2.0344439357957027,-1.5707963267948966,0.0,-0.5,0.0,0.5,4_5,1.0,0.6514546492012414,1237.7386182714558,180.0,26.565051177077994,1.0
lpJL9-mBNmk_00,42,5,4,806.7213645367278,1.5707963267948966,-1.5707963267948966,0.0,-1.5707963267948966,0.0,0.5,0.0,-0.09999999999999432,4_5,1.0,-0.39078716786730183,9999.0,180.0,90.0,0.5999999999999943
lpJL9-mBNmk_00,43,5,4,806.5203422729027,-2.0344439357957027,1.5707963267948966,-1.1071487177940904,1.5707963267948966,-0.25,-0.5,0.0,0.09999999999999432,4_5,1.0,0.2010222638251662,4012.0946154220633,153.434948822922,153.434948822922,0.6499999999999947
lpJL9-mBNmk_00,44,5,4,806.5203422729027,0.0,0.0,-2.0344439357957027,1.5707963267948966,0.0,0.0,0.0,0.0,4_5,1.0,-0.0,9999.0,0.0,153.434948822922,0.0
lpJL9-mBNmk_00,45,5,4,806.1678252696519,0.0,1.5707963267948966,-1.5707963267948966,1.5707963267948966,0.25,0.0,0.0,0.25,4_5,1.0,0.3525170032507958,2286.890611900809,90.0,180.0,0.3535533905932738
lpJL9-mBNmk_00,46,5,4,805.978054912167,0.0,0.0,-0.5880026035475676,1.5707963267948966,0.25,0.0,0.0,0.0,4_5,1.0,0.18977035748491744,4247.123025924765,0.0,123.6900675259798,0.25
lpJL9-mBNmk_00,47,5,4,805.652608138272,0.0,1.5707963267948966,-0.5880026035475676,1.5707963267948966,0.0,0.0,0.0,0.5,4_5,1.0,0.32544677389500976,2475.5280210526166,90.0,123.6900675259798,0.5
lpJL9-mBNmk_00,48,5,4,805.5875402462478,1.5707963267948966,1.5707963267948966,0.5880026035475676,1.7444675251364707,0.0,1.0,0.0,1.0999999999999943,4_5,1.0,0.06506789202410346,12380.722890912612,0.0,66.26055916197183,0.09999999999999432
lpJL9-mBNmk_00,49,5,4,805.5172639366583,-2.0344439357957027,-1.5707963267948966,0.0,1.7359450042095235,-0.25,-0.5,0.0,-0.09999999999999432,4_5,1.0,0.07027630958953068,11462.14519005789,26.565051177077994,99.46232220802563,0.471699056602835
lpJL9-mBNmk_00,50,5,4,805.0022515496463,0.0,1.5707963267948966,0.5880026035475676,1.7234456551901618,0.25,0.0,0.0,0.5,4_5,1.0,0.5150123870120069,1563.0735723078417,90.0,65.05609473657542,0.5590169943749475
lpJL9-mBNmk_00,51,5,4,805.5497749984168,3.141592653589793,-1.5707963267948966,0.0,1.7539071440573815,-0.25,0.0,0.0,-0.5500000000000114,4_5,1.0,-0.5475234487704483,9999.0,90.00000000000001,100.49147701233164,0.604152298679739
lpJL9-mBNmk_00,52,5,4,805.6148024955847,0.0,-1.5707963267948966,0.0,1.7607846147136126,0.0,0.0,0.0,-0.09999999999999432,4_5,1.0,-0.06502749716798917,9999.0,90.0,100.88552705465875,0.09999999999999432
lpJL9-mBNmk_00,53,5,4,805.8697552954819,3.141592653589793,-1.5707963267948966,1.1071487177940904,1.7681918866447774,-0.25,0.0,0.0,-0.09999999999999432,4_5,1.0,-0.25495279989718256,9999.0,90.00000000000001,37.874983651098205,0.2692582403567231
lpJL9-mBNmk_00,54,5,4,805.4749282255781,3.141592653589793,1.5707963267948966,0.0,1.7107209973690138,-0.25,0.0,0.0,0.9000000000000057,4_5,1.0,0.3948270699038403,2040.070171535479,90.0,98.0170930736553,0.9340770846134757
lpJL9-mBNmk_00,55,5,4,805.9947022158397,0.0,-1.5707963267948966,1.5707963267948966,1.750649826587375,0.0,0.0,0.0,-0.8000000000000114,4_5,1.0,-0.5197739902615695,9999.0,90.0,10.304846468766035,0.8000000000000114
lpJL9-mBNmk_00,56,5,4,805.9947022158397,0.0,0.0,1.5707963267948966,1.5707963267948966,0.0,0.0,0.0,0.0,4_5,1.0,-0.0,9999.0,0.0,0.0,0.0
lpJL9-mBNmk_00,57,5,4,805.9297053713804,0.0,1.5707963267948966,3.141592653589793,1.5707963267948966,0.0,0.0,0.0,0.09999999999999432,4_5,1.0,0.06499684445930143,12399.520500968676,90.0,90.0,0.09999999999999432
lpJL9-mBNmk_00,58,5,4,805.9947022158397,0.0,-1.5707963267948966,3.141592653589793,1.741531538270179,0.0,0.0,0.0,-0.09999999999999432,4_5,1.0,-0.06499684445930143,9999.0,90.0,80.21759296819273,0.09999999999999432
lpJL9-mBNmk_00,59,5,4,806.6899590301097,3.141592653589793,1.5707963267948966,3.141592653589793,1.5707963267948966,-1.0,0.0,0.0,0.09999999999999432,4_5,1.0,-0.6952568142700102,9999.0,90.0,90.0,1.0049875621120885
lpJL9-mBNmk_00,60,5,4,806.9822256406891,0.0,-1.5707963267948966,3.141592653589793,1.5707963267948966,0.0,0.0,0.0,-0.44999999999998863,4_5,1.0,-0.29226661057941783,9999.0,90.0,90.0,0.44999999999998863
lpJL9-mBNmk_00,61,5,4,806.179855863442,-0.7853981633974483,1.5707963267948966,3.141592653589793,1.5707963267948966,0.5,-0.5,0.0,0.15000000000000568,4_5,1.0,0.8023697772471223,1004.7485320663395,135.0,90.0,0.8200609733428408
lpJL9-mBNmk_00,62,5,4,806.3050368812042,3.141592653589793,1.5707963267948966,-2.761086276477428,1.5707963267948966,-0.25,0.0,0.0,0.09999999999999432,4_5,1.0,-0.12518101776220192,9999.0,90.0,111.80140948635183,0.2692582403567231
lpJL9-mBNmk_00,63,5,4,806.9546533108289,1.5707963267948966,-1.5707963267948966,2.677945044588987,1.5707963267948966,0.0,0.5,0.0,-0.5,4_5,1.0,-0.6496164296247571,9999.0,180.0,63.43494882292201,1.0
lpJL9-mBNmk_00,64,5,4,806.927234947489,0.0,-1.5707963267948966,2.5535900500422253,1.5707963267948966,0.25,0.0,0.0,-0.25,4_5,1.0,0.027418363339961616,29430.17513271522,90.0,56.309932474020194,0.3535533905932738
lpJL9-mBNmk_00,65,5,4,806.927234947489,0.0,0.0,2.677945044588987,1.5707963267948966,0.0,0.0,0.0,0.0,4_5,1.0,-0.0,9999.0,0.0,63.43494882292201,0.0
lpJL9-mBNmk_00,66,5,4,806.102736938661,0.0,1.5707963267948966,2.0344439357957027,1.5707963267948966,1.0,0.0,0.0,0.09999999999999432,4_5,1.0,0.824498008827959,977.6891251496808,90.0,26.565051177077994,1.0049875621120885
lpJL9-mBNmk_00,67,5,4,806.0051178497566,0.0,1.5707963267948966,2.0344439357957027,1.5707963267948966,0.0,0.0,0.0,0.15000000000000568,4_5,1.0,0.09761908890436644,8256.634300688547,90.0,26.565051177077994,0.15000000000000568
lpJL9-mBNmk_00,68,5,4,806.5747408021156,3.141592653589793,0.0,-2.677945044588987,-1.5707963267948966,-0.75,0.0,0.0,0.0,4_5,1.0,-0.5696229523589409,9999.0,180.0,63.43494882292201,0.75
lpJL9-mBNmk_00,69,5,4,806.5747408021156,0.0,0.0,3.141592653589793,-1.5707963267948966,0.0,0.0,0.0,0.0,4_5,1.0,-0.0,9999.0,0.0,90.00000000000001,0.0
lpJL9-mBNmk_00,70,5,4,805.7448789784519,0.0,1.5707963267948966,3.141592653589793,-1.5707963267948966,0.75,0.0,0.0,0.4000000000000057,4_5,1.0,0.8298618236636912,970.9386020689958,90.0,90.00000000000001,0.8500000000000026
lpJL9-mBNmk_00,71,5,4,806.0051178497566,0.0,-1.5707963267948966,0.0,-1.5707963267948966,0.0,0.0,0.0,-0.4000000000000057,4_5,1.0,-0.2602388713047503,9999.0,90.0,90.0,0.4000000000000057
lpJL9-mBNmk_00,72,5,4,806.6021711475862,3.141592653589793,1.5707963267948966,3.141592653589793,-1.5707963267948966,-1.0,0.0,0.0,0.25,4_5,1.0,-0.5970532978295751,9999.0,90.0,90.00000000000001,1.0307764064044151
lpJL9-mBNmk_00,73,5,4,806.6021711475862,0.0,0.0,3.141592653589793,-1.5707963267948966,0.0,0.0,0.0,0.0,4_5,1.0,-0.0,9999.0,0.0,90.00000000000001,0.0
lpJL9-mBNmk_00,74,5,4,806.5097163084894,0.0,-1.5707963267948966,3.141592653589793,-1.5707963267948966,0.25,0.0,0.0,-0.15000000000000568,4_5,1.0,0.09245483909683117,8723.282893433017,90.0,90.00000000000001,0.29154759474226793
lpJL9-mBNmk_00,75,5,4,806.4121929881765,0.0,1.5707963267948966,3.141592653589793,-1.5707963267948966,0.0,0.0,0.0,0.15000000000000568,4_5,1.0,0.09752332031291644,8268.916505310694,90.0,90.00000000000001,0.15000000000000568
lpJL9-mBNmk_00,76,5,4,806.6021711475862,3.141592653589793,0.0,3.141592653589793,-1.5707963267948966,-0.25,0.0,0.0,0.0,4_5,1.0,-0.1899781594097476,9999.0,180.0,90.00000000000001,0.25
lpJL9-mBNmk_00,77,5,4,806.5097163084894,0.0,-1.5707963267948966,3.141592653589793,-1.5707963267948966,0.25,0.0,0.0,-0.15000000000000568,4_5,1.0,0.09245483909683117,8723.282893433017,90.0,90.00000000000001,0.29154759474226793
lpJL9-mBNmk_00,78,5,4,806.2227049643293,3.141592653589793,1.5707963267948966,3.141592653589793,0.0,-0.05000000000001137,0.0,0.0,0.5,4_5,1.0,0.2870113441600779,2809.027313271165,90.0,180.0,0.5024937810560456
lpJL9-mBNmk_00,79,5,4,806.5371798621561,3.141592653589793,-1.5707963267948966,0.0,-1.5707963267948966,-0.19999999999998863,0.0,0.0,-0.25,4_5,1.0,-0.3144748978268126,9999.0,90.00000000000001,90.0,0.32015621187163534
lpJL9-mBNmk_00,80,5,4,806.6021711475862,0.0,-1.5707963267948966,0.0,0.0,0.0,0.0,0.0,-0.09999999999999432,4_5,1.0,-0.06499128543009647,9999.0,90.0,0.0,0.09999999999999432
lpJL9-mBNmk_00,81,5,4,806.9172649658699,0.0,0.19739555984986984,1.5707963267948966,-0.09966865249118455,0.0,0.0,0.5,0.09999999999999432,4_5,1.0,-0.3150938182836853,9999.0,11.30993247401959,95.71059313750094,0.5099019513592773
lpJL9-mBNmk_00,82,5,4,806.5371798621561,0.0,3.141592653589793,1.1071487177940904,-1.5707963267948966,0.0,0.0,-0.5,0.0,4_5,1.0,0.3800851037137818,2121.991027750218,180.0,153.434948822922,0.5
lpJL9-mBNmk_00,83,5,4,806.7646806845228,0.0,-1.5707963267948966,0.0,0.0,0.0,0.0,0.0,-0.3499999999999943,4_5,1.0,-0.22750082236666458,9999.0,90.0,0.0,0.3499999999999943
lpJL9-mBNmk_00,84,5,4,806.6671695935072,0.0,1.5707963267948966,0.0,1.5707963267948966,0.0,0.0,0.0,0.15000000000000568,4_5,1.0,0.09751109101557631,8272.568393934296,90.0,90.0,0.15000000000000568
lpJL9-mBNmk_00,85,5,4,806.7646806845228,0.0,-1.5707963267948966,0.0,1.5707963267948966,0.0,0.0,0.0,-0.15000000000000568,4_5,1.0,-0.09751109101557631,9999.0,90.0,90.0,0.15000000000000568
lpJL9-mBNmk_00,86,5,4,806.7646806845228,0.0,0.0,3.141592653589793,1.5707963267948966,0.0,0.0,0.0,0.0,4_5,1.0,-0.0,9999.0,0.0,90.0,0.0
lpJL9-mBNmk_00,87,5,4,806.9822256406891,3.141592653589793,1.5707963267948966,3.141592653589793,1.5707963267948966,-0.5,0.0,0.0,0.25,4_5,1.0,-0.2175449561663072,9999.0,90.0,90.0,0.5590169943749475
lpJL9-mBNmk_00,88,5,4,806.9822256406891,0.0,0.0,3.141592653589793,1.5707963267948966,0.0,0.0,0.0,0.0,4_5,1.0,-0.0,9999.0,0.0,90.0,0.0
lpJL9-mBNmk_00,89,5,4,807.2096443923351,0.0,-1.5707963267948966,3.141592653589793,-1.5707963267948966,0.0,0.0,0.0,-0.3499999999999943,4_5,1.0,-0.22741875164604153,9999.0,90.0,90.00000000000001,0.3499999999999943
lpJL9-mBNmk_00,90,5,4,806.1149111634147,0.7853981633974483,1.5707963267948966,2.677945044588987,1.5707963267948966,0.5,0.5,0.0,1.5999999999999943,4_5,1.0,1.0947332289204041,736.3573972796853,45.0,63.43494882292201,1.208304597359452
lpJL9-mBNmk_00,91,5,4,805.962834130706,0.0,0.0,2.582993338246237,1.5707963267948966,0.19999999999998863,0.0,0.0,0.0,4_5,1.0,0.15207703270868933,5299.701209153426,0.0,57.99461679191686,0.19999999999998863
lpJL9-mBNmk_00,92,5,4,806.1902148376647,0.0,-1.5707963267948966,1.1902899496825512,1.5707963267948966,0.0,0.0,0.0,-0.3499999999999943,4_5,1.0,-0.22738070695868373,9999.0,90.0,21.801409486350696,0.3499999999999943
lpJL9-mBNmk_00,93,5,4,806.0277910841537,0.0,1.5707963267948966,1.1902899496825512,1.5707963267948966,0.0,0.0,0.0,0.25,4_5,1.0,0.1624237535110069,4962.499472280278,90.0,21.801409486350696,0.25
lpJL9-mBNmk_00,94,5,4,805.962834130706,0.0,1.5707963267948966,1.670464979286081,1.5707963267948966,0.0,0.0,0.0,0.09999999999999432,4_5,1.0,0.06495695344767682,12407.64523816397,90.0,5.710593137500933,0.09999999999999432
lpJL9-mBNmk_00,95,5,4,805.734757845285,0.0,0.0,1.1071487177940904,1.5707963267948966,0.30000000000001137,0.0,0.0,0.0,4_5,1.0,0.2280762854210252,3532.7423732717825,0.0,26.565051177077994,0.30000000000001137
lpJL9-mBNmk_00,96,5,4,805.572350878554,-1.5707963267948966,-1.5707963267948966,0.0,1.5707963267948966,0.0,-0.5,0.0,-0.25,4_5,1.0,0.16240696673105504,4960.208093859526,0.0,90.0,0.25
lpJL9-mBNmk_00,97,5,4,805.4099887634868,0.0,1.5707963267948966,0.0,1.5707963267948966,0.0,0.0,0.0,0.25,4_5,1.0,0.1623621150671397,4960.578324755347,90.0,90.0,0.25
lpJL9-mBNmk_00,98,5,4,805.4099887634868,0.0,0.0,0.0,1.5707963267948966,0.0,0.0,0.0,0.0,4_5,1.0,-0.0,9999.0,0.0,90.0,0.0
lpJL9-mBNmk_00,99,5,4,805.5827331813908,0.0,-1.5707963267948966,0.0,1.5707963267948966,0.19999999999998863,0.0,0.0,-0.5,4_5,1.0,-0.17274441790402761,9999.0,90.0,90.0,0.5385164807134462
lpJL9-mBNmk_00,100,5,4,805.6697896781286,3.141592653589793,1.5707963267948966,0.0,1.5707963267948966,-0.19999999999998863,0.0,0.0,0.09999999999999432,4_5,1.0,-0.08705649673777316,9999.0,90.0,90.0,0.22360679774996628
lpJL9-mBNmk_00,101,5,4,805.734757845285,0.0,-1.5707963267948966,0.0,2.2264919530364287,0.0,0.0,0.0,-0.09999999999999432,4_5,1.0,-0.06496816715639397,9999.0,90.0,127.56859202882725,0.09999999999999432
lpJL9-mBNmk_00,102,5,4,805.6697896781286,0.0,1.5707963267948966,0.0,1.5707963267948966,0.0,0.0,0.0,0.09999999999999432,4_5,1.0,0.06496816715639397,12400.993054624552,90.0,90.0,0.09999999999999432
lpJL9-mBNmk_00,103,5,4,805.4099887634868,0.0,1.5707963267948966,0.0,1.5707963267948966,0.0,0.0,0.0,0.4000000000000057,4_5,1.0,0.2598009146418008,3100.104516082793,90.0,90.0,0.4000000000000057
lpJL9-mBNmk_00,104,5,4,805.734757845285,0.0,-1.5707963267948966,0.0,1.5707963267948966,0.0,0.0,0.0,-0.5,4_5,1.0,-0.32476908179819475,9999.0,90.0,90.0,0.5
lpJL9-mBNmk_00,105,5,4,805.734757845285,0.0,0.0,0.0,1.5707963267948966,0.0,0.0,0.0,0.0,4_5,1.0,-0.0,9999.0,0.0,90.0,0.0
lpJL9-mBNmk_00,106,5,4,806.2772863599719,3.141592653589793,-1.5707963267948966,0.0,1.5707963267948966,-0.5,0.0,0.0,-0.25,4_5,1.0,-0.5425285146868646,9999.0,90.00000000000001,90.0,0.5590169943749475
lpJL9-mBNmk_00,107,5,4,805.9727662892834,0.0,-1.5707963267948966,0.0,1.5707963267948966,0.6999999999999886,0.0,0.0,-0.3499999999999943,4_5,1.0,0.3045200706884543,2646.698342303522,90.0,90.0,0.7826237921249136
lpJL9-mBNmk_00,108,5,4,806.0597062252895,1.951302703907242,1.5707963267948966,0.46364760900080615,1.5707963267948966,-0.19999999999998863,0.5,0.0,0.5999999999999943,4_5,1.0,-0.08693993600604699,9999.0,21.801409486350696,63.43494882292201,0.22360679774996628
lpJL9-mBNmk_00,109,5,4,806.2222475843743,0.0,-1.5707963267948966,0.46364760900080615,1.5707963267948966,0.0,0.0,0.0,-0.25,4_5,1.0,-0.1625413590847984,9999.0,90.0,63.43494882292201,0.25
lpJL9-mBNmk_00,110,5,4,806.5747408021156,3.141592653589793,-1.5707963267948966,0.0,-1.5707963267948966,-0.25,0.0,0.0,-0.25,4_5,1.0,-0.35249321774131204,9999.0,90.00000000000001,90.0,0.3535533905932738
lpJL9-mBNmk_00,111,5,4,806.5378664390159,-2.4037775934693384,1.5707963267948966,-2.356194490192345,-1.5707963267948966,-0.5500000000000114,-0.5,0.0,0.19999999999998863,4_5,1.0,0.03687436309962777,21872.59110780838,132.27368900609315,45.0,0.8902246907382408
lpJL9-mBNmk_00,112,5,4,806.7646806845228,1.0303768265242956,-1.5707963267948966,3.141592653589793,-1.5707963267948966,0.30000000000001137,0.5,0.0,-0.19999999999998863,4_5,1.0,-0.22681424550683005,9999.0,149.03624346792552,90.00000000000001,0.7615773105863848
lpJL9-mBNmk_00,113,5,4,806.7646806845228,0.0,0.0,3.141592653589793,-1.5707963267948966,0.0,0.0,0.0,0.0,4_5,1.0,-0.0,9999.0,0.0,90.00000000000001,0.0
lpJL9-mBNmk_00,114,5,4,806.6671695935072,0.0,1.5707963267948966,3.141592653589793,-1.5707963267948966,0.0,0.0,0.0,0.15000000000000568,4_5,1.0,0.09751109101557631,8272.568393934296,90.0,90.00000000000001,0.15000000000000568
lpJL9-mBNmk_00,115,5,4,806.6346694755935,0.0,1.5707963267948966,3.141592653589793,-1.5707963267948966,0.0,0.0,0.0,0.04999999999998295,4_5,1.0,0.03250011791374163,24819.438243777382,90.0,90.00000000000001,0.04999999999998295
lpJL9-mBNmk_00,116,5,4,807.1027335475949,-2.356194490192345,-0.09966865249112826,3.141592653589793,-0.8760580505981886,-0.5,-0.5,0.5,-0.04999999999998295,4_5,1.0,-0.4680640720014253,9999.0,129.2894068625023,129.8055710922655,1.0965856099730724
lpJL9-mBNmk_00,117,5,4,806.8198373862656,0.0,-2.8501358591119157,3.141592653589793,-1.5707963267948966,0.0,0.0,-0.5,-0.15000000000000568,4_5,1.0,0.2828961613292904,2851.9999479495564,163.30075576600578,90.00000000000001,0.5220153254455291
lpJL9-mBNmk_00,118,5,4,807.2336588621661,3.141592653589793,0.5404195002706009,3.141592653589793,-0.9505468408120674,-0.30000000000001137,0.0,0.5,0.30000000000001137,4_5,1.0,-0.4138214759004768,9999.0,149.03624346792552,125.53767779197483,0.8544003745317678
lpJL9-mBNmk_00,119,5,4,806.8769500363732,-1.5707963267948966,1.5707963267948966,-2.819842099193151,-0.29145679447787753,0.0,-0.5,0.0,0.04999999999998295,4_5,1.0,0.3567088257929072,2262.0044464636208,180.0,144.86580694308378,0.549999999999983
lpJL9-mBNmk_00,120,5,4,808.022703888944,0.0,-1.5707963267948966,-2.582993338246237,-1.3808080388761805,0.5,0.0,0.0,-2.3499999999999943,4_5,1.0,-1.145753852570806,9999.0,90.0,68.88014384657562,2.4026027553467872
lpJL9-mBNmk_00,121,5,4,806.0651726132323,3.141592653589793,1.5707963267948966,-2.677945044588987,0.9827937232473289,-0.19999999999998863,0.0,0.0,3.25,4_5,1.0,1.9575312757116308,411.77639540916124,90.0,150.2551187030578,3.2561480310329864
lpJL9-mBNmk_00,122,5,4,806.2271702194115,0.0,-1.5707963267948966,-2.677945044588987,0.6747409422235596,0.0,0.0,0.0,-0.25,4_5,1.0,-0.16199760617917036,9999.0,90.0,167.9052429229875,0.25
lpJL9-mBNmk_00,123,5,4,806.324390366557,0.0,-1.5707963267948966,-2.677945044588987,-0.29145679447787753,0.0,0.0,0.0,-0.15000000000000568,4_5,1.0,-0.09722014714554916,9999.0,90.0,136.7357045889278,0.15000000000000568
lpJL9-mBNmk_00,124,5,4,806.741633052367,2.0344439357957027,1.5707963267948966,3.141592653589793,0.7853981633974483,-0.25,0.5,0.0,0.15000000000000568,4_5,1.0,-0.4172426858099243,9999.0,26.565051177077994,135.0,0.4301162633521267
lpJL9-mBNmk_00,125,5,4,807.1871979287085,0.0,-0.19739555984986984,3.141592653589793,0.3805063771123698,0.0,0.0,0.5,-0.09999999999999432,4_5,1.0,-0.44556487634156383,9999.0,11.30993247401959,158.1985905136479,0.5099019513592773
lpJL9-mBNmk_00,126,5,4,807.3210080259277,0.0,-1.5707963267948966,3.141592653589793,0.1488899476095028,0.25,0.0,0.0,-0.5,4_5,1.0,-0.1338100972191114,9999.0,90.0,171.46923439005155,0.5590169943749475
lpJL9-mBNmk_00,127,5,4,807.1223962324426,3.141592653589793,1.5707963267948966,3.141592653589793,0.832981266674429,-0.25,0.0,0.0,0.5999999999999943,4_5,1.0,0.19861179348504265,4063.8190817869363,90.0,132.2736890060939,0.6499999999999947
lpJL9-mBNmk_00,137,5,4,808.18531445455,0.0,-1.8692952583810758,-2.1112158270654975,-1.5707963267948966,0.0,0.0,-1.0,-3.25,4_5,10.0,-0.10629182221074415,9999.0,107.10272896905236,30.963756532074484,0.3400367627183861
lpJL9-mBNmk_00,138,5,4,808.5432146768655,0.0,-1.5707963267948966,-1.5707963267948966,-1.5707963267948966,0.0,0.0,0.0,-0.5500000000000114,4_5,1.0,-0.357900222315493,9999.0,90.0,0.0,0.5500000000000114
lpJL9-mBNmk_00,139,5,4,808.3806096140604,0.0,-1.5707963267948966,0.0,-1.5707963267948966,0.30000000000001137,0.0,0.0,-0.09999999999999432,4_5,1.0,0.16260506280514164,4971.435671611198,90.0,90.0,0.31622776601684693
lpJL9-mBNmk_00,140,5,4,808.4457310172403,0.0,-1.5707963267948966,3.141592653589793,-1.5707963267948966,0.0,0.0,0.0,-0.09999999999999432,4_5,1.0,-0.06512140317988724,9999.0,90.0,90.00000000000001,0.09999999999999432
lpJL9-mBNmk_00,141,5,4,808.4782943901463,0.0,-1.5707963267948966,0.0,-1.5707963267948966,0.0,0.0,0.0,-0.05000000000001137,4_5,1.0,-0.03256337290599731,9999.0,90.0,90.0,0.05000000000001137
lpJL9-mBNmk_00,142,5,4,808.4457310172403,0.0,1.5707963267948966,0.0,-1.5707963267948966,0.0,0.0,0.0,0.05000000000001137,4_5,1.0,0.03256337290599731,24826.84251877194,90.0,90.0,0.05000000000001137
lpJL9-mBNmk_00,143,5,4,808.348051584217,0.0,1.5707963267948966,0.0,-1.5707963267948966,0.0,0.0,0.0,0.15000000000000568,4_5,1.0,0.09767943302324511,8275.51948824121,90.0,90.0,0.15000000000000568
lpJL9-mBNmk_00,144,5,4,808.9017801933682,1.5707963267948966,-1.5707963267948966,0.0,-1.5707963267948966,0.0,0.5,0.0,-0.3499999999999943,4_5,1.0,-0.5537286091511078,9999.0,180.0,90.0,0.8499999999999943
lpJL9-mBNmk_00,148,5,4,808.9669585341543,0.0,-1.5707963267948966,0.0,-1.6967089524806942,0.0,0.0,0.0,-0.6000000000000227,4_5,4.0,-0.016294585196533262,9999.0,90.0,97.21426203920673,0.15000000000000568
lpJL9-mBNmk_00,0,6,4,859.6476385705948,0.0,0.0,0.0,0.0,,,,,4_6,,0.0,9999.0,0.0,0.0,0.0
lpJL9-mBNmk_00,1,6,4,859.4836022286871,3.141592653589793,1.5707963267948966,3.141592653589793,1.5707963267948966,-0.75,0.0,0.0,1.25,4_6,1.0,0.16403634190771754,5239.592594135082,90.0,90.0,1.4577379737113252
lpJL9-mBNmk_00,2,6,4,858.6587739026488,0.0,1.5707963267948966,0.0,1.5707963267948966,1.0,0.0,0.0,0.05000000000001137,4_6,1.0,0.8248283260383005,1041.0151382977328,90.0,90.0,1.0012492197250398
lpJL9-mBNmk_00,3,6,4,861.6067345372829,-3.0187574147118985,-1.5707963267948966,-3.0107652575157364,1.5707963267948966,-4.050000000000011,-0.5,0.0,-0.05000000000001137,4_6,1.0,-2.9479606346341143,9999.0,82.96205923681535,97.49585763972988,4.0749233121618476
lpJL9-mBNmk_00,4,6,4,862.3635268841093,0.0,-1.5707963267948966,-3.0107652575157364,0.0,0.0,0.0,0.0,-1.25,4_6,1.0,-0.7567923468263871,9999.0,90.0,172.50414236027015,1.25
lpJL9-mBNmk_00,5,6,4,865.4210839238897,3.141592653589793,-1.5707963267948966,-3.074579055544988,-1.5707963267948966,-3.6499999999999773,0.0,0.0,-0.25,4_6,1.0,-3.057557039780363,9999.0,90.00000000000001,86.16040366204653,3.6585516259853206
lpJL9-mBNmk_00,6,6,4,865.4210839238897,0.0,0.0,-3.074579055544988,-1.5707963267948966,0.0,0.0,0.0,0.0,4_6,1.0,-0.0,9999.0,0.0,86.16040366204653,0.0
lpJL9-mBNmk_00,7,6,4,860.925063521791,0.0,0.0,-2.8706458032513744,-1.5707963267948966,5.649999999999977,0.0,0.0,0.0,4_6,1.0,4.496020402098679,191.48602242105557,0.0,74.47588900324585,5.649999999999977
lpJL9-mBNmk_00,8,6,4,859.7337174962954,0.0,0.0,-2.1112158270654975,-1.5707963267948966,1.5,0.0,0.0,0.0,4_6,1.0,1.1913460254955908,721.649041586094,0.0,30.963756532074484,1.5
lpJL9-mBNmk_00,9,6,4,859.9998604651049,3.141592653589793,1.5707963267948966,-2.5535900500422253,-1.5707963267948966,-0.44999999999998863,0.0,0.0,0.15000000000000568,4_6,1.0,-0.26614296880950405,9999.0,90.0,56.309932474020194,0.47434164902524795
lpJL9-mBNmk_00,10,6,4,859.6410675392375,0.4844779290370282,-1.5707963267948966,0.0,-1.5707963267948966,0.9499999999999886,0.5,0.0,-0.15000000000000568,4_6,1.0,0.3587929258674194,2395.9253529343296,117.75854060106032,90.0,1.1510864433221277
lpJL9-mBNmk_00,11,6,4,859.4943993418457,0.0,-1.5707963267948966,0.0,-1.5707963267948966,0.30000000000001137,0.0,0.0,-0.15000000000000568,4_6,1.0,0.14666819739181847,5860.12792565889,90.0,90.0,0.33541019662498117
lpJL9-mBNmk_00,12,6,4,859.25087285379,0.0,1.5707963267948966,0.0,0.0,0.0,0.0,0.0,0.4000000000000057,4_6,1.0,0.24352648805563604,3528.367200275502,90.0,0.0,0.4000000000000057
lpJL9-mBNmk_00,13,6,4,859.3173758862322,0.0,-1.5707963267948966,0.0,-1.5707963267948966,0.30000000000001137,0.0,0.0,-0.5,4_6,1.0,-0.06650303244214228,9999.0,90.0,90.0,0.5830951894845359
lpJL9-mBNmk_00,14,6,4,859.25087285379,3.141592653589793,1.5707963267948966,0.0,0.0,-0.30000000000001137,0.0,0.0,0.5,4_6,1.0,0.06650303244214228,12920.476575280072,90.0,0.0,0.5830951894845359
lpJL9-mBNmk_00,15,6,4,859.7534762942224,1.2120256565243244,1.5707963267948966,1.0121970114513341,1.5707963267948966,0.75,2.0,0.0,0.19999999999998863,4_6,1.0,-0.5026034404323809,9999.0,20.55604521958347,32.005383208083494,1.9500000000000106
lpJL9-mBNmk_00,16,6,4,859.7138724599017,1.471127674303712,1.5707963267948966,1.0912770348022969,1.5707963267948966,0.05000000000001137,0.5,0.0,0.5,4_6,1.0,0.039603834320701026,21707.844384414242,5.710593137500933,27.47443162627734,0.05000000000001137
lpJL9-mBNmk_00,17,6,4,858.8020086143255,-1.4711276743037496,-1.5707963267948966,0.60374933339744,1.5707963267948966,0.14999999999997726,-1.5,0.0,-0.19999999999998863,4_6,1.0,0.9118638455762493,941.8094738382882,5.710593137498782,55.40771131248985,1.3086252328302488
lpJL9-mBNmk_00,18,6,4,858.8410795950552,-2.2455372690184445,0.0,-1.1071487177940904,1.5707963267948966,-1.1999999999999886,-1.5,0.0,0.0,4_6,1.0,-0.03907098072977533,9999.0,128.65980825408982,153.434948822922,1.9209372712298476
lpJL9-mBNmk_00,19,6,4,864.3099632076446,3.141592653589793,1.5707963267948966,-3.067103863375911,1.5707963267948966,-6.949999999999989,0.0,0.0,0.09999999999999432,4_6,1.0,-5.468883612589366,9999.0,90.0,94.26789330029086,6.950719387228911
lpJL9-mBNmk_00,20,6,4,865.6461762752724,3.141592653589793,-1.5707963267948966,-3.0814244024347834,1.5707963267948966,-1.6000000000000227,0.0,0.0,-0.09999999999999432,4_6,1.0,-1.3362130676277957,9999.0,90.00000000000001,93.4473868518652,1.603121954188162
lpJL9-mBNmk_00,21,6,4,865.9653009792021,3.141592653589793,0.0,-3.0787823009356923,-1.5707963267948966,-0.39999999999997726,0.0,0.0,0.0,4_6,1.0,-0.31912470392967407,9999.0,180.0,86.4012318831917,0.39999999999997726
lpJL9-mBNmk_00,22,6,4,858.8090649265412,0.052860762242514715,-1.5707963267948966,0.0,-1.5707963267948966,9.449999999999989,0.5,0.0,-0.09999999999999432,4_6,1.0,7.1562360526609154,120.00848750750875,93.0286985783406,90.0,9.469028461251966
lpJL9-mBNmk_00,23,6,4,861.9421398794701,1.35970299357215,-1.5707963267948966,0.6465131478772342,-1.5707963267948966,0.75,3.5,0.0,-2.5999999999999943,4_6,1.0,-3.1330749529289506,9999.0,167.90524292298792,127.04247477308279,6.145933615001055
lpJL9-mBNmk_00,24,6,4,861.6220168960401,-1.1071487177940904,-1.5707963267948966,0.5626380655973023,-1.5707963267948966,0.25,-0.5,0.0,-0.30000000000001137,4_6,1.0,0.32012298342999657,2691.5343836424563,26.565051177077994,122.23678655213018,0.32015621187163534
lpJL9-mBNmk_00,25,6,4,861.09610381188,-1.1902899496825512,1.5707963267948966,0.30893074392374226,-1.5707963267948966,0.19999999999998863,-0.5,0.0,0.09999999999999432,4_6,1.0,0.5259130841601518,1637.3353881982098,158.1985905136493,107.70042778866724,0.6324555320336669
lpJL9-mBNmk_00,26,6,4,860.7896665271952,-1.5707963267948966,0.0,0.2599401401885286,-1.5707963267948966,0.0,-0.5,0.0,0.0,4_6,1.0,0.30643728468476183,2809.023932621994,90.0,104.89347295884164,0.5
lpJL9-mBNmk_00,27,6,4,860.4221812575498,-1.5707963267948966,1.5707963267948966,0.48995732625372834,-1.5707963267948966,0.0,-0.5,0.0,0.09999999999999432,4_6,1.0,0.3674852696453854,2341.3786954993784,180.0,118.07248693585296,0.5999999999999943
lpJL9-mBNmk_00,28,6,4,861.8194779070615,1.5374753309166418,-0.3805063771123453,0.9894161429899945,-1.3521273809209546,0.05000000000001137,1.5,0.5,-0.19999999999998863,4_6,1.0,-1.3972966495116452,9999.0,109.89225705335389,134.16056146628753,1.7585505395068837
lpJL9-mBNmk_00,29,6,4,861.6661911668579,-1.5707963267948966,-1.5707963267948966,0.828849058788979,-1.3843094251276802,0.0,-0.5,0.0,-0.25,4_6,1.0,0.15328674020361177,5621.270241785434,0.0,126.80464052199643,0.25
lpJL9-mBNmk_00,30,6,4,860.3788772976706,-1.7681918866447774,1.5707963267948966,0.0,-1.3521273809209546,-0.5,-2.5,0.0,0.25,4_6,1.0,1.287313869187301,668.3520607455582,168.69006752597977,77.47119229084849,2.7950849718747373
lpJL9-mBNmk_00,31,6,4,860.6632340817168,1.0808390005411623,0.0,0.6947382761967001,-1.3370531459259944,0.8000000000000114,1.5,0.0,0.0,4_6,1.0,-0.28435678404628106,9999.0,61.92751306414669,116.41307333851388,1.7000000000000053
lpJL9-mBNmk_00,32,6,4,861.8893214908745,1.5707963267948966,0.0,1.095785570529797,-1.3734007669450157,0.0,2.0,0.0,0.0,4_6,1.0,-1.2260874091576852,9999.0,90.0,141.47395596867216,2.0
lpJL9-mBNmk_00,33,6,4,861.5129496995388,-1.862253121272774,0.0,1.1232763516377304,-1.3258176636680323,-0.30000000000001137,-1.0,0.0,0.0,4_6,1.0,0.3763717913357141,2288.994471775094,106.69924423399421,140.32275070776842,1.0440306508910582
lpJL9-mBNmk_00,34,6,4,860.4705021091659,-1.7681918866447774,-1.5707963267948966,0.0,-1.3843094251276802,-0.5,-2.5,0.0,-0.15000000000000568,4_6,1.0,1.0424475903729444,825.4328659355673,11.309932474020222,79.31508759999731,2.4026027553467872
lpJL9-mBNmk_00,35,6,4,860.2330062256389,0.0,0.0,-1.3024301158889844,-1.3971251284533224,0.30000000000001137,0.0,0.0,0.0,4_6,1.0,0.23749588352700357,3622.0964904759257,0.0,5.42562456087487,0.30000000000001137
lpJL9-mBNmk_00,36,6,4,859.6775921820924,3.141592653589793,2.2264919530364287,-1.4909663410826637,-1.5707963267948966,-0.30000000000001137,0.0,-0.5,0.6500000000000057,4_6,1.0,0.5554140435464205,1547.813927593356,52.43140797117274,4.573921259900608,0.6800735254367742
lpJL9-mBNmk_00,37,6,4,861.2560972207976,-2.8706458032513744,-1.5707963267948966,-2.4329663814621227,-1.5707963267948966,-1.8000000000000114,-0.5,0.0,-0.75,4_6,1.0,-1.5785050387052024,9999.0,74.47588900324585,49.39870535499552,1.817278184538636
lpJL9-mBNmk_00,38,6,4,860.7600652911356,0.3120421215625312,-0.09966865249118455,0.46364760900080615,-1.4204248987877626,1.5500000000000114,0.5,0.5,-0.05000000000001137,4_6,1.0,0.496031929662081,1735.2916492241206,23.58928973334216,107.94940299291392,1.1853269591129851
lpJL9-mBNmk_00,39,6,4,860.3732707377652,3.141592653589793,3.0419240010986086,0.06320683189746042,-1.5707963267948966,-0.05000000000001137,0.0,-0.5,0.05000000000001137,4_6,1.0,0.3867945533703505,2224.3675957711057,5.710593137500933,93.62148470411735,0.4527692569068608
lpJL9-mBNmk_00,40,6,4,859.7684644716855,-1.951302703907242,1.5707963267948966,0.0,-1.5707963267948966,-0.19999999999998863,-0.5,0.0,0.75,4_6,1.0,0.6048062660796631,1421.5601138603938,158.1985905136493,90.0,1.2658988901172143
lpJL9-mBNmk_00,41,6,4,866.3757859612653,3.141592653589793,1.5707963267948966,0.0,-1.5707963267948966,-8.699999999999989,0.0,0.0,0.5,4_6,1.0,-6.607321489579704,9999.0,90.0,90.0,8.714355971613726
lpJL9-mBNmk_00,42,6,4,860.1587135523304,0.0,-1.5707963267948966,-2.4037775934693384,-1.5707963267948966,7.899999999999977,0.0,0.0,-0.09999999999999432,4_6,1.0,6.217072408934882,138.35430198885103,90.0,47.72631099390685,7.900632886041449
lpJL9-mBNmk_00,43,6,4,859.6220695747638,0.0,1.5707963267948966,-1.7440419932472588,1.5707963267948966,0.6000000000000227,0.0,0.0,0.09999999999999432,4_6,1.0,0.5366439775665413,1601.8479765165628,90.0,170.07375449334845,0.6082762530298435
lpJL9-mBNmk_00,44,6,4,859.4635318034151,0.0,0.0,-1.781889660017643,1.5707963267948966,0.19999999999998863,0.0,0.0,0.0,4_6,1.0,0.15853777134873326,5421.190953371392,0.0,167.90524292298792,0.19999999999998863
lpJL9-mBNmk_00,45,6,4,859.4178625674474,1.1071487177940904,1.5707963267948966,-1.8438050298816029,1.5707963267948966,0.25,0.5,0.0,0.25,4_6,1.0,0.04566923596769357,18818.310496269303,26.565051177077994,164.35775354279153,0.3535533905932738
lpJL9-mBNmk_00,46,6,4,859.3782432666073,0.0,0.0,-1.8850282258792246,1.5707963267948966,0.05000000000001137,0.0,0.0,0.0,4_6,1.0,0.03961930084005871,21690.898755025424,0.0,161.9958383940872,0.05000000000001137
lpJL9-mBNmk_00,47,6,4,859.0733175928584,0.0,1.5707963267948966,-1.9797041557458093,1.5707963267948966,0.0,0.0,0.0,0.5,4_6,1.0,0.3049256737489259,2817.320388378365,90.0,156.57130719125533,0.5
lpJL9-mBNmk_00,48,6,4,858.2444785723937,0.0,1.5707963267948966,-1.7359450042095235,1.7444675251364707,0.19999999999998863,0.0,0.0,1.0999999999999943,4_6,1.0,0.8288390204646703,1035.4778882046817,90.0,160.58705110402278,1.1180339887498871
lpJL9-mBNmk_00,49,6,4,859.2761866827219,1.2977876237081902,-1.5707963267948966,0.0,1.7359450042095235,0.6999999999999886,2.5,0.0,-0.09999999999999432,4_6,1.0,-1.031708110328168,9999.0,164.35775354279153,99.46232220802563,2.6925824035672434
lpJL9-mBNmk_00,50,6,4,859.9775374973465,2.0344439357957027,1.5707963267948966,1.5137155443886352,1.7234456551901618,-0.5,1.0,0.0,0.5,4_6,1.0,-0.7013508146245613,9999.0,26.565051177077994,12.016650185738595,0.7071067811865476
lpJL9-mBNmk_00,51,6,4,860.5116675559954,3.141592653589793,-1.5707963267948966,1.9726669742353626,1.7539071440573815,-0.25,0.0,0.0,-0.5500000000000114,4_6,1.0,-0.5341300586488842,9999.0,90.00000000000001,12.534014996196943,0.604152298679739
lpJL9-mBNmk_00,52,6,4,858.9392658971877,-1.6539375586833378,-1.5707963267948966,-1.9222411207984549,1.7607846147136126,-0.25,-3.0,0.0,-0.09999999999999432,4_6,1.0,1.572401658807621,546.2594503674945,4.763641690726179,148.97816951709274,2.9107559155655824
lpJL9-mBNmk_00,53,6,4,859.983030355832,1.4219063791853936,-1.5707963267948966,3.141592653589793,1.7681918866447774,0.30000000000001137,2.0,0.0,-0.09999999999999432,4_6,1.0,-1.0437644586443184,9999.0,171.46923439005155,78.69006752597979,2.1213203435596384
lpJL9-mBNmk_00,54,6,4,860.2024543675751,1.7681918866447663,1.5707963267948966,1.627877109201158,1.7107209973690138,-0.19999999999998863,1.0,0.0,0.9000000000000057,4_6,1.0,-0.21942401174305814,9999.0,11.309932474019586,4.7466051504719236,0.22360679774996628
lpJL9-mBNmk_00,55,6,4,860.3857928278454,-1.5707963267948966,-1.5707963267948966,1.7359450042095235,1.750649826587375,0.0,-0.5,0.0,-0.8000000000000114,4_6,1.0,-0.1833384602703063,9999.0,0.0,0.8425242607404138,0.30000000000001137
lpJL9-mBNmk_00,56,6,4,860.0802651497127,-1.5707963267948966,0.0,1.6506263125071294,1.5707963267948966,0.0,-0.5,0.0,0.0,4_6,1.0,0.30552767813276205,2815.0649735111033,90.0,4.573921259900608,0.5
lpJL9-mBNmk_00,57,6,4,859.9004186532298,0.0,1.5707963267948966,1.0427218783685368,1.5707963267948966,0.14999999999997726,0.0,0.0,0.09999999999999432,4_6,1.0,0.17984649648280993,4781.302029619581,90.0,30.256437163529277,0.18027756377317739
lpJL9-mBNmk_00,58,6,4,859.9615107666156,0.0,-1.5707963267948966,1.4909663410826637,1.741531538270179,0.0,0.0,0.0,-0.09999999999999432,4_6,1.0,-0.061092113385711855,9999.0,90.0,14.356328291707879,0.09999999999999432
lpJL9-mBNmk_00,59,6,4,860.5116675559954,1.5707963267948966,1.5707963267948966,1.4994888620096063,1.5707963267948966,0.0,1.0,0.0,0.09999999999999432,4_6,1.0,-0.5501567893797983,9999.0,0.0,4.085616779974873,0.9000000000000057
lpJL9-mBNmk_00,60,6,4,860.1358177636832,-1.5208379310729425,-1.5707963267948966,1.4056476493802696,1.5707963267948966,0.05000000000001137,-1.0,0.0,-0.44999999999998863,4_6,1.0,0.375849792312124,2288.5094933067953,2.8624052261123945,9.462322208025622,0.5522680508593754
lpJL9-mBNmk_00,61,6,4,860.0441398556239,0.0,1.5707963267948966,0.3152146997507114,1.5707963267948966,0.0,0.0,0.0,0.15000000000000568,4_6,1.0,0.09167790805929599,9381.149265528173,90.0,71.9395280638008,0.15000000000000568
lpJL9-mBNmk_00,62,6,4,858.9605637047606,-1.695151321341658,1.5707963267948966,0.7610127542247244,1.5707963267948966,-0.25,-2.0,0.0,0.09999999999999432,4_6,1.0,1.0835761508633368,792.7089969822479,172.87498365109818,46.39718102729668,2.1148285982556545
lpJL9-mBNmk_00,63,6,4,859.305011331832,3.141592653589793,-1.5707963267948966,1.1902899496825512,1.5707963267948966,-0.05000000000001137,0.0,0.0,-0.5,4_6,1.0,-0.34444762707141763,9999.0,90.00000000000001,21.801409486350696,0.5024937810560456
lpJL9-mBNmk_00,64,6,4,859.11295095581,-1.471127674303712,-1.5707963267948966,1.1071487177940904,1.5707963267948966,0.05000000000001137,-0.5,0.0,-0.25,4_6,1.0,0.1920603760220274,4473.140002898246,5.710593137500933,26.565051177077994,0.2549509756796415
lpJL9-mBNmk_00,65,6,4,859.4574829507275,1.670464979286081,0.0,1.670464979286081,1.5707963267948966,-0.05000000000001137,0.5,0.0,0.0,4_6,1.0,-0.34453199491747455,9999.0,95.71059313750094,5.710593137500933,0.5024937810560456
lpJL9-mBNmk_00,66,6,4,859.3964888222432,0.0,1.5707963267948966,1.768191886644821,1.5707963267948966,0.0,0.0,0.0,0.09999999999999432,4_6,1.0,0.06099412848425345,14089.823236741702,90.0,11.309932474022714,0.09999999999999432
lpJL9-mBNmk_00,67,6,4,858.9605637047606,-1.471127674303712,1.5707963267948966,3.141592653589793,1.5707963267948966,0.05000000000001137,-0.5,0.0,0.15000000000000568,4_6,1.0,0.4359251174826113,1970.4314554414814,174.28940686249908,90.0,0.6519202405202714
lpJL9-mBNmk_00,68,6,4,859.2653839181467,1.5707963267948966,0.0,2.0344439357957027,-1.5707963267948966,0.0,0.5,0.0,0.0,4_6,1.0,-0.30482021338605136,9999.0,90.0,153.434948822922,0.5
lpJL9-mBNmk_00,69,6,4,858.9605637047606,-1.5707963267948966,0.0,-1.933943336741069,-1.5707963267948966,0.0,-0.5,0.0,0.0,4_6,1.0,0.30482021338605136,2817.925209628066,90.0,20.806791012711013,0.5
lpJL9-mBNmk_00,70,6,4,859.0611517814084,1.670464979286081,1.5707963267948966,-1.7359450042095235,-1.5707963267948966,-0.05000000000001137,0.5,0.0,0.4000000000000057,4_6,1.0,-0.10058807664779579,9999.0,5.710593137500933,9.462322208025622,0.11180339887498948
lpJL9-mBNmk_00,71,6,4,858.9605637047606,-1.471127674303712,-1.5707963267948966,-1.627877109201158,-1.5707963267948966,0.05000000000001137,-0.5,0.0,-0.4000000000000057,4_6,1.0,0.10058807664779579,8539.387493334512,5.710593137500933,3.270487923183379,0.11180339887498948
lpJL9-mBNmk_00,72,6,4,859.3507738403451,2.1112158270654975,1.5707963267948966,3.141592653589793,-1.5707963267948966,-0.30000000000001137,0.5,0.0,0.25,4_6,1.0,-0.3902101355845389,9999.0,30.963756532074484,90.00000000000001,0.3905124837953415
lpJL9-mBNmk_00,73,6,4,859.3507738403451,0.0,0.0,-1.8391625377008087,-1.5707963267948966,0.0,0.0,0.0,0.0,4_6,1.0,-0.0,9999.0,0.0,15.37625124882649,0.0
lpJL9-mBNmk_00,74,6,4,859.4422028269265,0.0,-1.5707963267948966,-1.6869379536748943,-1.5707963267948966,0.0,0.0,0.0,-0.15000000000000568,4_6,1.0,-0.0914289865813771,9999.0,90.0,6.654425046007027,0.15000000000000568
lpJL9-mBNmk_00,75,6,4,858.8082221893314,-1.0303768265242956,1.5707963267948966,-1.5874614505088411,-1.5707963267948966,0.30000000000001137,-0.5,0.0,0.15000000000000568,4_6,1.0,0.633980637595073,1354.6284716945206,149.03624346792552,0.9548412538724077,0.7158910531638275
lpJL9-mBNmk_00,76,6,4,858.8082221893314,0.0,0.0,-1.5907936607680517,-1.5707963267948966,0.0,0.0,0.0,0.0,4_6,1.0,-0.0,9999.0,0.0,1.145762838175369,0.0
lpJL9-mBNmk_00,77,6,4,858.8996216089515,0.0,-1.5707963267948966,-1.6506263125071294,-1.5707963267948966,0.0,0.0,0.0,-0.15000000000000568,4_6,1.0,-0.0913994196200747,9999.0,90.0,4.573921259900608,0.15000000000000568
lpJL9-mBNmk_00,78,6,4,858.5950209499237,0.0,1.5707963267948966,-1.6506263125071294,0.0,0.0,0.0,0.0,0.5,4_6,1.0,0.30460065902786937,2818.756281388632,90.0,94.5739212599006,0.5
lpJL9-mBNmk_00,79,6,4,858.7472983945859,0.0,-1.5707963267948966,-1.627877109201158,-1.5707963267948966,0.0,0.0,0.0,-0.25,4_6,1.0,-0.15227744466221793,9999.0,90.0,3.270487923183379,0.25
lpJL9-mBNmk_00,80,6,4,858.8082221893314,0.0,-1.5707963267948966,-1.6704649792860586,0.0,0.0,0.0,0.0,-0.09999999999999432,4_6,1.0,-0.06092379474557674,9999.0,90.0,95.71059313749964,0.09999999999999432
lpJL9-mBNmk_00,81,6,4,859.1438601887346,0.0,0.19739555984986984,-1.6704649792860586,-0.09966865249118455,0.0,0.0,0.5,0.09999999999999432,4_6,1.0,-0.3356379994031613,9999.0,11.30993247401959,89.99999999999872,0.5099019513592773
lpJL9-mBNmk_00,82,6,4,859.289830325019,2.1112158270654975,3.141592653589793,3.141592653589793,-1.5707963267948966,-0.30000000000001137,0.5,-0.5,0.0,4_6,1.0,-0.14597013628440436,9999.0,59.036243467925516,90.00000000000001,0.5385164807134462
lpJL9-mBNmk_00,83,6,4,859.5031646247731,0.0,-1.5707963267948966,3.141592653589793,0.0,0.0,0.0,0.0,-0.3499999999999943,4_6,1.0,-0.21333429975413765,9999.0,90.0,180.0,0.3499999999999943
lpJL9-mBNmk_00,84,6,4,859.4117246698464,0.0,1.5707963267948966,2.1112158270654975,1.5707963267948966,0.0,0.0,0.0,0.15000000000000568,4_6,1.0,0.0914399549267273,9398.645541311898,90.0,30.963756532074484,0.15000000000000568
lpJL9-mBNmk_00,85,6,4,859.5031646247731,0.0,-1.5707963267948966,3.141592653589793,1.5707963267948966,0.0,0.0,0.0,-0.15000000000000568,4_6,1.0,-0.0914399549267273,9999.0,90.0,90.0,0.15000000000000568
lpJL9-mBNmk_00,86,6,4,859.5031646247731,0.0,0.0,3.141592653589793,1.5707963267948966,0.0,0.0,0.0,0.0,4_6,1.0,-0.0,9999.0,0.0,90.0,0.0
lpJL9-mBNmk_00,87,6,4,860.3336925286607,1.4219063791853936,1.5707963267948966,1.5707963267948966,1.5707963267948966,0.30000000000001137,2.0,0.0,0.25,4_6,1.0,-0.8305279038875142,9999.0,8.53076560994846,0.0,1.7755280904564723
lpJL9-mBNmk_00,88,6,4,859.5249414647606,-1.3258176636680323,0.0,1.3258176636680323,1.5707963267948966,0.25,-1.0,0.0,0.0,4_6,1.0,0.8087510639001039,1062.7806006458968,75.96375653207352,14.036243467926486,1.0307764064044151
lpJL9-mBNmk_00,89,6,4,860.0441398556239,1.5707963267948966,-1.5707963267948966,1.446441332248135,-1.5707963267948966,0.0,0.5,0.0,-0.3499999999999943,4_6,1.0,-0.5191983908633802,9999.0,180.0,172.87498365109818,0.8499999999999943
lpJL9-mBNmk_00,90,6,4,865.4068768504211,-2.9340964271545906,1.5707963267948966,-3.087298241681487,1.5707963267948966,-9.5,-2.0,0.0,1.5999999999999943,4_6,1.0,-5.36273699479716,9999.0,101.88865803962796,93.1108406534908,10.159232254457024
lpJL9-mBNmk_00,91,6,4,865.1676152630772,0.0,0.0,3.141592653589793,1.5707963267948966,0.30000000000001137,0.0,0.0,0.0,4_6,1.0,0.23926158734388991,3615.990451570375,0.0,90.0,0.30000000000001137
lpJL9-mBNmk_00,92,6,4,865.4186977989325,3.141592653589793,-1.5707963267948966,-3.0841845389529934,1.5707963267948966,-0.05000000000001137,0.0,0.0,-0.3499999999999943,4_6,1.0,-0.2510825358552893,9999.0,90.00000000000001,93.28924267849187,0.35355339059326973
lpJL9-mBNmk_00,93,6,4,865.2678255892796,0.0,1.5707963267948966,-3.0841845389529934,1.5707963267948966,0.0,0.0,0.0,0.25,4_6,1.0,0.1508722096529027,5735.104082984658,90.0,93.28924267849187,0.25
lpJL9-mBNmk_00,94,6,4,865.2074895653643,0.0,1.5707963267948966,-3.0841845389529934,1.5707963267948966,0.0,0.0,0.0,0.09999999999999432,4_6,1.0,0.060336023915283477,14339.816140025794,90.0,93.28924267849187,0.09999999999999432
lpJL9-mBNmk_00,95,6,4,864.8660315332081,-1.471127674303712,0.0,-3.0857847424133555,1.5707963267948966,0.05000000000001137,-0.5,0.0,0.0,4_6,1.0,0.3414580321561971,2532.861874918738,84.28940686249906,93.19755777385083,0.5024937810560456
lpJL9-mBNmk_00,96,6,4,865.0566816688951,3.141592653589793,-1.5707963267948966,-3.0860941483440762,1.5707963267948966,-0.05000000000001137,0.0,0.0,-0.25,4_6,1.0,-0.19065013568695122,9999.0,90.00000000000001,93.17983011986428,0.2549509756796415
lpJL9-mBNmk_00,97,6,4,864.9059197392512,0.0,1.5707963267948966,-3.0860941483440762,1.5707963267948966,0.0,0.0,0.0,0.25,4_6,1.0,0.15076192964386337,5736.898710320112,90.0,93.17983011986428,0.25
lpJL9-mBNmk_00,98,6,4,865.2074895653643,1.5707963267948966,0.0,3.141592653589793,1.5707963267948966,0.0,0.5,0.0,0.0,4_6,1.0,-0.30156982611310923,9999.0,90.0,90.0,0.5
lpJL9-mBNmk_00,99,6,4,865.4693827629029,0.0,-1.5707963267948966,3.141592653589793,1.5707963267948966,0.05000000000001137,0.0,0.0,-0.5,4_6,1.0,-0.26189319753859763,9999.0,90.0,90.0,0.5024937810560456
lpJL9-mBNmk_00,100,6,4,865.409014570567,0.0,1.5707963267948966,3.141592653589793,1.5707963267948966,0.0,0.0,0.0,0.09999999999999432,4_6,1.0,0.060368192335886306,14335.51314168005,90.0,90.0,0.09999999999999432
lpJL9-mBNmk_00,101,6,4,865.6686952870596,3.141592653589793,-1.5707963267948966,3.141592653589793,2.2264919530364287,-0.25,0.0,0.0,-0.09999999999999432,4_6,1.0,-0.25968071649253943,9999.0,90.00000000000001,52.43140797117274,0.2692582403567231
lpJL9-mBNmk_00,102,6,4,865.4488777507312,0.0,1.5707963267948966,-3.0841845389529934,1.5707963267948966,0.19999999999998863,0.0,0.0,0.09999999999999432,4_6,1.0,0.21981753632837808,3937.123908339442,90.0,93.28924267849187,0.22360679774996628
lpJL9-mBNmk_00,103,6,4,864.9059197392512,-1.5707963267948966,1.5707963267948966,-3.0271523483197296,1.5707963267948966,0.0,-0.5,0.0,0.4000000000000057,4_6,1.0,0.5429580114799819,1592.9517595324019,180.0,96.55694649816341,0.9000000000000057
lpJL9-mBNmk_00,104,6,4,865.4693827629029,1.471127674303712,-1.5707963267948966,-3.083853435064689,1.5707963267948966,0.05000000000001137,0.5,0.0,-0.5,4_6,1.0,-0.5634630236517069,9999.0,174.28940686249908,93.30821353387202,1.0012492197250398
lpJL9-mBNmk_00,105,6,4,865.5092431626597,3.141592653589793,0.0,-3.0841845389529934,1.5707963267948966,-0.05000000000001137,0.0,0.0,0.0,4_6,1.0,-0.03986039975677613,9999.0,180.0,93.28924267849187,0.05000000000001137
lpJL9-mBNmk_00,106,6,4,865.460932104968,0.0,-1.5707963267948966,-3.082489969979205,1.5707963267948966,0.25,0.0,0.0,-0.25,4_6,1.0,0.048311057691648784,17914.34453016694,90.0,93.38633432878372,0.3535533905932738
lpJL9-mBNmk_00,107,6,4,865.9114345589854,3.141592653589793,-1.5707963267948966,-2.8720711158551753,1.5707963267948966,-0.30000000000001137,0.0,0.0,-0.3499999999999943,4_6,1.0,-0.4505024540173963,9999.0,90.00000000000001,105.44244660006957,0.4609772228646475
lpJL9-mBNmk_00,108,6,4,859.2381800176247,-0.06612860336457291,1.5707963267948966,-2.289626326416521,1.5707963267948966,7.550000000000011,-0.5,0.0,0.5999999999999943,4_6,1.0,6.673254541360734,128.75849028267677,93.78888987788464,138.81407483429038,7.629711659034053
lpJL9-mBNmk_00,109,6,4,863.668809498178,3.0419240010986313,-1.5707963267948966,-2.8535372065391673,1.5707963267948966,-5.0,0.5,0.0,-0.25,4_6,1.0,-4.430629480553307,9999.0,95.71059313749964,106.50436138175503,5.055937104039171
lpJL9-mBNmk_00,110,6,4,865.27009655945,-2.918116052449159,-1.5707963267948966,-0.7378150601204546,-1.5707963267948966,-2.1999999999999886,-0.5,0.0,-0.25,4_6,1.0,-1.6012870612720462,9999.0,77.19573393471319,47.72631099390685,2.2141589825484416
lpJL9-mBNmk_00,111,6,4,863.7947036188634,0.0,1.5707963267948966,-0.251002686643036,-1.5707963267948966,1.6999999999999886,0.0,0.0,0.19999999999998863,4_6,1.0,1.4753929405866302,585.4675590866054,90.0,75.61860540890932,1.7117242768623564
lpJL9-mBNmk_00,112,6,4,862.3237501078119,0.0,-1.5707963267948966,-0.12435499454676144,-1.5707963267948966,2.0,0.0,0.0,-0.19999999999998863,4_6,1.0,1.4709535110515617,586.2345367334893,90.0,82.8749836510982,2.009975124224177
lpJL9-mBNmk_00,113,6,4,862.3237501078119,0.0,0.0,-0.12435499454676144,-1.5707963267948966,0.0,0.0,0.0,0.0,4_6,1.0,-0.0,9999.0,0.0,82.8749836510982,0.0
lpJL9-mBNmk_00,114,6,4,862.2328702270634,0.0,1.5707963267948966,-0.12435499454676144,-1.5707963267948966,0.0,0.0,0.0,0.15000000000000568,4_6,1.0,0.09087988074850273,9487.610053243483,90.0,82.8749836510982,0.15000000000000568
lpJL9-mBNmk_00,115,6,4,862.5055594023728,1.5707963267948966,1.5707963267948966,0.12591262568579858,-1.5707963267948966,0.0,0.5,0.0,0.04999999999998295,4_6,1.0,-0.2726891753094378,9999.0,0.0,97.21426203920677,0.45000000000001705
lpJL9-mBNmk_00,116,6,4,861.4374745157073,-0.3217505543966422,-0.09966865249112826,0.0,-0.8760580505981886,1.5,-0.5,0.5,-0.04999999999998295,4_6,1.0,1.0680848866654742,806.525291454209,12.724355685424305,50.19442890773453,1.0965856099730724
lpJL9-mBNmk_00,117,6,4,859.9390966806893,0.0,-2.8501358591119157,0.0,-1.5707963267948966,1.5,0.0,-0.5,-0.15000000000000568,4_6,1.0,1.4983778350180046,573.9133859186834,163.30075576600578,90.0,2.0056171120131583
lpJL9-mBNmk_00,118,6,4,859.9554654166692,0.0,0.5404195002706009,-0.0688564893010446,-0.9505468408120674,0.25,0.0,0.5,0.30000000000001137,4_6,1.0,-0.01636873597988142,9999.0,30.963756532074484,50.51713597898761,0.3905124837953415
lpJL9-mBNmk_00,119,6,4,859.0910676406781,0.0,1.5707963267948966,-0.06053201978210714,-0.29145679447787753,1.0500000000000114,0.0,0.0,0.04999999999998295,4_6,1.0,0.8643977759910513,993.8608028644118,90.0,13.231014975077073,1.0511898020814425
lpJL9-mBNmk_00,120,6,4,860.7592578648225,3.141592653589793,-1.5707963267948966,-0.0628103526541008,-1.3808080388761805,-0.30000000000001137,0.0,0.0,-2.3499999999999943,4_6,1.0,-1.6681902241443822,9999.0,90.00000000000001,75.51570482853293,2.3690715480964224
lpJL9-mBNmk_00,121,6,4,858.7288658243648,0.8379812250084026,1.5707963267948966,0.0,0.9827937232473289,0.44999999999998863,0.5,0.0,3.25,4_6,1.0,2.030392040457741,422.93746661396926,41.98721249581593,56.30993247402021,2.786574958618553
lpJL9-mBNmk_00,122,6,4,858.8807848007777,0.0,-1.5707963267948966,0.0,0.6747409422235596,0.0,0.0,0.0,-0.25,4_6,1.0,-0.15191897641295782,9999.0,90.0,38.659808254090485,0.25
lpJL9-mBNmk_00,123,6,4,859.1307729327358,3.141592653589793,-1.5707963267948966,0.06053201978210714,-0.29145679447787753,-0.19999999999998863,0.0,0.0,-0.15000000000000568,4_6,1.0,-0.24998813195804814,9999.0,90.00000000000001,20.167473492911377,0.2499999999999943
lpJL9-mBNmk_00,124,6,4,859.0396163740063,0.0,1.5707963267948966,0.0,0.7853981633974483,0.0,0.0,0.0,0.15000000000000568,4_6,1.0,0.09115655872949446,9423.78286704736,90.0,45.0,0.15000000000000568
lpJL9-mBNmk_00,125,6,4,859.4975116310693,0.0,-0.19739555984986984,0.0,0.3805063771123698,0.0,0.0,0.5,-0.09999999999999432,4_6,1.0,-0.4578952570630008,9999.0,11.30993247401959,21.8014094863521,0.5099019513592773
lpJL9-mBNmk_00,126,6,4,859.8013273425437,0.0,-1.5707963267948966,0.0,0.1488899476095028,0.0,0.0,0.0,-0.5,4_6,1.0,-0.30381571147438535,9999.0,90.0,8.530765609948453,0.5
lpJL9-mBNmk_00,127,6,4,859.4367705072898,0.0,1.5707963267948966,0.0,0.832981266674429,0.0,0.0,0.0,0.5999999999999943,4_6,1.0,0.36455683525389304,2357.4836277825957,90.0,47.726310993906104,0.5999999999999943
lpJL9-mBNmk_00,137,6,4,862.476992446755,0.0,-1.8692952583810758,1.1525719972156674,-1.5707963267948966,0.0,0.0,-1.0,-3.25,4_6,10.0,-0.30402219394652547,9999.0,107.10272896905236,156.03751102542182,0.3400367627183861
lpJL9-mBNmk_00,138,6,4,862.8146034925464,0.0,-1.5707963267948966,1.1999050379822342,-1.5707963267948966,0.0,0.0,0.0,-0.5500000000000114,4_6,1.0,-0.337611045791391,9999.0,90.0,158.74949449286677,0.5500000000000114
lpJL9-mBNmk_00,139,6,4,862.8760107918171,0.0,-1.5707963267948966,1.41647755086878,-1.5707963267948966,0.0,0.0,0.0,-0.09999999999999432,4_6,1.0,-0.061407299270626936,9999.0,90.0,171.15818543980848,0.09999999999999432
lpJL9-mBNmk_00,140,6,4,862.6304249213565,-1.5707963267948966,-1.5707963267948966,1.3258176636680323,-1.5707963267948966,0.0,-0.5,0.0,-0.09999999999999432,4_6,1.0,0.2455858704605589,3512.5409426186634,0.0,165.96375653207352,0.4000000000000057
lpJL9-mBNmk_00,141,6,4,862.0476219444029,-1.5707963267948966,-1.5707963267948966,1.354246021818803,-1.5707963267948966,0.0,-1.0,0.0,-0.05000000000001137,4_6,1.0,0.5828029769536442,1479.14073200242,0.0,167.59258147259902,0.9499999999999886
lpJL9-mBNmk_00,142,6,4,862.9374253096223,1.5707963267948966,1.5707963267948966,1.4341531643038068,-1.5707963267948966,0.0,1.5,0.0,0.05000000000001137,4_6,1.0,-0.8898033652194499,9999.0,0.0,172.17092348994024,1.4499999999999886
lpJL9-mBNmk_00,143,6,4,862.7580034401304,0.7853981633974483,1.5707963267948966,1.299849476456476,-1.5707963267948966,0.5,0.5,0.0,0.15000000000000568,4_6,1.0,0.17942186949187544,4808.544275474723,45.0,164.47588900324575,0.6103277807866818
lpJL9-mBNmk_00,144,6,4,863.4384344005078,1.951302703907242,-1.5707963267948966,1.3638041325750734,-1.5707963267948966,-0.19999999999998863,0.5,0.0,-0.3499999999999943,4_6,1.0,-0.6804309603774072,9999.0,158.1985905136493,168.14022087905192,0.8732124598286409
lpJL9-mBNmk_00,148,6,4,863.8076927186977,0.0,-1.5707963267948966,1.3734007669450086,-1.6967089524806942,0.0,0.0,0.0,-0.6000000000000227,4_6,4.0,-0.09231457954746247,9999.0,90.0,175.9043295651861,0.15000000000000568
lpJL9-mBNmk_00,0,7,4,720.8480699842374,0.0,0.0,0.0,0.0,,,,,4_7,,0.0,9999.0,0.0,0.0,0.0
lpJL9-mBNmk_00,1,7,4,719.9460066560547,0.0,1.5707963267948966,0.0,1.5707963267948966,5.684341886080802e-14,0.0,0.0,1.25,4_7,1.0,0.9020633281827486,798.1102702694075,90.0,90.0,1.25
lpJL9-mBNmk_00,2,7,4,719.9099457571066,0.0,1.5707963267948966,0.0,1.5707963267948966,0.0,0.0,0.0,0.05000000000001137,4_7,1.0,0.03606089894810793,19963.7271048918,90.0,90.0,0.05000000000001137
lpJL9-mBNmk_00,3,7,4,719.9460066560547,0.0,-1.5707963267948966,0.0,1.5707963267948966,0.0,0.0,0.0,-0.05000000000001137,4_7,1.0,-0.03606089894810793,9999.0,90.0,90.0,0.05000000000001137
lpJL9-mBNmk_00,4,7,4,720.8480699842374,0.0,-1.5707963267948966,0.0,0.0,0.0,0.0,0.0,-1.25,4_7,1.0,-0.9020633281827486,9999.0,90.0,0.0,1.25
lpJL9-mBNmk_00,5,7,4,721.0286072688101,0.0,-1.5707963267948966,0.0,-1.5707963267948966,0.0,0.0,0.0,-0.25,4_7,1.0,-0.18053728457266516,9999.0,90.0,90.0,0.25
lpJL9-mBNmk_00,6,7,4,721.0286072688101,0.0,0.0,0.0,-1.5707963267948966,0.0,0.0,0.0,0.0,4_7,1.0,-0.0,9999.0,0.0,90.0,0.0
lpJL9-mBNmk_00,7,7,4,721.0286072688101,0.0,0.0,0.0,-1.5707963267948966,0.0,0.0,0.0,0.0,4_7,1.0,-0.0,9999.0,0.0,90.0,0.0
lpJL9-mBNmk_00,8,7,4,721.0286072688101,0.0,0.0,0.0,-1.5707963267948966,0.0,0.0,0.0,0.0,4_7,1.0,-0.0,9999.0,0.0,90.0,0.0
lpJL9-mBNmk_00,9,7,4,720.9202799200477,0.0,1.5707963267948966,0.0,-1.5707963267948966,0.0,0.0,0.0,0.15000000000000568,4_7,1.0,0.10832734876237282,6655.016375425752,90.0,90.0,0.15000000000000568
lpJL9-mBNmk_00,10,7,4,721.0286072688101,0.0,-1.5707963267948966,0.0,-1.5707963267948966,0.0,0.0,0.0,-0.15000000000000568,4_7,1.0,-0.10832734876237282,9999.0,90.0,90.0,0.15000000000000568
lpJL9-mBNmk_00,11,7,4,721.1369495456463,0.0,-1.5707963267948966,0.0,-1.5707963267948966,0.0,0.0,0.0,-0.15000000000000568,4_7,1.0,-0.10834227683619702,9999.0,90.0,90.0,0.15000000000000568
lpJL9-mBNmk_00,12,7,4,720.8480699842374,0.0,1.5707963267948966,0.0,0.0,0.0,0.0,0.0,0.4000000000000057,4_7,1.0,0.2888795614088622,2495.323886773678,90.0,0.0,0.4000000000000057
lpJL9-mBNmk_00,13,7,4,721.0709049739838,0.0,-1.5707963267948966,0.0,-1.5707963267948966,0.19999999999998863,0.0,0.0,-0.5,4_7,1.0,-0.2228349897463886,9999.0,90.0,90.0,0.5385164807134462
lpJL9-mBNmk_00,14,7,4,720.7097196514003,0.0,1.5707963267948966,0.0,0.0,0.0,0.0,0.0,0.5,4_7,1.0,0.3611853225835375,1995.4014589967437,90.0,0.0,0.5
lpJL9-mBNmk_00,27,7,4,723.7699150973325,2.819842099193151,1.5707963267948966,2.774418819771562,-1.5707963267948966,-1.5,0.5,0.0,0.09999999999999432,4_7,13.0,-0.23539964968709298,9999.0,71.56505117707799,111.03751102542253,0.11941672843276953
lpJL9-mBNmk_00,28,7,4,724.6055823687808,3.141592653589793,-0.3805063771123453,2.870645803251366,-1.3521273809209546,-0.5,0.0,0.5,-0.19999999999998863,4_7,1.0,-0.8356672714483011,9999.0,158.1985905136493,118.05291870590617,1.0198039027185546
lpJL9-mBNmk_00,29,7,4,746.200082082547,-3.125465019746157,-1.5707963267948966,3.141592653589793,-1.3843094251276802,-31.0,-0.5,0.0,-0.25,4_7,1.0,-21.594499713766254,9999.0,89.07595464722729,100.68491240000269,31.001008048126437
lpJL9-mBNmk_00,30,7,4,722.8623658761051,0.0,1.5707963267948966,0.0,-1.3521273809209546,33.0,0.0,0.0,0.25,4_7,1.0,23.337716206441996,30.97399760464011,90.0,77.47119229084849,33.00094695611021
lpJL9-mBNmk_00,31,7,4,722.8623658761051,0.0,0.0,0.0,-1.3370531459259944,0.0,0.0,0.0,0.0,4_7,1.0,-0.0,9999.0,0.0,76.60750224624886,0.0
lpJL9-mBNmk_00,32,7,4,722.8623658761051,0.0,0.0,0.0,-1.3734007669450157,0.0,0.0,0.0,0.0,4_7,1.0,-0.0,9999.0,0.0,78.69006752597979,0.0
lpJL9-mBNmk_00,33,7,4,722.8623658761051,0.0,0.0,0.0,-1.3258176636680323,0.0,0.0,0.0,0.0,4_7,1.0,-0.0,9999.0,0.0,75.96375653207352,0.0
lpJL9-mBNmk_00,34,7,4,722.9709001751039,0.0,-1.5707963267948966,0.0,-1.3843094251276802,0.0,0.0,0.0,-0.15000000000000568,4_7,1.0,-0.10853429899884759,9999.0,90.0,79.31508759999731,0.15000000000000568
lpJL9-mBNmk_00,35,7,4,722.9709001751039,0.0,0.0,0.0,-1.3971251284533224,0.0,0.0,0.0,0.0,4_7,1.0,-0.0,9999.0,0.0,80.04937331204837,0.0
lpJL9-mBNmk_00,36,7,4,722.1554541786692,0.0,2.2264919530364287,0.0,-1.5707963267948966,0.0,0.0,-0.5,0.6500000000000057,4_7,1.0,0.8154459964347325,885.5956830201567,127.56859202882725,90.0,0.8200609733428408
lpJL9-mBNmk_00,37,7,4,722.6982859395752,0.0,-1.5707963267948966,0.0,-1.5707963267948966,0.0,0.0,0.0,-0.75,4_7,1.0,-0.5428317609059832,9999.0,90.0,90.0,0.75
lpJL9-mBNmk_00,38,7,4,723.079449300006,0.0,-0.09966865249118455,0.0,-1.4204248987877626,0.0,0.0,0.5,-0.05000000000001137,4_7,1.0,-0.38116336043083265,9999.0,5.7105931375009344,81.38435181583591,0.5024937810560456
lpJL9-mBNmk_00,39,7,4,722.6982859395752,0.0,3.0419240010986086,0.0,-1.5707963267948966,0.0,0.0,-0.5,0.05000000000001137,4_7,1.0,0.38116336043083265,1896.032937485655,174.28940686249908,90.0,0.5024937810560456
lpJL9-mBNmk_00,40,7,4,722.1554541786692,0.0,1.5707963267948966,0.0,-1.5707963267948966,0.0,0.0,0.0,0.75,4_7,1.0,0.5428317609059832,1330.3485650386333,90.0,90.0,0.75
lpJL9-mBNmk_00,41,7,4,721.7937724862968,0.0,1.5707963267948966,0.0,-1.5707963267948966,0.0,0.0,0.0,0.5,4_7,1.0,0.3616816923723718,1995.6602385701326,90.0,90.0,0.5
lpJL9-mBNmk_00,42,7,4,721.8660956160776,0.0,-1.5707963267948966,0.0,-1.5707963267948966,0.0,0.0,0.0,-0.09999999999999432,4_7,1.0,-0.07232312978078426,9999.0,90.0,90.0,0.09999999999999432
lpJL9-mBNmk_00,43,7,4,721.7937724862968,0.0,1.5707963267948966,0.0,1.5707963267948966,0.0,0.0,0.0,0.09999999999999432,4_7,1.0,0.07232312978078426,9980.123574216119,90.0,90.0,0.09999999999999432
lpJL9-mBNmk_00,44,7,4,721.7937724862968,0.0,0.0,0.0,1.5707963267948966,0.0,0.0,0.0,0.0,4_7,1.0,-0.0,9999.0,0.0,90.0,0.0
lpJL9-mBNmk_00,45,7,4,721.6129935775824,0.0,1.5707963267948966,0.0,1.5707963267948966,0.0,0.0,0.0,0.25,4_7,1.0,0.1807789087143874,3991.6879613299293,90.0,90.0,0.25
lpJL9-mBNmk_00,46,7,4,721.6129935775824,0.0,0.0,0.0,1.5707963267948966,0.0,0.0,0.0,0.0,4_7,1.0,-0.0,9999.0,0.0,90.0,0.0
lpJL9-mBNmk_00,47,7,4,721.2515597903412,0.0,1.5707963267948966,-0.32175055439664224,1.5707963267948966,0.0,0.0,0.0,0.5,4_7,1.0,0.3614337872412534,1995.5288776279042,90.0,108.43494882292201,0.5
lpJL9-mBNmk_00,48,7,4,720.4569886537294,0.0,1.5707963267948966,-0.24497866312686417,1.7444675251364707,0.0,0.0,0.0,1.0999999999999943,4_7,1.0,0.7945711366118076,906.7243390263154,90.0,113.98687015587811,1.0999999999999943
lpJL9-mBNmk_00,49,7,4,720.529189207488,0.0,-1.5707963267948966,0.0,1.7359450042095235,0.0,0.0,0.0,-0.09999999999999432,4_7,1.0,-0.07220055375864831,9999.0,90.0,99.46232220802563,0.09999999999999432
lpJL9-mBNmk_00,50,7,4,720.529189207488,1.5707963267948966,1.5707963267948966,1.5707963267948966,1.7234456551901618,0.0,0.5,0.0,0.5,4_7,1.0,-0.0,9999.0,0.0,8.746162262555213,0.0
lpJL9-mBNmk_00,51,7,4,721.0993014141671,3.141592653589793,-1.5707963267948966,2.0344439357957027,1.7539071440573815,-0.25,0.0,0.0,-0.5500000000000114,4_7,1.0,-0.5701122066791413,9999.0,90.00000000000001,16.073574164746347,0.604152298679739
lpJL9-mBNmk_00,52,7,4,720.9986546450693,0.0,-1.5707963267948966,1.5707963267948966,1.7607846147136126,0.25,0.0,0.0,-0.09999999999999432,4_7,1.0,0.10064676909780701,7163.654244523376,90.0,10.885527054658757,0.2692582403567231
lpJL9-mBNmk_00,53,7,4,720.7097196514003,-1.5707963267948966,-1.5707963267948966,0.0,1.7681918866447774,0.0,-0.5,0.0,-0.09999999999999432,4_7,1.0,0.28893499366904507,2494.366329600502,0.0,101.30993247402021,0.4000000000000057
lpJL9-mBNmk_00,54,7,4,720.0600044440741,0.0,1.5707963267948966,0.0,1.7107209973690138,0.0,0.0,0.0,0.9000000000000057,4_7,1.0,0.6497152073261532,1108.2702025821727,90.0,98.0170930736553,0.9000000000000057
lpJL9-mBNmk_00,55,7,4,720.8104622575896,3.141592653589793,-1.5707963267948966,3.141592653589793,1.750649826587375,-0.25,0.0,0.0,-0.8000000000000114,4_7,1.0,-0.7504578135154816,9999.0,90.00000000000001,79.69515353123397,0.8381527307120213
lpJL9-mBNmk_00,56,7,4,720.8104622575896,0.0,0.0,3.141592653589793,1.5707963267948966,0.0,0.0,0.0,0.0,4_7,1.0,-0.0,9999.0,0.0,90.0,0.0
lpJL9-mBNmk_00,57,7,4,720.7382690685988,0.0,1.5707963267948966,3.141592653589793,1.5707963267948966,0.0,0.0,0.0,0.09999999999999432,4_7,1.0,0.07219318899080918,9983.466295696608,90.0,90.0,0.09999999999999432
lpJL9-mBNmk_00,58,7,4,721.1715277934924,1.5707963267948966,-1.5707963267948966,2.0344439357957027,1.741531538270179,0.0,0.5,0.0,-0.09999999999999432,4_7,1.0,-0.43325872489356243,9999.0,180.0,16.782644145270726,0.5999999999999943
lpJL9-mBNmk_00,59,7,4,721.0993014141671,0.0,1.5707963267948966,2.0344439357957027,1.5707963267948966,0.0,0.0,0.0,0.09999999999999432,4_7,1.0,0.07222637932522957,9983.877194883535,90.0,26.565051177077994,0.09999999999999432
lpJL9-mBNmk_00,60,7,4,721.4243723357287,0.0,-1.5707963267948966,2.0344439357957027,1.5707963267948966,0.0,0.0,0.0,-0.44999999999998863,4_7,1.0,-0.32507092156151884,9999.0,90.0,26.565051177077994,0.44999999999998863
lpJL9-mBNmk_00,61,7,4,721.3160004464063,0.0,1.5707963267948966,2.0344439357957027,1.5707963267948966,0.0,0.0,0.0,0.15000000000000568,4_7,1.0,0.10837188932237041,6655.93268657272,90.0,26.565051177077994,0.15000000000000568
lpJL9-mBNmk_00,62,7,4,721.2437608049029,0.0,1.5707963267948966,2.0344439357957027,1.5707963267948966,0.0,0.0,0.0,0.09999999999999432,4_7,1.0,0.07223964150341544,9984.04402063378,90.0,26.565051177077994,0.09999999999999432
lpJL9-mBNmk_00,63,7,4,721.6050252735217,0.0,-1.5707963267948966,2.0344439357957027,1.5707963267948966,0.0,0.0,0.0,-0.5,4_7,1.0,-0.36126446861885597,9999.0,90.0,26.565051177077994,0.5
lpJL9-mBNmk_00,64,7,4,721.7857195871916,0.0,-1.5707963267948966,2.0344439357957027,1.5707963267948966,0.0,0.0,0.0,-0.25,4_7,1.0,-0.18069431366984645,9999.0,90.0,26.565051177077994,0.25
lpJL9-mBNmk_00,65,7,4,721.7857195871916,0.0,0.0,2.0344439357957027,1.5707963267948966,0.0,0.0,0.0,0.0,4_7,1.0,-0.0,9999.0,0.0,26.565051177077994,0.0
lpJL9-mBNmk_00,66,7,4,721.7134368986073,0.0,1.5707963267948966,2.0344439357957027,1.5707963267948966,0.0,0.0,0.0,0.09999999999999432,4_7,1.0,0.0722826885843233,9984.595911324926,90.0,26.565051177077994,0.09999999999999432
lpJL9-mBNmk_00,67,7,4,721.6050252735217,0.0,1.5707963267948966,2.0344439357957027,1.5707963267948966,0.0,0.0,0.0,0.15000000000000568,4_7,1.0,0.10841162508552316,6656.159103825498,90.0,26.565051177077994,0.15000000000000568
lpJL9-mBNmk_00,68,7,4,721.6050252735217,0.0,0.0,2.0344439357957027,-1.5707963267948966,0.0,0.0,0.0,0.0,4_7,1.0,-0.0,9999.0,0.0,153.434948822922,0.0
lpJL9-mBNmk_00,69,7,4,721.6050252735217,0.0,0.0,2.0344439357957027,-1.5707963267948966,0.0,0.0,0.0,0.0,4_7,1.0,-0.0,9999.0,0.0,153.434948822922,0.0
lpJL9-mBNmk_00,70,7,4,721.3160004464063,0.0,1.5707963267948966,3.141592653589793,-1.5707963267948966,0.0,0.0,0.0,0.4000000000000057,4_7,1.0,0.28902482711544053,2495.6887186660356,90.0,90.00000000000001,0.4000000000000057
lpJL9-mBNmk_00,71,7,4,721.6050252735217,0.0,-1.5707963267948966,0.0,-1.5707963267948966,0.0,0.0,0.0,-0.4000000000000057,4_7,1.0,-0.28902482711544053,9999.0,90.0,90.0,0.4000000000000057
lpJL9-mBNmk_00,72,7,4,721.4243723357287,0.0,1.5707963267948966,3.141592653589793,-1.5707963267948966,0.0,0.0,0.0,0.25,4_7,1.0,0.18065293779307012,3993.427292957107,90.0,90.00000000000001,0.25
lpJL9-mBNmk_00,73,7,4,721.4243723357287,0.0,0.0,2.0344439357957027,-1.5707963267948966,0.0,0.0,0.0,0.0,4_7,1.0,-0.0,9999.0,0.0,153.434948822922,0.0
lpJL9-mBNmk_00,74,7,4,721.5327591315587,0.0,-1.5707963267948966,2.0344439357957027,-1.5707963267948966,0.0,0.0,0.0,-0.15000000000000568,4_7,1.0,-0.10838679583002886,9999.0,90.0,153.434948822922,0.15000000000000568
lpJL9-mBNmk_00,75,7,4,721.4243723357287,0.0,1.5707963267948966,1.5707963267948966,-1.5707963267948966,0.0,0.0,0.0,0.15000000000000568,4_7,1.0,0.10838679583002886,6656.017154221068,90.0,180.0,0.15000000000000568
lpJL9-mBNmk_00,76,7,4,721.4243723357287,0.0,0.0,1.5707963267948966,-1.5707963267948966,0.0,0.0,0.0,0.0,4_7,1.0,-0.0,9999.0,0.0,180.0,0.0
lpJL9-mBNmk_00,77,7,4,721.5327591315587,0.0,-1.5707963267948966,1.5707963267948966,-1.5707963267948966,0.0,0.0,0.0,-0.15000000000000568,4_7,1.0,-0.10838679583002886,9999.0,90.0,180.0,0.15000000000000568
lpJL9-mBNmk_00,78,7,4,721.1715277934924,0.0,1.5707963267948966,0.0,0.0,0.0,0.0,0.0,0.5,4_7,1.0,0.36123133806631813,1996.4257023046355,90.0,0.0,0.5
lpJL9-mBNmk_00,79,7,4,721.3521227528203,0.0,-1.5707963267948966,0.0,-1.5707963267948966,0.0,0.0,0.0,-0.25,4_7,1.0,-0.18059495932789105,9999.0,90.0,90.0,0.25
lpJL9-mBNmk_00,80,7,4,721.4243723357287,0.0,-1.5707963267948966,0.0,0.0,0.0,0.0,0.0,-0.09999999999999432,4_7,1.0,-0.07224958290839822,9999.0,90.0,0.0,0.09999999999999432
lpJL9-mBNmk_00,81,7,4,721.6979181070152,0.0,0.19739555984986984,0.0,-0.09966865249118455,0.0,0.0,0.5,0.09999999999999432,4_7,1.0,-0.27354577128653546,9999.0,11.30993247401959,5.7105931375009344,0.5099019513592773
lpJL9-mBNmk_00,82,7,4,721.3521227528203,0.0,3.141592653589793,0.0,-1.5707963267948966,0.0,0.0,-0.5,0.0,4_7,1.0,0.3457953541949337,2086.0665535320513,180.0,90.0,0.5
lpJL9-mBNmk_00,83,7,4,721.6050252735217,0.0,-1.5707963267948966,0.0,0.0,0.0,0.0,0.0,-0.3499999999999943,4_7,1.0,-0.25290252070146835,9999.0,90.0,0.0,0.3499999999999943
lpJL9-mBNmk_00,84,7,4,721.4966285437514,0.0,1.5707963267948966,0.0,1.5707963267948966,0.0,0.0,0.0,0.15000000000000568,4_7,1.0,0.10839672977033388,6656.073758612701,90.0,90.0,0.15000000000000568
lpJL9-mBNmk_00,85,7,4,721.6050252735217,0.0,-1.5707963267948966,0.0,1.5707963267948966,0.0,0.0,0.0,-0.15000000000000568,4_7,1.0,-0.10839672977033388,9999.0,90.0,90.0,0.15000000000000568
lpJL9-mBNmk_00,86,7,4,721.6050252735217,0.0,0.0,0.0,1.5707963267948966,0.0,0.0,0.0,0.0,4_7,1.0,-0.0,9999.0,0.0,90.0,0.0
lpJL9-mBNmk_00,87,7,4,721.4243723357287,0.0,1.5707963267948966,0.0,1.5707963267948966,0.0,0.0,0.0,0.25,4_7,1.0,0.18065293779307012,3993.427292957107,90.0,90.0,0.25
lpJL9-mBNmk_00,88,7,4,721.4243723357287,0.0,0.0,0.0,1.5707963267948966,0.0,0.0,0.0,0.0,4_7,1.0,-0.0,9999.0,0.0,90.0,0.0
lpJL9-mBNmk_00,89,7,4,721.6772980356247,0.0,-1.5707963267948966,0.0,-1.5707963267948966,0.0,0.0,0.0,-0.3499999999999943,4_7,1.0,-0.2529256998960818,9999.0,90.0,90.0,0.3499999999999943
lpJL9-mBNmk_00,90,7,4,719.6417511512238,-0.5880026035475676,1.5707963267948966,-0.5880026035475676,1.5707963267948966,0.75,-0.5,0.0,1.5999999999999943,4_7,1.0,2.035546884400901,353.5373007942422,123.6900675259798,123.6900675259798,2.2299103120977706
lpJL9-mBNmk_00,91,7,4,719.2958362176164,0.0,0.0,-0.3805063771123649,1.5707963267948966,0.5,0.0,0.0,0.0,4_7,1.0,0.3459149336074461,2079.400934548531,0.0,111.80140948635182,0.5
lpJL9-mBNmk_00,92,7,4,719.8944523331181,3.141592653589793,-1.5707963267948966,-0.5880026035475676,1.5707963267948966,-0.5,0.0,0.0,-0.3499999999999943,4_7,1.0,-0.5986161155017271,9999.0,90.00000000000001,123.6900675259798,0.6103277807866818
lpJL9-mBNmk_00,93,7,4,719.7139431746477,0.0,1.5707963267948966,-0.5880026035475676,1.5707963267948966,0.0,0.0,0.0,0.25,4_7,1.0,0.18050915847038596,3987.1325603278065,90.0,123.6900675259798,0.25
lpJL9-mBNmk_00,94,7,4,719.6417511512238,0.0,1.5707963267948966,-0.5880026035475676,1.5707963267948966,0.0,0.0,0.0,0.09999999999999432,4_7,1.0,0.07219202342389508,9968.438575625616,90.0,123.6900675259798,0.09999999999999432
lpJL9-mBNmk_00,95,7,4,719.6417511512238,0.0,0.0,-0.5880026035475676,1.5707963267948966,0.0,0.0,0.0,0.0,4_7,1.0,-0.0,9999.0,0.0,123.6900675259798,0.0
lpJL9-mBNmk_00,96,7,4,719.8222436824246,0.0,-1.5707963267948966,-0.5880026035475676,1.5707963267948966,0.0,0.0,0.0,-0.25,4_7,1.0,-0.1804925312007981,9999.0,90.0,123.6900675259798,0.25
lpJL9-mBNmk_00,97,7,4,719.987847119658,3.141592653589793,1.5707963267948966,-1.1071487177940904,1.5707963267948966,-0.5,0.0,0.0,0.25,4_7,1.0,-0.1656034372333579,9999.0,90.0,153.434948822922,0.5590169943749475
lpJL9-mBNmk_00,98,7,4,719.6417511512238,0.0,0.0,-0.5880026035475676,1.5707963267948966,0.5,0.0,0.0,0.0,4_7,1.0,0.346095968434156,2079.312724754071,0.0,123.6900675259798,0.5
lpJL9-mBNmk_00,99,7,4,720.0027777724194,0.0,-1.5707963267948966,-0.5880026035475676,1.5707963267948966,0.0,0.0,0.0,-0.5,4_7,1.0,-0.3610266211956059,9999.0,90.0,123.6900675259798,0.5
lpJL9-mBNmk_00,100,7,4,719.930559151367,0.0,1.5707963267948966,-0.5880026035475676,1.5707963267948966,0.0,0.0,0.0,0.09999999999999432,4_7,1.0,0.07221862105245691,9968.766346679982,90.0,123.6900675259798,0.09999999999999432
lpJL9-mBNmk_00,101,7,4,720.0027777724194,0.0,-1.5707963267948966,-0.5880026035475676,2.2264919530364287,0.0,0.0,0.0,-0.09999999999999432,4_7,1.0,-0.07221862105245691,9999.0,90.0,161.25865955480705,0.09999999999999432
lpJL9-mBNmk_00,102,7,4,720.2765163463265,3.141592653589793,1.5707963267948966,-1.1071487177940904,1.5707963267948966,-0.5,0.0,0.0,0.09999999999999432,4_7,1.0,-0.27373857390705325,9999.0,90.0,153.434948822922,0.5099019513592773
lpJL9-mBNmk_00,103,7,4,719.6417511512238,0.0,1.5707963267948966,-0.5880026035475676,1.5707963267948966,0.5,0.0,0.0,0.4000000000000057,4_7,1.0,0.6347651951026592,1133.7133111635678,90.0,123.6900675259798,0.6403124237432885
lpJL9-mBNmk_00,104,7,4,720.3487002834114,3.141592653589793,-1.5707963267948966,-1.1071487177940904,1.5707963267948966,-0.5,0.0,0.0,-0.5,4_7,1.0,-0.7069491321875603,9999.0,90.00000000000001,153.434948822922,0.7071067811865476
lpJL9-mBNmk_00,105,7,4,720.5217293739308,3.141592653589793,0.0,-1.5707963267948966,1.5707963267948966,-0.25,0.0,0.0,0.0,4_7,1.0,-0.17302909051943516,9999.0,180.0,180.0,0.25
lpJL9-mBNmk_00,106,7,4,719.8376987210381,0.0,-1.5707963267948966,-0.3805063771123649,1.5707963267948966,1.25,0.0,0.0,-0.25,4_7,1.0,0.6840306528927158,1052.3471363116505,90.0,111.80140948635182,1.2747548783981961
lpJL9-mBNmk_00,107,7,4,720.0906956765932,0.0,-1.5707963267948966,-0.3805063771123649,1.5707963267948966,0.0,0.0,0.0,-0.3499999999999943,4_7,1.0,-0.2529969555550906,9999.0,90.0,111.80140948635182,0.3499999999999943
lpJL9-mBNmk_00,108,7,4,720.5217293739308,3.141592653589793,1.5707963267948966,-1.5707963267948966,1.5707963267948966,-1.25,0.0,0.0,0.5999999999999943,4_7,1.0,-0.4310336973376252,9999.0,90.0,180.0,1.3865424623862024
lpJL9-mBNmk_00,109,7,4,720.7021749654984,0.0,-1.5707963267948966,-1.5707963267948966,1.5707963267948966,0.0,0.0,0.0,-0.25,4_7,1.0,-0.18044559156760442,9999.0,90.0,180.0,0.25
lpJL9-mBNmk_00,110,7,4,721.0556497247629,3.141592653589793,-1.5707963267948966,3.141592653589793,-1.5707963267948966,-0.25,0.0,0.0,-0.25,4_7,1.0,-0.35347475926448624,9999.0,90.00000000000001,90.00000000000001,0.3535533905932738
lpJL9-mBNmk_00,111,7,4,720.7382690685988,0.0,1.5707963267948966,3.141592653589793,-1.5707963267948966,0.25,0.0,0.0,0.19999999999998863,4_7,1.0,0.3173806561641186,2270.8953903476167,90.0,90.00000000000001,0.32015621187163534
lpJL9-mBNmk_00,112,7,4,720.882662088637,0.0,-1.5707963267948966,3.141592653589793,-1.5707963267948966,0.0,0.0,0.0,-0.19999999999998863,4_7,1.0,-0.14439302003813737,9999.0,90.0,90.00000000000001,0.19999999999998863
lpJL9-mBNmk_00,113,7,4,720.882662088637,0.0,0.0,3.141592653589793,-1.5707963267948966,0.0,0.0,0.0,0.0,4_7,1.0,-0.0,9999.0,0.0,90.00000000000001,0.0
lpJL9-mBNmk_00,114,7,4,720.7743648327124,0.0,1.5707963267948966,3.141592653589793,-1.5707963267948966,0.0,0.0,0.0,0.15000000000000568,4_7,1.0,0.10829725592452633,6655.518264793605,90.0,90.00000000000001,0.15000000000000568
lpJL9-mBNmk_00,115,7,4,720.7382690685988,0.0,1.5707963267948966,3.141592653589793,-1.5707963267948966,0.0,0.0,0.0,0.04999999999998295,4_7,1.0,0.03609576411361104,19967.391929980557,90.0,90.00000000000001,0.04999999999998295
lpJL9-mBNmk_00,116,7,4,721.1204372363884,0.0,-0.09966865249112826,3.141592653589793,-0.8760580505981886,0.0,0.0,0.5,-0.04999999999998295,4_7,1.0,-0.38216816778958673,9999.0,5.710593137497709,129.8055710922655,0.5024937810560428
lpJL9-mBNmk_00,117,7,4,720.882662088637,0.0,-2.8501358591119157,3.141592653589793,-1.5707963267948966,0.0,0.0,-0.5,-0.15000000000000568,4_7,1.0,0.23777514775144937,3031.7830475798446,163.30075576600578,90.00000000000001,0.5220153254455291
lpJL9-mBNmk_00,118,7,4,721.0122069008264,0.0,0.5404195002706009,3.141592653589793,-0.9505468408120674,0.0,0.0,0.5,0.30000000000001137,4_7,1.0,-0.12954481218946512,9999.0,30.963756532074484,125.53767779197483,0.5830951894845359
lpJL9-mBNmk_00,119,7,4,720.9761334468708,0.0,1.5707963267948966,3.141592653589793,-0.29145679447787753,0.0,0.0,0.0,0.04999999999998295,4_7,1.0,0.036073453955623336,19986.334946850326,90.0,163.30075576600578,0.04999999999998295
lpJL9-mBNmk_00,120,7,4,722.6733788510546,0.0,-1.5707963267948966,3.141592653589793,-1.3808080388761805,0.0,0.0,0.0,-2.3499999999999943,4_7,1.0,-1.6972454041838319,9999.0,90.0,100.88552705465877,2.3499999999999943
lpJL9-mBNmk_00,121,7,4,720.3270958391056,0.0,1.5707963267948966,3.141592653589793,0.9827937232473289,0.0,0.0,0.0,3.25,4_7,1.0,2.3462830119490263,307.007761711039,90.0,123.6900675259798,3.25
lpJL9-mBNmk_00,122,7,4,720.5073299418958,0.0,-1.5707963267948966,3.141592653589793,0.6747409422235596,0.0,0.0,0.0,-0.25,4_7,1.0,-0.180234102790223,9999.0,90.0,141.34019174590952,0.25
lpJL9-mBNmk_00,123,7,4,720.6154903969245,0.0,-1.5707963267948966,3.141592653589793,-0.29145679447787753,0.0,0.0,0.0,-0.15000000000000568,4_7,1.0,-0.10816045502872385,9999.0,90.0,163.30075576600578,0.15000000000000568
lpJL9-mBNmk_00,124,7,4,720.5073299418958,0.0,1.5707963267948966,3.141592653589793,0.7853981633974483,0.0,0.0,0.0,0.15000000000000568,4_7,1.0,0.10816045502872385,6661.467259457746,90.0,135.0,0.15000000000000568
lpJL9-mBNmk_00,125,7,4,720.925948000209,0.0,-0.19739555984986984,0.0,0.3805063771123698,0.0,0.0,0.5,-0.09999999999999432,4_7,1.0,-0.4186180583132,9999.0,11.30993247401959,21.8014094863521,0.5099019513592773
lpJL9-mBNmk_00,126,7,4,721.2864011611476,0.0,-1.5707963267948966,3.141592653589793,0.1488899476095028,0.0,0.0,0.0,-0.5,4_7,1.0,-0.36045316093861857,9999.0,90.0,171.46923439005155,0.5
lpJL9-mBNmk_00,127,7,4,720.8538773565695,0.0,1.5707963267948966,3.141592653589793,0.832981266674429,0.0,0.0,0.0,0.5999999999999943,4_7,1.0,0.4325238045781816,1666.6224372542488,90.0,132.2736890060939,0.5999999999999943
lpJL9-mBNmk_00,137,7,4,707.5013250870983,0.0,-1.8692952583810758,0.0,-1.5707963267948966,0.25,0.0,-1.0,-3.25,4_7,10.0,1.3352552269471176,529.8622396743621,107.10272896905236,90.0,0.34820970692960296
lpJL9-mBNmk_00,138,7,4,707.7394577102508,0.0,-1.5707963267948966,0.0,-1.5707963267948966,0.25,0.0,0.0,-0.5500000000000114,4_7,1.0,-0.2381326231525236,9999.0,90.0,90.0,0.604152298679739
lpJL9-mBNmk_00,139,7,4,707.8134005513035,0.0,-1.5707963267948966,0.0,-1.5707963267948966,0.0,0.0,0.0,-0.09999999999999432,4_7,1.0,-0.07394284105271254,9999.0,90.0,90.0,0.09999999999999432
lpJL9-mBNmk_00,140,7,4,707.0810155137812,0.27829965900511133,-1.5707963267948966,0.020830320036217088,-1.5707963267948966,1.75,0.5,0.0,-0.09999999999999432,4_7,1.0,0.7323850375223628,965.4498375687951,105.94539590092286,91.19348942398203,1.849999999999998
lpJL9-mBNmk_00,141,7,4,708.0926245908794,-2.896613990462929,-1.5707963267948966,0.0,-1.5707963267948966,-2.0,-0.5,0.0,-0.05000000000001137,4_7,1.0,-1.0116090770982282,9999.0,75.96375653207352,90.0,2.0499999999999976
lpJL9-mBNmk_00,142,7,4,707.0810155137812,0.24497866312686417,1.5707963267948966,0.020830320036217088,-1.5707963267948966,2.0,0.5,0.0,0.05000000000001137,4_7,1.0,1.0116090770982282,698.9666576955032,75.96375653207352,91.19348942398203,2.0499999999999976
lpJL9-mBNmk_00,143,7,4,707.2717193554398,-2.677945044588987,1.5707963267948966,0.0,-1.5707963267948966,-1.0,-0.5,0.0,0.15000000000000568,4_7,1.0,-0.19070384165866017,9999.0,116.56505117707799,90.0,1.1926860441876594
lpJL9-mBNmk_00,144,7,4,707.6988695766019,3.141592653589793,-1.5707963267948966,0.0,-1.5707963267948966,-0.25,0.0,0.0,-0.3499999999999943,4_7,1.0,-0.42715022116203727,9999.0,90.00000000000001,90.0,0.4301162633521267
lpJL9-mBNmk_00,148,7,4,707.6740792907424,0.0,-1.5707963267948966,0.3805063771123649,-1.6967089524806942,0.25,0.0,0.0,-0.6000000000000227,4_7,4.0,0.006197571464866769,114185.70698255845,90.0,119.01567152555856,0.16250000000000525
lpJL9-mBNmk_00,434,51,50,415.66242312722954,0.0,0.0,0.0,0.0,,,,,50_51,,0.0,9999.0,0.0,0.0,0.0
lpJL9-mBNmk_00,435,51,50,420.9658537221279,2.796435003747126,2.62244653934327,2.796435003747126,2.62244653934327,-8.900000000000006,3.1999999999999886,-3.5,2.0,50_51,1.0,-5.303430594898373,9999.0,9.968804694303099,9.968804694303099,5.531726674375736
lpJL9-mBNmk_00,436,51,50,421.7470480038954,2.387762946680118,2.498091544796509,2.690355754877887,2.5748634360662868,-2.4499999999999886,2.3000000000000114,-2.0,1.5,50_51,1.0,-0.7811942817674549,9999.0,6.321363031664213,6.617222434084066,0.9178779875342953
lpJL9-mBNmk_00,437,51,50,422.6796688983278,2.6677413170950333,2.626043646130817,2.6845238970420033,2.5925675137821975,-3.9000000000000057,2.0,-3.0,1.6999999999999886,50_51,1.0,-0.9326208944324321,9999.0,2.3891005617747902,5.268712660074329,0.9486832980505229
lpJL9-mBNmk_00,442,51,50,443.4064726636272,2.7674791080011913,2.7397220061493393,2.7417404214731653,2.5691328397717417,-35.150000000000006,13.800000000000011,-4.0,1.6999999999999886,50_51,5.0,-4.145360753059879,9999.0,1.5903647876258862,9.889685943451115,6.683509557111447
lpJL9-mBNmk_00,447,51,50,461.3272862079589,2.819842099193151,2.47067432271643,2.7825080115869945,2.526521912924812,-6.0,2.0,-16.0,12.699999999999989,50_51,5.0,-3.584162708866336,9999.0,20.00583993408343,14.666923067362545,2.929095423505351
lpJL9-mBNmk_00,448,51,50,465.95288388419704,2.64885272582221,1.9849348772711073,2.7714149768077925,2.47671482096151,-7.450000000000003,4.0,-2.0,4.550000000000011,50_51,1.0,-4.625597676238158,9999.0,38.03969066538396,16.88507515183959,5.4776819914996935
lpJL9-mBNmk_00,179,21,5,251.31243502859147,0.0,0.0,0.0,-0.7853981633974483,,,0.0,0.0,5_21,,0.0,9999.0,0.0,45.0,0.0
lpJL9-mBNmk_00,180,21,5,251.51789200770588,0.0,1.951302703907242,0.0,1.5707963267948966,0.0,0.0,-0.19999999999998863,0.5,5_21,1.0,-0.20545697911441607,9999.0,111.80140948635069,90.0,0.5385164807134462
lpJL9-mBNmk_00,181,21,5,251.51242514038944,0.0,-1.5707963267948966,0.0,-1.5707963267948966,0.0,0.0,0.0,-0.5,5_21,1.0,0.005466867316442858,46006.68181280129,90.0,90.0,0.5
lpJL9-mBNmk_00,182,21,5,251.3179062462522,0.0,1.1902899496825512,0.0,1.1902899496825512,0.0,0.0,0.19999999999998863,0.5,5_21,1.0,0.19451889413724643,1291.9974039587648,68.19859051364931,68.19859051364931,0.5385164807134462
lpJL9-mBNmk_00,183,21,5,251.51789200770588,0.0,3.141592653589793,0.0,0.0,0.0,0.0,-0.19999999999998863,0.0,5_21,1.0,-0.1999857614536893,9999.0,180.0,0.0,0.19999999999998863
lpJL9-mBNmk_00,184,21,5,253.0177859360879,-0.24497866312686417,-0.7853981633974483,-0.24497866312686417,-0.7853981633974483,2.0,-0.5,0.5,-0.5,5_21,1.0,-1.499893928382022,9999.0,30.96375653207351,30.96375653207351,1.5
lpJL9-mBNmk_00,185,21,5,253.51775085780483,0.0,3.141592653589793,-0.24497866312686417,-1.5707963267948966,0.0,0.0,-0.5,0.0,5_21,1.0,-0.4999649217169235,9999.0,180.0,75.96375653207352,0.5
lpJL9-mBNmk_00,186,21,5,253.0177859360879,0.0,0.0,-0.24497866312686417,-0.7853981633974483,0.0,0.0,0.5,0.0,5_21,1.0,0.4999649217169235,506.071076081103,0.0,30.96375653207351,0.5
lpJL9-mBNmk_00,187,21,5,253.0177859360879,0.0,0.0,-0.24497866312686417,-0.7853981633974483,0.0,0.0,0.0,0.0,5_21,1.0,-0.0,9999.0,0.0,30.96375653207351,0.0
lpJL9-mBNmk_00,188,21,5,253.0177859360879,0.0,0.0,-0.24497866312686417,-0.7853981633974483,0.0,0.0,0.0,0.0,5_21,1.0,-0.0,9999.0,0.0,30.96375653207351,0.0
lpJL9-mBNmk_00,192,21,5,253.0177859360879,0.0,0.0,-0.24497866312686417,0.0,0.0,0.0,0.0,0.0,5_21,4.0,-0.0,9999.0,0.0,14.036243467926484,0.0
lpJL9-mBNmk_00,193,21,5,253.0177859360879,0.0,0.0,-0.24497866312686417,0.0,0.0,0.0,0.0,0.0,5_21,1.0,-0.0,9999.0,0.0,14.036243467926484,0.0
lpJL9-mBNmk_00,194,21,5,252.81780000624957,0.0,0.0,-0.24497866312686417,0.0,0.0,0.0,0.19999999999998863,0.0,5_21,1.0,0.1999859298383342,1264.177935970915,0.0,14.036243467926484,0.19999999999998863
lpJL9-mBNmk_00,195,21,5,253.0177859360879,0.0,3.141592653589793,-0.24497866312686417,0.0,0.0,0.0,-0.19999999999998863,0.0,5_21,1.0,-0.1999859298383342,9999.0,180.0,14.036243467926484,0.19999999999998863
lpJL9-mBNmk_00,196,21,5,253.0177859360879,0.0,0.0,-0.24497866312686417,0.0,0.0,0.0,0.0,0.0,5_21,1.0,-0.0,9999.0,0.0,14.036243467926484,0.0
lpJL9-mBNmk_00,197,21,5,253.0177859360879,0.0,0.0,-0.24497866312686417,0.0,0.0,0.0,0.0,0.0,5_21,1.0,-0.0,9999.0,0.0,14.036243467926484,0.0
lpJL9-mBNmk_00,198,21,5,253.0177859360879,0.0,0.0,-0.24497866312686417,0.0,0.0,0.0,0.0,0.0,5_21,1.0,-0.0,9999.0,0.0,14.036243467926484,0.0
lpJL9-mBNmk_00,199,21,5,253.3177648725016,0.0,3.141592653589793,-0.24497866312686417,0.0,0.0,0.0,-0.30000000000001137,0.0,5_21,1.0,-0.29997893641370865,9999.0,180.0,14.036243467926484,0.30000000000001137
lpJL9-mBNmk_00,200,21,5,253.3177648725016,0.0,0.0,-0.24497866312686417,-1.1902899496825512,0.0,0.0,0.0,0.0,5_21,1.0,-0.0,9999.0,0.0,54.162347045722825,0.0
lpJL9-mBNmk_00,201,21,5,253.3177648725016,0.0,0.0,-0.24497866312686417,0.0,0.0,0.0,0.0,0.0,5_21,1.0,-0.0,9999.0,0.0,14.036243467926484,0.0
lpJL9-mBNmk_00,202,21,5,253.3177648725016,0.0,0.0,-0.24497866312686417,-1.5707963267948966,0.0,0.0,0.0,0.0,5_21,1.0,-0.0,9999.0,0.0,75.96375653207352,0.0
lpJL9-mBNmk_00,203,21,5,253.3177648725016,0.0,0.0,-0.24497866312686417,-1.1902899496825512,0.0,0.0,0.0,0.0,5_21,1.0,-0.0,9999.0,0.0,54.162347045722825,0.0
lpJL9-mBNmk_00,204,21,5,253.3177648725016,0.0,0.0,-0.24497866312686417,3.141592653589793,0.0,0.0,0.0,0.0,5_21,1.0,-0.0,9999.0,0.0,165.96375653207352,0.0
lpJL9-mBNmk_00,205,21,5,253.3177648725016,0.0,0.0,-0.24497866312686417,0.0,0.0,0.0,0.0,0.0,5_21,1.0,-0.0,9999.0,0.0,14.036243467926484,0.0
lpJL9-mBNmk_00,206,21,5,253.3177648725016,0.0,0.0,-0.24497866312686417,3.141592653589793,0.0,0.0,0.0,0.0,5_21,1.0,-0.0,9999.0,0.0,165.96375653207352,0.0
lpJL9-mBNmk_00,207,21,5,253.3177648725016,0.0,0.0,0.0,3.141592653589793,0.0,0.0,0.0,0.0,5_21,1.0,-0.0,9999.0,0.0,180.0,0.0
lpJL9-mBNmk_00,208,21,5,253.3177648725016,0.0,0.0,0.0,3.141592653589793,0.0,0.0,0.0,0.0,5_21,1.0,-0.0,9999.0,0.0,180.0,0.0
lpJL9-mBNmk_00,209,21,5,253.3177648725016,0.0,0.0,0.0,3.141592653589793,0.0,0.0,0.0,0.0,5_21,1.0,-0.0,9999.0,0.0,180.0,0.0
lpJL9-mBNmk_00,210,21,5,253.0177859360879,0.0,0.0,0.0,3.141592653589793,0.0,0.0,0.30000000000001137,0.0,5_21,1.0,0.29997893641370865,843.451840189021,0.0,180.0,0.30000000000001137
lpJL9-mBNmk_00,211,21,5,253.0177859360879,0.0,0.0,0.0,0.0,0.0,0.0,0.0,0.0,5_21,1.0,-0.0,9999.0,0.0,0.0,0.0
lpJL9-mBNmk_00,212,21,5,253.0177859360879,0.0,0.0,0.0,0.0,0.0,0.0,0.0,0.0,5_21,1.0,-0.0,9999.0,0.0,0.0,0.0
lpJL9-mBNmk_00,213,21,5,253.3177648725016,0.0,3.141592653589793,0.0,3.141592653589793,0.0,0.0,-0.30000000000001137,0.0,5_21,1.0,-0.29997893641370865,9999.0,180.0,180.0,0.30000000000001137
lpJL9-mBNmk_00,214,21,5,253.3177648725016,0.0,0.0,0.0,3.141592653589793,0.0,0.0,0.0,0.0,5_21,1.0,-0.0,9999.0,0.0,180.0,0.0
lpJL9-mBNmk_00,215,21,5,253.3177648725016,0.0,0.0,0.0,3.141592653589793,0.0,0.0,0.0,0.0,5_21,1.0,-0.0,9999.0,0.0,180.0,0.0
lpJL9-mBNmk_00,216,21,5,253.3177648725016,0.0,0.0,0.0,3.141592653589793,0.0,0.0,0.0,0.0,5_21,1.0,-0.0,9999.0,0.0,180.0,0.0
lpJL9-mBNmk_00,217,21,5,253.0177859360879,0.0,0.0,0.0,0.0,0.0,0.0,0.30000000000001137,0.0,5_21,1.0,0.29997893641370865,843.451840189021,0.0,0.0,0.30000000000001137
lpJL9-mBNmk_00,218,21,5,253.3177648725016,0.0,3.141592653589793,0.0,3.141592653589793,0.0,0.0,-0.30000000000001137,0.0,5_21,1.0,-0.29997893641370865,9999.0,180.0,180.0,0.30000000000001137
lpJL9-mBNmk_00,219,21,5,253.3177648725016,0.0,0.0,0.0,0.0,0.0,0.0,0.0,0.0,5_21,1.0,-0.0,9999.0,0.0,0.0,0.0
lpJL9-mBNmk_00,250,21,5,270.52264230559337,0.0,-1.5707963267948966,0.0,2.819842099193151,17.0,0.0,0.0,-0.5,5_21,31.0,-0.5549960462287662,9999.0,90.0,161.565051177078,0.54862423715145
lpJL9-mBNmk_00,251,21,5,269.5166970708865,3.141592653589793,-1.5707963267948966,0.0,-2.5535900500422253,-1.0,0.0,0.0,-0.5,5_21,1.0,1.0059452347068714,267.9238270355967,90.00000000000001,146.3099324740202,1.118033988749895
lpJL9-mBNmk_00,252,21,5,269.52272631449836,0.0,0.46364760900080615,0.0,-2.356194490192345,1.0,0.0,1.0,0.5,5_21,1.0,-0.006029243611862967,9999.0,26.565051177077994,135.0,0.5
lpJL9-mBNmk_00,253,21,5,270.52264230559337,0.0,3.141592653589793,0.0,-2.761086276477428,0.0,0.0,-1.0,0.0,5_21,1.0,-0.9999159910950084,9999.0,180.0,158.19859051364818,1.0
lpJL9-mBNmk_00,254,21,5,269.52272631449836,3.141592653589793,0.0,0.0,-2.5535900500422253,-1.0,0.0,0.0,0.0,5_21,1.0,0.9999159910950084,269.5453705259218,180.0,146.3099324740202,1.0
lpJL9-mBNmk_00,255,21,5,269.0227685531468,0.0,0.0,0.0,-0.7853981633974483,0.5,0.0,1.0,0.0,5_21,1.0,0.49995776135153847,538.0909935789298,0.0,45.0,0.5
lpJL9-mBNmk_00,283,21,5,254.51768111469192,3.141592653589793,0.0,0.0,0.0,-15.5,0.0,0.0,0.0,5_21,28.0,0.5180388370876747,491.31003873289995,180.0,0.0,0.5535714285714286
lpJL9-mBNmk_00,284,21,5,254.51768111469192,0.0,0.0,0.0,0.0,0.0,0.0,0.0,0.0,5_21,1.0,-0.0,9999.0,0.0,0.0,0.0
lpJL9-mBNmk_00,285,21,5,254.51768111469192,0.0,0.0,0.0,0.0,0.0,0.0,0.0,0.0,5_21,1.0,-0.0,9999.0,0.0,0.0,0.0
lpJL9-mBNmk_00,204,22,5,275.3604773746588,0.0,0.0,0.0,3.141592653589793,,,0.0,0.0,5_22,,0.0,9999.0,0.0,180.0,0.0
lpJL9-mBNmk_00,205,22,5,274.94336234941187,0.321750554396628,0.0,0.321750554396628,0.0,0.5999999999999943,0.19999999999998863,0.0,0.0,5_22,1.0,0.4171150252469147,659.1547791563175,18.4349488229212,18.4349488229212,0.6324555320336669
lpJL9-mBNmk_00,206,22,5,274.9627247464645,3.141592653589793,0.0,0.34877100358389873,3.141592653589793,-0.05000000000001137,0.0,0.0,0.0,5_22,1.0,-0.019362397052645974,9999.0,180.0,160.01689347810049,0.05000000000001137
lpJL9-mBNmk_00,207,22,5,274.9046607462303,0.0,0.0,0.2782996590051007,3.141592653589793,0.15000000000000568,0.0,0.0,0.0,5_22,1.0,0.058064000234196556,4734.511222744284,0.0,164.05460409907775,0.15000000000000568
lpJL9-mBNmk_00,211,22,5,275.230812228573,-0.655695626241532,0.0,-0.21866894587395092,0.0,0.6500000000000057,-0.5,0.0,0.0,5_22,4.0,-0.08153787058566309,9999.0,37.56859202882725,12.528807709152025,0.2050152433357102
lpJL9-mBNmk_00,212,22,5,275.230812228573,0.0,0.0,-0.21866894587395092,0.0,0.0,0.0,0.0,0.0,5_22,1.0,-0.0,9999.0,0.0,12.528807709152025,0.0
lpJL9-mBNmk_00,213,22,5,274.7885823683364,0.7853981633974483,3.141592653589793,-0.031239833430275487,3.141592653589793,0.25,0.25,-0.30000000000001137,0.0,5_22,1.0,0.44222986023657995,621.3704841670632,135.0,178.2100893917535,0.604152298679739
lpJL9-mBNmk_00,214,22,5,274.9236985056035,-0.7853981633974483,0.0,-0.16076274062584117,3.141592653589793,0.25,-0.25,0.0,0.0,5_22,1.0,-0.13511613726711857,9999.0,45.0,170.78897345918296,0.3535533905932738
lpJL9-mBNmk_00,215,22,5,274.8461797078504,2.582993338246237,0.0,-0.03446910099951612,3.141592653589793,-0.4000000000000057,0.25,0.0,0.0,5_22,1.0,0.07751879775310044,3545.542341655546,147.99461679191685,178.02506598911756,0.471699056602835
lpJL9-mBNmk_00,216,22,5,275.30790035885275,-2.7468015338900282,0.0,-0.33929261445405867,3.141592653589793,-0.5999999999999943,-0.25,0.0,0.0,5_22,1.0,-0.46172065100233795,9999.0,157.38013505195937,160.559965171823,0.6499999999999947
lpJL9-mBNmk_00,217,22,5,275.5205300880499,3.141592653589793,0.0,-0.46364760900082513,0.0,-0.25,0.0,0.30000000000001137,0.0,5_22,1.0,-0.21262972919714684,9999.0,180.0,26.565051177079088,0.5500000000000114
lpJL9-mBNmk_00,218,22,5,275.8077953938213,-1.2793395323170191,3.141592653589793,-0.8176450458327092,3.141592653589793,0.15000000000000568,-0.5,-0.30000000000001137,0.0,5_22,1.0,-0.2872653057714274,9999.0,106.69924423399422,133.15238973400503,0.6726812023536969
lpJL9-mBNmk_00,219,22,5,275.59641688527086,1.768191886644821,0.0,-0.6659692373791278,0.0,-0.05000000000001137,0.25,0.0,0.0,5_22,1.0,0.21137850855046736,1303.8052864275521,101.30993247402272,38.15722658737008,0.2549509756796415
lpJL9-mBNmk_00,220,22,5,275.8656421158677,-1.951302703907242,0.0,-0.9272952180016235,0.0,-0.09999999999999432,-0.25,0.0,0.0,5_22,1.0,-0.2692252305968168,9999.0,111.80140948635069,53.13010235415663,0.2692582403567231
lpJL9-mBNmk_00,221,22,5,275.8656421158677,0.0,0.0,-0.9272952180016235,0.0,0.0,0.0,0.0,0.0,5_22,1.0,-0.0,9999.0,0.0,53.13010235415663,0.0
lpJL9-mBNmk_00,222,22,5,275.8463521600386,3.141592653589793,3.141592653589793,-1.0584068664841757,3.141592653589793,-0.15000000000000568,0.0,-0.19999999999998863,0.0,5_22,1.0,0.01928995582909465,14299.99916039129,0.0,119.3577535427903,0.04999999999998295
lpJL9-mBNmk_00,223,22,5,275.4818006693001,2.0344439357957027,0.0,-0.9827937232473727,3.141592653589793,-0.25,0.5,0.0,0.0,5_22,1.0,0.3645514907384495,755.6732249572581,116.56505117707799,123.69006752597731,0.5590169943749475
lpJL9-mBNmk_00,224,22,5,275.297407361566,1.5707963267948966,0.0,-0.46364760900091984,3.141592653589793,0.0,0.19999999999998863,0.0,0.0,5_22,1.0,0.1843933077341262,1492.9902323706508,90.0,153.4349488229155,0.19999999999998863
lpJL9-mBNmk_00,225,22,5,275.42376440677737,-0.9272952180015667,0.0,-0.708626272127697,3.141592653589793,0.15000000000000568,-0.19999999999998863,0.0,0.0,5_22,1.0,-0.12635704521136404,9999.0,53.13010235415337,139.398705354994,0.2499999999999943
lpJL9-mBNmk_00,226,22,5,275.59808145195785,2.0344439357957027,1.1902899496825512,1.1071487177940904,1.5707963267948966,-0.25,0.5,0.19999999999998863,0.5,5_22,1.0,-0.17431704518048718,9999.0,48.36646066342868,26.565051177077994,0.44999999999998863
lpJL9-mBNmk_00,227,22,5,275.5205300880499,0.0,0.0,0.5191461142465055,1.471127674303712,0.25,0.0,0.05000000000001137,0.0,5_22,1.0,0.0775513639079577,3552.748993751459,0.0,54.54452556555785,0.19999999999998863
lpJL9-mBNmk_00,228,22,5,276.33091122782486,-2.1815222911840975,0.0,-2.4468543773930853,0.6947382761966847,-0.3499999999999943,-0.5,0.5500000000000114,0.0,5_22,1.0,-0.810381139774961,9999.0,124.9920201985582,179.99999999999866,1.029563014098705
lpJL9-mBNmk_00,229,22,5,276.191310507771,2.0344439357957027,0.0,-2.8632929945846923,0.5585993153435561,-0.15000000000000568,0.30000000000001137,0.19999999999998863,0.0,5_22,1.0,0.13960072005386337,1978.4375782675454,116.56505117707799,163.9400126928391,0.4609772228646475
lpJL9-mBNmk_00,230,22,5,275.9733909274588,-1.5707963267948966,-0.7853981633974483,-2.855541211872473,0.0,0.0,-0.05000000000001137,0.5,-0.5,5_22,1.0,0.21791958031218428,1266.4001579486735,45.0,163.6104596659651,0.6726812023536779
lpJL9-mBNmk_00,231,22,5,277.2407617937882,-2.4468543773931084,1.5707963267948966,3.141592653589793,0.7853981633974483,-0.30000000000001137,-0.25,0.0,1.0,5_22,1.0,-1.2673708663293723,9999.0,129.8055710922641,135.0,1.2854960132182467
lpJL9-mBNmk_00,232,22,5,277.43736230003344,3.141592653589793,0.0,3.141592653589793,0.7853981633974483,-0.5,0.0,0.0,0.0,5_22,1.0,-0.19660050624526093,9999.0,180.0,135.0,0.5
lpJL9-mBNmk_00,236,22,5,277.0606882977085,-1.3734007669449722,3.141592653589793,-2.9441970937399122,1.7681918866447663,0.05000000000001137,-0.25,-0.5,0.0,5_22,4.0,0.09416850058123316,2942.180098309051,101.30993247402276,90.00000000000063,0.15103807466993474
lpJL9-mBNmk_00,237,22,5,277.20405841184936,-1.5707963267948966,0.0,-3.0329314377492014,1.8157749899217608,0.0,-0.05000000000001137,0.25,0.0,5_22,1.0,-0.14337011414085055,9999.0,90.0,82.18958559649954,0.2549509756796415
lpJL9-mBNmk_00,264,22,5,274.0610743976605,0.2186689458739453,0.0,0.19739555984988078,-1.3258176636680323,3.5999999999999943,0.8000000000000114,0.0,0.0,5_22,27.0,0.11640681534032848,2354.3387352055975,12.528807709151705,87.27368900609373,0.13658584381174638
lpJL9-mBNmk_00,265,22,5,273.9093143724762,0.0,0.0,0.21866894587394198,-1.3258176636680323,0.4000000000000057,0.0,0.0,0.0,5_22,1.0,0.15176002518427367,1804.884481535131,0.0,88.49256424122503,0.4000000000000057
lpJL9-mBNmk_00,266,22,5,273.8714525101147,3.141592653589793,3.141592653589793,0.20963984587421303,-1.5707963267948966,-0.15000000000000568,0.0,-0.25,0.0,5_22,1.0,0.03786186236152389,7233.438490031311,0.0,102.01147838636547,0.09999999999999432
lpJL9-mBNmk_00,267,22,5,273.9472075053878,0.0,0.0,0.4182243295792291,-1.5707963267948966,0.05000000000001137,0.0,0.25,0.0,5_22,1.0,-0.07575499527308693,9999.0,0.0,113.96248897457819,0.19999999999998863
lpJL9-mBNmk_00,268,22,5,273.89037953166593,0.0,0.0,0.2970642123410408,-1.5707963267948966,0.15000000000000568,0.0,0.0,0.0,5_22,1.0,0.05682797372185178,4819.6400750137645,0.0,107.02052561151973,0.15000000000000568
lpJL9-mBNmk_00,269,22,5,273.89037953166593,0.0,0.0,0.373726819965552,-1.5707963267948966,0.0,0.0,0.0,0.0,5_22,1.0,-0.0,9999.0,0.0,111.41296947487167,0.0
lpJL9-mBNmk_00,270,22,5,273.81471837722677,0.0,0.0,0.348771003583907,-1.5707963267948966,0.19999999999998863,0.0,0.0,0.0,5_22,1.0,0.07566115443916033,3618.9603556393413,0.0,109.98310652189998,0.19999999999998863
lpJL9-mBNmk_00,271,22,5,273.8714525101147,3.141592653589793,0.0,0.348771003583907,0.0,-0.15000000000000568,0.0,0.0,0.0,5_22,1.0,-0.05673413288792517,9999.0,180.0,19.983106521899984,0.15000000000000568
lpJL9-mBNmk_00,272,22,5,274.3721241307141,3.141592653589793,1.5707963267948966,0.17073521147528248,3.141592653589793,-0.09999999999999432,0.0,0.0,0.5,5_22,1.0,-0.5006716205994053,9999.0,90.0,170.21759296819275,0.5099019513592773
lpJL9-mBNmk_00,273,22,5,274.3721241307141,0.0,0.0,0.1030816085227039,0.0,0.0,0.0,0.0,0.0,5_22,1.0,-0.0,9999.0,0.0,5.906141113770712,0.0
lpJL9-mBNmk_00,274,22,5,274.39103483896844,3.141592653589793,0.0,0.1831108172624849,0.0,-0.05000000000001137,0.0,0.0,0.0,5_22,1.0,-0.018910708254338715,9999.0,180.0,10.491477012331645,0.05000000000001137
lpJL9-mBNmk_00,275,22,5,274.277687754582,0.0,0.0,0.0,3.141592653589793,0.30000000000001137,0.0,0.0,0.0,5_22,1.0,0.11334708438641883,2419.8036432902354,0.0,180.0,0.30000000000001137
lpJL9-mBNmk_00,276,22,5,274.1834468015894,0.0,0.0,0.0,1.5707963267948966,0.25,0.0,0.0,0.0,5_22,1.0,0.09424095299260671,2909.3874594317754,0.0,90.0,0.25
lpJL9-mBNmk_00,277,22,5,274.0894014733149,0.0,0.0,0.12914729012802023,1.5707963267948966,0.25,0.0,0.0,0.0,5_22,1.0,0.09404532827448975,2914.439308174152,0.0,82.60040534011289,0.25
lpJL9-mBNmk_00,278,22,5,274.14580518402977,3.141592653589793,0.0,0.05190139845817008,1.5707963267948966,-0.15000000000000568,0.0,0.0,0.0,5_22,1.0,-0.05640371071484651,9999.0,180.0,87.02626891752006,0.15000000000000568
lpJL9-mBNmk_00,279,22,5,273.6261135198905,0.0,-1.5707963267948966,0.06241880999595735,0.0,0.15000000000000568,0.0,0.0,-0.5,5_22,1.0,0.519691664139259,526.5162641642225,90.0,3.576334374997351,0.5220153254455291
lpJL9-mBNmk_00,280,22,5,274.14580518402977,3.141592653589793,1.5707963267948966,0.11990398536502374,1.5707963267948966,-0.15000000000000568,0.0,0.0,0.5,5_22,1.0,-0.519691664139259,9999.0,90.0,83.13000769178575,0.5220153254455291
lpJL9-mBNmk_00,281,22,5,273.68261271041683,0.0,-1.5707963267948966,0.10711532335223162,0.0,0.0,0.0,0.0,-0.5,5_22,1.0,0.4631924736129349,590.8615279857045,90.0,6.1372559492619825,0.5
lpJL9-mBNmk_00,282,22,5,273.811413202591,-0.9272952180015667,0.0,0.11527612597095442,0.0,0.15000000000000568,-0.19999999999998863,0.0,0.0,5_22,1.0,-0.12880049217415035,9999.0,53.13010235415337,6.604835496754109,0.2499999999999943
lpJL9-mBNmk_00,283,22,5,274.1269961167634,-1.8925468811915103,0.0,0.06442683942555591,0.0,-0.09999999999999432,-0.30000000000001137,0.0,0.0,5_22,1.0,-0.3155829141724098,9999.0,108.43494882292038,3.6913859864514107,0.31622776601684693
lpJL9-mBNmk_00,284,22,5,274.14580518402977,3.141592653589793,0.0,-0.46364760900080615,0.0,-0.05000000000001137,0.0,0.0,0.0,5_22,1.0,-0.018809067266374768,9999.0,180.0,26.565051177077994,0.05000000000001137
lpJL9-mBNmk_00,285,22,5,273.86787416562754,1.5707963267948966,0.0,-0.321750554396628,0.0,0.0,0.30000000000001137,0.0,0.0,5_22,1.0,0.2779310184022279,985.3807456974087,90.0,18.4349488229212,0.30000000000001137
lpJL9-mBNmk_00,286,22,5,274.0894014733149,0.9272952180015667,1.5707963267948966,0.0,1.1071487177940904,0.15000000000000568,0.19999999999998863,0.0,0.5,5_22,1.0,-0.22152730768738138,9999.0,36.86989764584662,63.43494882292201,0.33541019662498117
lpJL9-mBNmk_00,287,22,5,274.0894014733149,0.0,0.0,0.0,1.5707963267948966,0.0,0.0,0.0,0.0,5_22,1.0,-0.0,9999.0,0.0,90.0,0.0
lpJL9-mBNmk_00,288,22,5,274.0894014733149,0.0,0.0,0.0,1.5707963267948966,0.0,0.0,0.0,0.0,5_22,1.0,-0.0,9999.0,0.0,90.0,0.0
lpJL9-mBNmk_00,289,22,5,273.6261135198905,0.0,-1.5707963267948966,0.0,0.0,0.0,0.0,0.0,-0.5,5_22,1.0,0.46328795342441254,590.6178036734422,90.0,0.0,0.5
lpJL9-mBNmk_00,290,22,5,273.8953677958063,-1.951302703907242,0.0,-0.5585993153435561,0.0,-0.09999999999999432,-0.25,0.0,0.0,5_22,1.0,-0.26925427591578455,9999.0,111.80140948635069,32.00538320808313,0.2692582403567231
lpJL9-mBNmk_00,291,22,5,274.42521750014157,2.9764439761751356,1.5707963267948966,-0.6747409422235249,1.5707963267948966,-0.30000000000001137,0.05000000000001137,0.0,0.5,5_22,1.0,-0.5298497043352768,9999.0,80.53767779197263,128.6598082540885,0.5408326913195952
lpJL9-mBNmk_00,292,22,5,273.81471837722677,2.0344439357957027,-1.5707963267948966,0.0,-1.5707963267948966,-0.09999999999999432,0.19999999999998863,0.0,-0.5,5_22,1.0,0.6104991229148027,448.50960156979386,153.434948822922,90.0,0.7071067811865355
lpJL9-mBNmk_00,293,22,5,273.81471837722677,0.0,0.0,0.0,-1.5707963267948966,0.0,0.0,0.0,0.0,5_22,1.0,-0.0,9999.0,0.0,90.0,0.0
lpJL9-mBNmk_00,294,22,5,274.5572845509658,-2.4668517113662682,1.5707963267948966,-1.3258176636679655,0.0,-0.25,-0.19999999999998863,0.0,0.5,5_22,1.0,-0.7425661737390215,9999.0,128.6598082540885,75.96375653206968,0.7433034373659145
lpJL9-mBNmk_00,295,22,5,273.9093143724762,1.5707963267948966,-1.5707963267948966,3.141592653589793,-1.5707963267948966,0.0,0.19999999999998863,0.0,-0.5,5_22,1.0,0.6479701784895724,422.7190131048356,180.0,90.00000000000001,0.6999999999999886
lpJL9-mBNmk_00,296,22,5,273.85253330944374,0.0,0.0,3.141592653589793,-1.5707963267948966,0.15000000000000568,0.0,0.0,0.0,5_22,1.0,0.05678106303247432,4822.955377795965,0.0,90.00000000000001,0.15000000000000568
lpJL9-mBNmk_00,297,22,5,273.81471837722677,0.0,0.0,3.141592653589793,-1.5707963267948966,0.09999999999999432,0.0,0.0,0.0,5_22,1.0,0.03781493221697474,7240.915223809766,0.0,90.00000000000001,0.09999999999999432
lpJL9-mBNmk_00,298,22,5,274.4629118842835,-1.5707963267948966,1.5707963267948966,-2.6224465393432874,0.0,0.0,-0.19999999999998863,0.0,0.5,5_22,1.0,-0.6481935070567602,9999.0,180.0,150.25511870305877,0.6999999999999886
lpJL9-mBNmk_00,299,22,5,274.4629118842835,0.0,0.0,-2.7610862764774478,1.5707963267948966,0.0,0.0,0.0,0.0,5_22,1.0,-0.0,9999.0,0.0,111.8014094863507,0.0
lpJL9-mBNmk_00,300,22,5,273.9621324197926,0.0,-1.5707963267948966,-2.4668517113662682,-1.5707963267948966,0.09999999999999432,0.0,0.0,-0.5,5_22,1.0,0.500779464490904,547.0714193488434,90.0,51.340191745911504,0.5099019513592773
lpJL9-mBNmk_00,301,22,5,273.9621324197926,0.0,0.0,-2.4668517113662682,0.0,0.0,0.0,0.0,0.0,5_22,1.0,-0.0,9999.0,0.0,141.3401917459115,0.0
lpJL9-mBNmk_00,302,22,5,274.1834468015894,-1.1071487177940904,0.0,-2.2655346029915813,0.0,0.15000000000000568,-0.30000000000001137,0.0,0.0,5_22,1.0,-0.22131438179678753,9999.0,63.43494882292201,129.8055710922641,0.33541019662498117
lpJL9-mBNmk_00,303,22,5,274.1834468015894,0.0,0.0,3.141592653589793,0.0,0.0,0.0,0.0,0.0,5_22,1.0,-0.0,9999.0,0.0,180.0,0.0
lpJL9-mBNmk_00,304,22,5,274.1834468015894,0.0,0.0,3.141592653589793,0.0,0.0,0.0,0.0,0.0,5_22,1.0,-0.0,9999.0,0.0,180.0,0.0
lpJL9-mBNmk_00,305,22,5,274.1834468015894,0.0,0.0,-1.8925468811915103,0.0,0.0,0.0,0.0,0.0,5_22,1.0,-0.0,9999.0,0.0,108.43494882292038,0.0
lpJL9-mBNmk_00,306,22,5,274.5383944004918,-2.7233683240105755,0.0,-2.356194490192345,-1.5707963267948966,-0.44999999999998863,-0.19999999999998863,0.0,0.0,5_22,1.0,-0.3549475989024131,9999.0,156.03751102542248,45.0,0.49244289008979025
lpJL9-mBNmk_00,307,22,5,274.5572845509658,3.141592653589793,0.0,-2.390663591191861,-1.5707963267948966,-0.05000000000001137,0.0,0.0,0.0,5_22,1.0,-0.018890150473964695,9999.0,180.0,46.97493401088242,0.05000000000001137
lpJL9-mBNmk_00,308,22,5,274.65185235129945,3.141592653589793,0.0,-2.530866689200592,-1.5707963267948966,-0.25,0.0,0.0,0.0,5_22,1.0,-0.09456780033366385,9999.0,180.0,55.00797980144178,0.25
lpJL9-mBNmk_00,309,22,5,274.5950882663417,0.0,0.0,-2.4526682653749363,0.0,0.15000000000000568,0.0,0.0,0.0,5_22,1.0,0.05676408495776286,4837.479340513689,0.0,140.52754015165644,0.15000000000000568
lpJL9-mBNmk_00,310,22,5,274.65185235129945,3.141592653589793,0.0,-2.6779450445889994,0.0,-0.15000000000000568,0.0,0.0,0.0,5_22,1.0,-0.05676408495776286,9999.0,180.0,153.4349488229227,0.15000000000000568
lpJL9-mBNmk_00,311,22,5,274.65185235129945,0.0,0.0,-2.4468543773930853,-1.5707963267948966,0.0,0.0,0.0,0.0,5_22,1.0,-0.0,9999.0,0.0,50.19442890773454,0.0
lpJL9-mBNmk_00,312,22,5,274.72764695239533,3.141592653589793,0.0,-2.356194490192345,0.0,-0.19999999999998863,0.0,0.0,0.0,5_22,1.0,-0.07579460109587899,9999.0,180.0,135.0,0.19999999999998863
lpJL9-mBNmk_00,313,22,5,274.277687754582,0.2782996590051006,0.0,-1.5707963267948966,0.0,0.6999999999999886,0.19999999999998863,0.0,0.0,5_22,1.0,0.44995919781331395,609.5612426360015,15.945395900922241,90.0,0.7280109889280377
lpJL9-mBNmk_00,314,22,5,274.31543886555124,3.141592653589793,0.0,-1.1071487177940904,-1.5707963267948966,-0.09999999999999432,0.0,0.0,0.0,5_22,1.0,-0.03775111096922501,9999.0,180.0,26.565051177077994,0.09999999999999432
lpJL9-mBNmk_00,315,22,5,274.31543886555124,0.0,0.0,-1.2793395323170191,0.0,0.0,0.0,0.0,0.0,5_22,1.0,-0.0,9999.0,0.0,73.30075576600578,0.0
lpJL9-mBNmk_00,316,22,5,274.277687754582,0.0,0.0,-1.3734007669450268,0.0,0.09999999999999432,0.0,0.0,0.0,5_22,1.0,0.03775111096922501,7265.420293939833,0.0,78.69006752598041,0.09999999999999432
lpJL9-mBNmk_00,317,22,5,274.31543886555124,3.141592653589793,0.0,-1.7681918866447663,0.0,-0.09999999999999432,0.0,0.0,0.0,5_22,1.0,-0.03775111096922501,9999.0,180.0,101.30993247401959,0.09999999999999432
lpJL9-mBNmk_00,318,22,5,274.35322123131704,3.141592653589793,0.0,-2.1587989303424204,-1.5707963267948966,-0.09999999999999432,0.0,0.0,0.0,5_22,1.0,-0.03778236576579275,9999.0,180.0,33.690067525977284,0.09999999999999432
lpJL9-mBNmk_00,319,22,5,274.35322123131704,0.0,0.0,-2.1587989303424204,-1.5707963267948966,0.0,0.0,0.0,0.0,5_22,1.0,-0.0,9999.0,0.0,33.690067525977284,0.0
lpJL9-mBNmk_00,320,22,5,274.277687754582,0.0,0.0,-1.8925468811915103,0.0,0.19999999999998863,0.0,0.0,0.0,5_22,1.0,0.07553347673501776,3631.2069774940637,0.0,108.43494882292038,0.19999999999998863
lpJL9-mBNmk_00,328,22,5,273.81471837722677,1.5707963267948966,0.0,2.0344439357957027,0.0,0.0,0.5,0.0,0.0,5_22,8.0,0.05787117216940629,4731.452778866978,90.0,116.56505117707799,0.0625
lpJL9-mBNmk_00,329,22,5,273.81471837722677,0.0,0.0,2.0344439357957027,0.0,0.0,0.0,0.0,0.0,5_22,1.0,-0.0,9999.0,0.0,116.56505117707799,0.0
lpJL9-mBNmk_00,330,22,5,273.62112948381747,1.951302703907242,0.0,2.007423486608432,0.0,-0.09999999999999432,0.25,0.0,0.0,5_22,1.0,0.19358889340929863,1413.4133661547892,111.80140948635069,115.01689347809968,0.2692582403567231
lpJL9-mBNmk_00,331,22,5,273.3518794521084,1.1902899496825512,0.0,1.8157749899217608,0.0,0.09999999999999432,0.25,0.0,0.0,5_22,1.0,0.2692500317090776,1015.2343445124004,68.19859051364931,104.03624346792648,0.2692582403567231
lpJL9-mBNmk_00,332,22,5,273.5832825667533,-1.5707963267948966,0.0,1.8925468811915387,0.0,0.0,-0.25,0.0,0.0,5_22,1.0,-0.2314031146449338,9999.0,90.0,108.43494882292201,0.25
lpJL9-mBNmk_00,333,22,5,273.3518794521084,1.5707963267948966,0.0,1.4056476493802774,0.0,0.0,0.25,0.0,0.0,5_22,1.0,0.2314031146449338,1181.280035368327,90.0,80.53767779197483,0.25
lpJL9-mBNmk_00,334,22,5,273.3518794521084,0.0,0.0,1.3654009376051273,0.0,0.0,0.0,0.0,0.0,5_22,1.0,-0.0,9999.0,0.0,78.23171106797925,0.0
lpJL9-mBNmk_00,335,22,5,273.20067715875086,0.0,0.0,0.9272952180016045,0.0,0.4000000000000057,0.0,0.0,0.0,5_22,1.0,0.1512022933575281,1806.8553795857401,0.0,53.13010235415554,0.4000000000000057
lpJL9-mBNmk_00,239,25,5,115.06954418958998,0.0,0.0,0.0,1.7681918866447663,,,0.0,0.0,5_25,,0.0,9999.0,0.0,101.30993247401959,0.0
lpJL9-mBNmk_00,240,25,5,115.30313308839443,1.5707963267948966,3.141592653589793,1.5707963267948966,1.9936502529278277,0.0,0.5,-0.25,0.0,5_25,1.0,-0.23358889880445588,9999.0,90.0,24.227745317953627,0.5590169943749475
lpJL9-mBNmk_00,241,25,5,115.30313308839443,0.0,0.0,1.5707963267948966,1.9936502529278277,0.0,0.0,0.0,0.0,5_25,1.0,-0.0,9999.0,0.0,24.227745317953627,0.0
lpJL9-mBNmk_00,242,25,5,115.30313308839443,0.0,0.0,1.5707963267948966,1.8157749899217608,0.0,0.0,0.0,0.0,5_25,1.0,-0.0,9999.0,0.0,14.036243467926486,0.0
lpJL9-mBNmk_00,243,25,5,115.30313308839443,0.0,0.0,1.5707963267948966,1.8157749899217608,0.0,0.0,0.0,0.0,5_25,1.0,-0.0,9999.0,0.0,14.036243467926486,0.0
lpJL9-mBNmk_00,244,25,5,115.31939342539052,-1.5707963267948966,0.0,0.0,1.8157749899217608,0.0,-0.5,0.0,0.0,5_25,1.0,-0.016260336996083424,9999.0,90.0,104.03624346792648,0.5
lpJL9-mBNmk_00,245,25,5,115.30313308839443,1.5707963267948966,0.0,1.5707963267948966,1.8157749899217608,0.0,0.5,0.0,0.0,5_25,1.0,0.016260336996083424,7091.066631409123,90.0,14.036243467926486,0.5
lpJL9-mBNmk_00,246,25,5,115.30313308839443,0.0,0.0,1.5707963267948966,2.3036114285813905,0.0,0.0,0.0,0.0,5_25,1.0,-0.0,9999.0,0.0,41.987212495815925,0.0
lpJL9-mBNmk_00,247,25,5,115.06954418958998,-1.5707963267948966,0.0,0.0,2.0344439357957027,0.0,-0.5,0.25,0.0,5_25,1.0,0.23358889880445588,492.61563703812,90.0,116.56505117707799,0.5590169943749475
lpJL9-mBNmk_00,248,25,5,115.06954418958998,0.0,0.0,0.0,2.582993338246237,0.0,0.0,0.0,0.0,5_25,1.0,-0.0,9999.0,0.0,147.99461679191685,0.0
lpJL9-mBNmk_00,249,25,5,115.06954418958998,0.0,0.0,0.0,2.677945044588987,0.0,0.0,0.0,0.0,5_25,1.0,-0.0,9999.0,0.0,153.434948822922,0.0
lpJL9-mBNmk_00,250,25,5,115.05324854170786,0.0,-1.5707963267948966,0.0,2.819842099193151,0.0,0.0,0.0,-0.5,5_25,1.0,0.016295647882117237,7060.366631262738,90.0,161.565051177078,0.5
lpJL9-mBNmk_00,251,25,5,115.03912377969506,0.0,-1.5707963267948966,0.0,-2.5535900500422253,0.0,0.0,0.0,-0.5,5_25,1.0,0.014124762012798442,8144.499969306255,90.0,146.3099324740202,0.5
lpJL9-mBNmk_00,252,25,5,114.0537154151499,0.0,0.46364760900080615,0.0,-2.356194490192345,0.0,0.0,1.0,0.5,5_25,1.0,0.9854083645451652,115.74258908162774,26.565051177077994,135.0,1.118033988749895
lpJL9-mBNmk_00,253,25,5,115.05324854170786,0.0,3.141592653589793,0.0,-2.761086276477428,0.0,0.0,-1.0,0.0,5_25,1.0,-0.9995331265579637,9999.0,180.0,158.19859051364818,1.0
lpJL9-mBNmk_00,254,25,5,115.05324854170786,0.0,0.0,0.0,-2.5535900500422253,0.0,0.0,0.0,0.0,5_25,1.0,-0.0,9999.0,0.0,146.3099324740202,0.0
lpJL9-mBNmk_00,255,25,5,114.0537154151499,0.0,0.0,0.0,-0.7853981633974483,0.0,0.0,1.0,0.0,5_25,1.0,0.9995331265579637,114.10698893783571,0.0,45.0,1.0
lpJL9-mBNmk_00,256,25,5,114.72724175190476,2.1112158270654975,-2.677945044588987,2.1112158270654975,-1.5707963267948966,-0.30000000000001137,0.5,-1.0,-0.5,5_25,1.0,-0.6735263367548612,9999.0,85.60129464500352,149.03624346792552,1.2206555615733636
lpJL9-mBNmk_00,257,25,5,114.72724175190476,0.0,0.0,2.1112158270654975,-1.8157749899217608,0.0,0.0,0.0,0.0,5_25,1.0,-0.0,9999.0,0.0,134.99999999999903,0.0
lpJL9-mBNmk_00,258,25,5,114.72724175190476,0.0,0.0,2.1112158270654975,-1.5707963267948966,0.0,0.0,0.0,0.0,5_25,1.0,-0.0,9999.0,0.0,149.03624346792552,0.0
lpJL9-mBNmk_00,259,25,5,114.72724175190476,0.0,0.0,2.1112158270654975,-1.5707963267948966,0.0,0.0,0.0,0.0,5_25,1.0,-0.0,9999.0,0.0,149.03624346792552,0.0
lpJL9-mBNmk_00,260,25,5,114.72724175190476,0.0,0.0,3.141592653589793,-1.3258176636680323,0.0,0.0,0.0,0.0,5_25,1.0,-0.0,9999.0,0.0,104.0362434679265,0.0
lpJL9-mBNmk_00,261,25,5,114.72724175190476,0.0,0.0,3.141592653589793,-1.3258176636680323,0.0,0.0,0.0,0.0,5_25,1.0,-0.0,9999.0,0.0,104.0362434679265,0.0
lpJL9-mBNmk_00,262,25,5,114.72724175190476,0.0,0.0,3.141592653589793,-1.3258176636680323,0.0,0.0,0.0,0.0,5_25,1.0,-0.0,9999.0,0.0,104.0362434679265,0.0
lpJL9-mBNmk_00,263,25,5,114.72724175190476,0.0,0.0,3.141592653589793,-1.3258176636680323,0.0,0.0,0.0,0.0,5_25,1.0,-0.0,9999.0,0.0,104.0362434679265,0.0
lpJL9-mBNmk_00,264,25,5,114.72724175190476,0.0,0.0,2.1112158270654975,-1.3258176636680323,0.0,0.0,0.0,0.0,5_25,1.0,-0.0,9999.0,0.0,163.072486935852,0.0
lpJL9-mBNmk_00,265,25,5,114.72724175190476,0.0,0.0,3.141592653589793,-1.3258176636680323,0.0,0.0,0.0,0.0,5_25,1.0,-0.0,9999.0,0.0,104.0362434679265,0.0
lpJL9-mBNmk_00,266,25,5,114.77722988467704,3.141592653589793,3.141592653589793,3.141592653589793,-1.5707963267948966,-0.19999999999998863,0.0,-0.25,0.0,5_25,1.0,-0.049988132772284644,9999.0,0.0,90.00000000000001,0.05000000000001137
lpJL9-mBNmk_00,267,25,5,114.52728932442258,0.0,0.0,2.356194490192345,-1.5707963267948966,0.0,0.0,0.25,0.0,5_25,1.0,0.24994056025445843,458.21810276741445,0.0,135.0,0.25
lpJL9-mBNmk_00,268,25,5,114.53929456741035,-1.5707963267948966,0.0,3.141592653589793,-1.5707963267948966,0.0,-0.5,0.0,0.0,5_25,1.0,-0.012005242987768838,9999.0,90.0,90.00000000000001,0.5
lpJL9-mBNmk_00,269,25,5,114.53929456741035,0.0,0.0,3.141592653589793,-1.5707963267948966,0.0,0.0,0.0,0.0,5_25,1.0,-0.0,9999.0,0.0,90.00000000000001,0.0
lpJL9-mBNmk_00,270,25,5,114.53929456741035,0.0,0.0,3.141592653589793,-1.5707963267948966,0.0,0.0,0.0,0.0,5_25,1.0,-0.0,9999.0,0.0,90.00000000000001,0.0
lpJL9-mBNmk_00,271,25,5,114.78920898760475,0.0,0.0,3.141592653589793,0.0,0.25,0.0,0.0,0.0,5_25,1.0,-0.24991442019440058,9999.0,0.0,180.0,0.25
lpJL9-mBNmk_00,272,25,5,114.55348095976831,3.141592653589793,1.5707963267948966,3.141592653589793,3.141592653589793,-0.25,0.0,0.0,0.5,5_25,1.0,0.2357280278364442,485.9561334778962,90.0,0.0,0.5590169943749475
lpJL9-mBNmk_00,273,25,5,114.55348095976831,0.0,0.0,3.141592653589793,0.0,0.0,0.0,0.0,0.0,5_25,1.0,-0.0,9999.0,0.0,180.0,0.0
lpJL9-mBNmk_00,274,25,5,114.55348095976831,0.0,0.0,3.141592653589793,0.0,0.0,0.0,0.0,0.0,5_25,1.0,-0.0,9999.0,0.0,180.0,0.0
lpJL9-mBNmk_00,275,25,5,114.55348095976831,0.0,0.0,3.141592653589793,3.141592653589793,0.0,0.0,0.0,0.0,5_25,1.0,-0.0,9999.0,0.0,0.0,0.0
lpJL9-mBNmk_00,276,25,5,114.53929456741035,1.5707963267948966,0.0,3.141592653589793,1.5707963267948966,0.0,0.5,0.0,0.0,5_25,1.0,0.014186392357956379,8073.884584418072,90.0,90.0,0.5
lpJL9-mBNmk_00,277,25,5,114.55348095976831,-1.5707963267948966,0.0,-1.951302703907242,1.5707963267948966,0.0,-0.5,0.0,0.0,5_25,1.0,-0.014186392357956379,9999.0,90.0,158.1985905136493,0.5
lpJL9-mBNmk_00,278,25,5,114.75338774955621,0.0,0.0,-1.5707963267948966,1.5707963267948966,0.19999999999998863,0.0,0.0,0.0,5_25,1.0,-0.199906789787903,9999.0,0.0,180.0,0.19999999999998863
lpJL9-mBNmk_00,279,25,5,114.53929456741035,3.141592653589793,-1.5707963267948966,-1.951302703907242,0.0,-0.19999999999998863,0.0,0.0,-0.5,5_25,1.0,0.21409318214585937,534.9973942158325,90.00000000000001,111.80140948635069,0.5385164807134462
lpJL9-mBNmk_00,280,25,5,114.55348095976831,0.0,1.5707963267948966,-1.951302703907242,1.5707963267948966,0.0,0.0,0.0,0.5,5_25,1.0,-0.014186392357956379,9999.0,90.0,158.1985905136493,0.5
lpJL9-mBNmk_00,281,25,5,114.53929456741035,0.0,-1.5707963267948966,-1.951302703907242,0.0,0.0,0.0,0.0,-0.5,5_25,1.0,0.014186392357956379,8073.884584418072,90.0,111.80140948635069,0.5
lpJL9-mBNmk_00,282,25,5,114.53929456741035,0.0,0.0,-1.951302703907242,0.0,0.0,0.0,0.0,0.0,5_25,1.0,-0.0,9999.0,0.0,111.80140948635069,0.0
lpJL9-mBNmk_00,283,25,5,114.53929456741035,0.0,0.0,-1.951302703907242,0.0,0.0,0.0,0.0,0.0,5_25,1.0,-0.0,9999.0,0.0,111.80140948635069,0.0
lpJL9-mBNmk_00,284,25,5,114.53929456741035,0.0,0.0,-1.951302703907242,0.0,0.0,0.0,0.0,0.0,5_25,1.0,-0.0,9999.0,0.0,111.80140948635069,0.0
lpJL9-mBNmk_00,285,25,5,114.53929456741035,0.0,0.0,-1.951302703907242,0.0,0.0,0.0,0.0,0.0,5_25,1.0,-0.0,9999.0,0.0,111.80140948635069,0.0
lpJL9-mBNmk_00,286,25,5,114.80336449773587,0.0,1.5707963267948966,-1.1071487177940904,1.1071487177940904,0.25,0.0,0.0,0.5,5_25,1.0,-0.26406993032551895,9999.0,90.0,126.86989764584402,0.5590169943749475
lpJL9-mBNmk_00,287,25,5,114.80336449773587,0.0,0.0,-1.1071487177940904,1.5707963267948966,0.0,0.0,0.0,0.0,5_25,1.0,-0.0,9999.0,0.0,153.434948822922,0.0
lpJL9-mBNmk_00,288,25,5,114.80336449773587,0.0,0.0,0.0,1.5707963267948966,0.0,0.0,0.0,0.0,5_25,1.0,-0.0,9999.0,0.0,90.0,0.0
lpJL9-mBNmk_00,289,25,5,114.78920898760475,0.0,-1.5707963267948966,0.0,0.0,0.0,0.0,0.0,-0.5,5_25,1.0,0.014155510131118376,8109.153815323197,90.0,0.0,0.5
lpJL9-mBNmk_00,290,25,5,115.03912377969506,0.0,0.0,0.0,0.0,0.25,0.0,0.0,0.0,5_25,1.0,-0.24991479209030842,9999.0,0.0,0.0,0.25
lpJL9-mBNmk_00,291,25,5,115.05324854170786,0.0,1.5707963267948966,0.0,1.5707963267948966,0.0,0.0,0.0,0.5,5_25,1.0,-0.014124762012798442,9999.0,90.0,90.0,0.5
lpJL9-mBNmk_00,292,25,5,115.03912377969506,0.0,-1.5707963267948966,0.0,-1.5707963267948966,0.0,0.0,0.0,-0.5,5_25,1.0,0.014124762012798442,8144.499969306255,90.0,90.0,0.5
lpJL9-mBNmk_00,293,25,5,115.03912377969506,0.0,0.0,0.0,-1.5707963267948966,0.0,0.0,0.0,0.0,5_25,1.0,-0.0,9999.0,0.0,90.0,0.0
lpJL9-mBNmk_00,294,25,5,114.80336449773587,3.141592653589793,1.5707963267948966,0.0,0.0,-0.25,0.0,0.0,0.5,5_25,1.0,0.23575928195919005,486.9516209232786,90.0,0.0,0.5590169943749475
lpJL9-mBNmk_00,295,25,5,114.78920898760475,0.0,-1.5707963267948966,0.0,-1.5707963267948966,0.0,0.0,0.0,-0.5,5_25,1.0,0.014155510131118376,8109.153815323197,90.0,90.0,0.5
lpJL9-mBNmk_00,296,25,5,114.78920898760475,0.0,0.0,-1.1071487177940904,-1.5707963267948966,0.0,0.0,0.0,0.0,5_25,1.0,-0.0,9999.0,0.0,26.565051177077994,0.0
lpJL9-mBNmk_00,297,25,5,115.03912377969506,0.0,0.0,0.0,-1.5707963267948966,0.25,0.0,0.0,0.0,5_25,1.0,-0.24991479209030842,9999.0,0.0,90.0,0.25
lpJL9-mBNmk_00,298,25,5,115.05324854170786,0.0,1.5707963267948966,0.0,0.0,0.0,0.0,0.0,0.5,5_25,1.0,-0.014124762012798442,9999.0,90.0,0.0,0.5
lpJL9-mBNmk_00,299,25,5,115.05324854170786,0.0,0.0,0.0,1.5707963267948966,0.0,0.0,0.0,0.0,5_25,1.0,-0.0,9999.0,0.0,90.0,0.0
lpJL9-mBNmk_00,300,25,5,115.03912377969506,0.0,-1.5707963267948966,0.0,-1.5707963267948966,0.0,0.0,0.0,-0.5,5_25,1.0,0.014124762012798442,8144.499969306255,90.0,90.0,0.5
lpJL9-mBNmk_00,301,25,5,115.03912377969506,0.0,0.0,0.0,0.0,0.0,0.0,0.0,0.0,5_25,1.0,-0.0,9999.0,0.0,0.0,0.0
lpJL9-mBNmk_00,302,25,5,115.03912377969506,0.0,0.0,0.0,0.0,0.0,0.0,0.0,0.0,5_25,1.0,-0.0,9999.0,0.0,0.0,0.0
lpJL9-mBNmk_00,303,25,5,115.03912377969506,0.0,0.0,0.0,0.0,0.0,0.0,0.0,0.0,5_25,1.0,-0.0,9999.0,0.0,0.0,0.0
lpJL9-mBNmk_00,304,25,5,115.03912377969506,0.0,0.0,0.0,0.0,0.0,0.0,0.0,0.0,5_25,1.0,-0.0,9999.0,0.0,0.0,0.0
lpJL9-mBNmk_00,305,25,5,115.03912377969506,0.0,0.0,0.0,0.0,0.0,0.0,0.0,0.0,5_25,1.0,-0.0,9999.0,0.0,0.0,0.0
lpJL9-mBNmk_00,306,25,5,114.78920898760475,3.141592653589793,0.0,0.0,-1.5707963267948966,-0.25,0.0,0.0,0.0,5_25,1.0,0.24991479209030842,459.31338448395996,180.0,90.0,0.25
lpJL9-mBNmk_00,307,25,5,114.78920898760475,0.0,0.0,0.0,-1.5707963267948966,0.0,0.0,0.0,0.0,5_25,1.0,-0.0,9999.0,0.0,90.0,0.0
lpJL9-mBNmk_00,308,25,5,115.03912377969506,0.0,0.0,0.0,-1.5707963267948966,0.25,0.0,0.0,0.0,5_25,1.0,-0.24991479209030842,9999.0,0.0,90.0,0.25
lpJL9-mBNmk_00,309,25,5,115.03912377969506,0.0,0.0,0.0,0.0,0.0,0.0,0.0,0.0,5_25,1.0,-0.0,9999.0,0.0,0.0,0.0
lpJL9-mBNmk_00,310,25,5,115.03912377969506,0.0,0.0,0.0,0.0,0.0,0.0,0.0,0.0,5_25,1.0,-0.0,9999.0,0.0,0.0,0.0
lpJL9-mBNmk_00,311,25,5,115.03912377969506,0.0,0.0,0.0,-1.5707963267948966,0.0,0.0,0.0,0.0,5_25,1.0,-0.0,9999.0,0.0,90.0,0.0
lpJL9-mBNmk_00,312,25,5,115.03912377969506,0.0,0.0,0.0,0.0,0.0,0.0,0.0,0.0,5_25,1.0,-0.0,9999.0,0.0,0.0,0.0
lpJL9-mBNmk_00,313,25,5,115.03912377969506,0.0,0.0,0.0,0.0,0.0,0.0,0.0,0.0,5_25,1.0,-0.0,9999.0,0.0,0.0,0.0
lpJL9-mBNmk_00,314,25,5,115.03912377969506,0.0,0.0,0.0,-1.5707963267948966,0.0,0.0,0.0,0.0,5_25,1.0,-0.0,9999.0,0.0,90.0,0.0
lpJL9-mBNmk_00,315,25,5,115.03912377969506,0.0,0.0,0.0,0.0,0.0,0.0,0.0,0.0,5_25,1.0,-0.0,9999.0,0.0,0.0,0.0
lpJL9-mBNmk_00,316,25,5,115.03912377969506,0.0,0.0,0.0,0.0,0.0,0.0,0.0,0.0,5_25,1.0,-0.0,9999.0,0.0,0.0,0.0
lpJL9-mBNmk_00,317,25,5,115.03912377969506,0.0,0.0,0.0,0.0,0.0,0.0,0.0,0.0,5_25,1.0,-0.0,9999.0,0.0,0.0,0.0
lpJL9-mBNmk_00,318,25,5,115.03912377969506,0.0,0.0,0.0,-1.5707963267948966,0.0,0.0,0.0,0.0,5_25,1.0,-0.0,9999.0,0.0,90.0,0.0
lpJL9-mBNmk_00,319,25,5,115.03912377969506,0.0,0.0,0.0,-1.5707963267948966,0.0,0.0,0.0,0.0,5_25,1.0,-0.0,9999.0,0.0,90.0,0.0
lpJL9-mBNmk_00,320,25,5,115.03912377969506,0.0,0.0,0.0,0.0,0.0,0.0,0.0,0.0,5_25,1.0,-0.0,9999.0,0.0,0.0,0.0
lpJL9-mBNmk_00,321,25,5,115.03912377969506,0.0,0.0,0.0,0.0,0.0,0.0,0.0,0.0,5_25,1.0,-0.0,9999.0,0.0,0.0,0.0
lpJL9-mBNmk_00,322,25,5,115.03912377969506,0.0,0.0,0.0,0.0,0.0,0.0,0.0,0.0,5_25,1.0,-0.0,9999.0,0.0,0.0,0.0
lpJL9-mBNmk_00,323,25,5,115.03912377969506,0.0,0.0,0.0,0.0,0.0,0.0,0.0,0.0,5_25,1.0,-0.0,9999.0,0.0,0.0,0.0
lpJL9-mBNmk_00,324,25,5,115.08910678252744,3.141592653589793,3.141592653589793,3.141592653589793,3.141592653589793,-0.25,0.0,-0.30000000000001137,0.0,5_25,1.0,-0.04998300283237711,9999.0,0.0,0.0,0.05000000000001137
lpJL9-mBNmk_00,325,25,5,115.03912377969506,0.0,0.0,0.0,0.0,0.25,0.0,0.30000000000001137,0.0,5_25,1.0,0.04998300283237711,2301.564877274181,0.0,0.0,0.05000000000001137
lpJL9-mBNmk_00,326,25,5,114.78920898760475,3.141592653589793,0.0,0.0,0.0,-0.25,0.0,0.0,0.0,5_25,1.0,0.24991479209030842,459.31338448395996,180.0,0.0,0.25
lpJL9-mBNmk_00,327,25,5,114.53929456741035,3.141592653589793,0.0,3.141592653589793,0.0,-0.25,0.0,0.0,0.0,5_25,1.0,0.24991442019440058,458.31406798500797,180.0,180.0,0.25
lpJL9-mBNmk_00,328,25,5,114.78920898760475,0.0,0.0,3.141592653589793,0.0,0.25,0.0,0.0,0.0,5_25,1.0,-0.24991442019440058,9999.0,0.0,180.0,0.25
lpJL9-mBNmk_00,329,25,5,114.78920898760475,0.0,0.0,3.141592653589793,0.0,0.0,0.0,0.0,0.0,5_25,1.0,-0.0,9999.0,0.0,180.0,0.0
lpJL9-mBNmk_00,330,25,5,115.03912377969506,0.0,0.0,0.0,0.0,0.25,0.0,0.0,0.0,5_25,1.0,-0.24991479209030842,9999.0,0.0,0.0,0.25
lpJL9-mBNmk_00,331,25,5,115.03912377969506,0.0,0.0,0.0,0.0,0.0,0.0,0.0,0.0,5_25,1.0,-0.0,9999.0,0.0,0.0,0.0
lpJL9-mBNmk_00,332,25,5,115.03912377969506,0.0,0.0,0.0,0.0,0.0,0.0,0.0,0.0,5_25,1.0,-0.0,9999.0,0.0,0.0,0.0
lpJL9-mBNmk_00,333,25,5,115.03912377969506,0.0,0.0,0.0,0.0,0.0,0.0,0.0,0.0,5_25,1.0,-0.0,9999.0,0.0,0.0,0.0
lpJL9-mBNmk_00,334,25,5,114.78920898760475,3.141592653589793,0.0,3.141592653589793,0.0,-0.25,0.0,0.0,0.0,5_25,1.0,0.24991479209030842,459.31338448395996,180.0,180.0,0.25
lpJL9-mBNmk_00,335,25,5,114.78920898760475,0.0,0.0,3.141592653589793,0.0,0.0,0.0,0.0,0.0,5_25,1.0,-0.0,9999.0,0.0,180.0,0.0
lpJL9-mBNmk_00,336,25,5,114.80336449773587,0.0,1.5707963267948966,3.141592653589793,1.5707963267948966,0.0,0.0,0.0,0.5,5_25,1.0,-0.014155510131118376,9999.0,90.0,90.0,0.5
lpJL9-mBNmk_00,337,25,5,115.05324854170786,0.0,0.0,0.0,1.5707963267948966,0.25,0.0,0.0,0.0,5_25,1.0,-0.2498840439719885,9999.0,0.0,90.0,0.25
lpJL9-mBNmk_00,338,25,5,115.05324854170786,0.0,0.0,0.0,1.5707963267948966,0.0,0.0,0.0,0.0,5_25,1.0,-0.0,9999.0,0.0,90.0,0.0
lpJL9-mBNmk_00,339,25,5,115.05324854170786,0.0,0.0,0.0,1.5707963267948966,0.0,0.0,0.0,0.0,5_25,1.0,-0.0,9999.0,0.0,90.0,0.0
lpJL9-mBNmk_00,340,25,5,115.05324854170786,0.0,0.0,0.0,1.5707963267948966,0.0,0.0,0.0,0.0,5_25,1.0,-0.0,9999.0,0.0,90.0,0.0
lpJL9-mBNmk_00,341,25,5,115.05324854170786,0.0,0.0,0.0,1.5707963267948966,0.0,0.0,0.0,0.0,5_25,1.0,-0.0,9999.0,0.0,90.0,0.0
lpJL9-mBNmk_00,342,25,5,115.05324854170786,0.0,0.0,0.0,1.5707963267948966,0.0,0.0,0.0,0.0,5_25,1.0,-0.0,9999.0,0.0,90.0,0.0
lpJL9-mBNmk_00,343,25,5,115.05324854170786,0.0,0.0,0.0,1.5707963267948966,0.0,0.0,0.0,0.0,5_25,1.0,-0.0,9999.0,0.0,90.0,0.0
lpJL9-mBNmk_00,344,25,5,115.05324854170786,0.0,0.0,0.0,1.0303768265242956,0.0,0.0,0.0,0.0,5_25,1.0,-0.0,9999.0,0.0,59.036243467925516,0.0
lpJL9-mBNmk_00,345,25,5,115.05324854170786,0.0,0.0,0.0,1.5707963267948966,0.0,0.0,0.0,0.0,5_25,1.0,-0.0,9999.0,0.0,90.0,0.0
lpJL9-mBNmk_00,346,25,5,114.73922607373642,2.1112158270654975,0.0,1.670464979286081,1.5707963267948966,-0.30000000000001137,0.5,0.0,0.0,5_25,1.0,0.31402246797144073,365.3854032004218,120.96375653207448,5.710593137500933,0.5830951894845359
lpJL9-mBNmk_00,347,25,5,114.73922607373642,0.0,0.0,1.1902899496825512,1.5707963267948966,0.0,0.0,0.0,0.0,5_25,1.0,-0.0,9999.0,0.0,21.801409486350696,0.0
lpJL9-mBNmk_00,348,25,5,114.73922607373642,0.0,0.0,1.670464979286081,1.5707963267948966,0.0,0.0,0.0,0.0,5_25,1.0,-0.0,9999.0,0.0,5.710593137500933,0.0
lpJL9-mBNmk_00,349,25,5,114.73922607373642,0.0,0.0,1.670464979286081,1.5707963267948966,0.0,0.0,0.0,0.0,5_25,1.0,-0.0,9999.0,0.0,5.710593137500933,0.0
lpJL9-mBNmk_00,350,25,5,114.53929456741035,0.0,0.0,2.1112158270654975,1.1902899496825512,0.0,0.0,0.19999999999998863,0.0,5_25,1.0,0.1999315063260667,572.8926704558967,0.0,52.76516601842518,0.19999999999998863
lpJL9-mBNmk_00,351,25,5,114.53929456741035,0.0,0.0,2.1112158270654975,1.1902899496825512,0.0,0.0,0.0,0.0,5_25,1.0,-0.0,9999.0,0.0,52.76516601842518,0.0
lpJL9-mBNmk_00,352,25,5,114.53929456741035,0.0,0.0,2.1112158270654975,1.1902899496825512,0.0,0.0,0.0,0.0,5_25,1.0,-0.0,9999.0,0.0,52.76516601842518,0.0
lpJL9-mBNmk_00,353,25,5,114.53929456741035,0.0,0.0,2.1112158270654975,1.1902899496825512,0.0,0.0,0.0,0.0,5_25,1.0,-0.0,9999.0,0.0,52.76516601842518,0.0
lpJL9-mBNmk_00,354,25,5,113.75385707746352,0.0,0.5585993153435561,1.670464979286081,0.7853981633974483,0.0,0.0,0.8000000000000114,0.5,5_25,1.0,0.7854374899468297,144.8286573195839,32.00538320808313,50.71059313750093,0.94339811320567
lpJL9-mBNmk_00,355,25,5,113.75385707746352,0.0,0.0,1.670464979286081,0.7853981633974483,0.0,0.0,0.0,0.0,5_25,1.0,-0.0,9999.0,0.0,50.71059313750093,0.0
lpJL9-mBNmk_00,356,25,5,113.73957095048318,0.0,-1.5707963267948966,1.670464979286081,0.0,0.0,0.0,0.0,-0.5,5_25,1.0,0.014286126980337599,7961.539968602139,90.0,95.71059313750094,0.5
lpJL9-mBNmk_00,357,25,5,113.75385707746352,0.0,1.5707963267948966,2.1112158270654975,0.46364760900080615,0.0,0.0,0.0,0.5,5_25,1.0,-0.014286126980337599,9999.0,90.0,94.3987053549965,0.5
lpJL9-mBNmk_00,358,25,5,113.75385707746352,0.0,0.0,2.1112158270654975,0.46364760900080615,0.0,0.0,0.0,0.0,5_25,1.0,-0.0,9999.0,0.0,94.3987053549965,0.0
lpJL9-mBNmk_00,359,25,5,114.25362138680768,0.0,3.141592653589793,2.1112158270654975,0.7853981633974483,0.0,0.0,-0.5,0.0,5_25,1.0,-0.49976430934415816,9999.0,180.0,75.96375653207448,0.5
lpJL9-mBNmk_00,360,25,5,114.75338774955621,0.0,3.141592653589793,2.1112158270654975,1.5707963267948966,0.0,0.0,-0.5,0.0,5_25,1.0,-0.4997663627485309,9999.0,180.0,30.963756532074484,0.5
lpJL9-mBNmk_00,361,25,5,114.75338774955621,0.0,0.0,2.1112158270654975,1.5707963267948966,0.0,0.0,0.0,0.0,5_25,1.0,-0.0,9999.0,0.0,30.963756532074484,0.0
lpJL9-mBNmk_00,362,25,5,114.75338774955621,0.0,0.0,2.1112158270654975,1.5707963267948966,0.0,0.0,0.0,0.0,5_25,1.0,-0.0,9999.0,0.0,30.963756532074484,0.0
lpJL9-mBNmk_00,363,25,5,114.75338774955621,0.0,0.0,2.1112158270654975,1.5707963267948966,0.0,0.0,0.0,0.0,5_25,1.0,-0.0,9999.0,0.0,30.963756532074484,0.0
lpJL9-mBNmk_00,364,25,5,114.75338774955621,0.0,0.0,2.1112158270654975,1.5707963267948966,0.0,0.0,0.0,0.0,5_25,1.0,-0.0,9999.0,0.0,30.963756532074484,0.0
lpJL9-mBNmk_00,365,25,5,114.75338774955621,0.0,0.0,2.1112158270654975,1.5707963267948966,0.0,0.0,0.0,0.0,5_25,1.0,-0.0,9999.0,0.0,30.963756532074484,0.0
lpJL9-mBNmk_00,366,25,5,114.75338774955621,0.0,0.0,0.0,1.5707963267948966,0.0,0.0,0.0,0.0,5_25,1.0,-0.0,9999.0,0.0,90.0,0.0
lpJL9-mBNmk_00,367,25,5,114.50350431318684,0.0,0.0,0.0,1.1071487177940904,0.0,0.0,0.25,0.0,5_25,1.0,0.24988343636937316,458.22766797527885,0.0,63.43494882292201,0.25
lpJL9-mBNmk_00,368,25,5,114.50350431318684,0.0,0.0,0.0,1.1071487177940904,0.0,0.0,0.0,0.0,5_25,1.0,-0.0,9999.0,0.0,63.43494882292201,0.0
lpJL9-mBNmk_00,369,25,5,114.50350431318684,0.0,0.0,0.0,1.1071487177940904,0.0,0.0,0.0,0.0,5_25,1.0,-0.0,9999.0,0.0,63.43494882292201,0.0
lpJL9-mBNmk_00,370,25,5,114.50350431318684,0.0,0.0,0.0,1.471127674303712,0.0,0.0,0.0,0.0,5_25,1.0,-0.0,9999.0,0.0,84.28940686249906,0.0
lpJL9-mBNmk_00,371,25,5,114.50350431318684,0.0,0.0,0.0,1.471127674303712,0.0,0.0,0.0,0.0,5_25,1.0,-0.0,9999.0,0.0,84.28940686249906,0.0
lpJL9-mBNmk_00,372,25,5,114.50350431318684,0.0,0.0,0.0,1.471127674303712,0.0,0.0,0.0,0.0,5_25,1.0,-0.0,9999.0,0.0,84.28940686249906,0.0
lpJL9-mBNmk_00,373,25,5,114.50350431318684,0.0,0.0,0.0,1.471127674303712,0.0,0.0,0.0,0.0,5_25,1.0,-0.0,9999.0,0.0,84.28940686249906,0.0
lpJL9-mBNmk_00,374,25,5,114.30359793112376,3.141592653589793,0.0,3.141592653589793,3.141592653589793,-0.19999999999998863,0.0,0.0,0.0,5_25,1.0,0.19990638206307665,571.7856366139298,180.0,0.0,0.19999999999998863
lpJL9-mBNmk_00,375,25,5,114.30359793112376,0.0,0.0,3.141592653589793,3.141592653589793,0.0,0.0,0.0,0.0,5_25,1.0,-0.0,9999.0,0.0,0.0,0.0
lpJL9-mBNmk_00,376,25,5,114.30359793112376,0.0,0.0,3.141592653589793,2.5535900500422253,0.0,0.0,0.0,0.0,5_25,1.0,-0.0,9999.0,0.0,33.6900675259798,0.0
lpJL9-mBNmk_00,377,25,5,114.30359793112376,0.0,0.0,3.141592653589793,3.141592653589793,0.0,0.0,0.0,0.0,5_25,1.0,-0.0,9999.0,0.0,0.0,0.0
lpJL9-mBNmk_00,378,25,5,114.55348095976831,0.0,3.141592653589793,3.141592653589793,3.141592653589793,0.0,0.0,-0.25,0.0,5_25,1.0,-0.2498830286445468,9999.0,180.0,0.0,0.25
lpJL9-mBNmk_00,379,25,5,114.55348095976831,0.0,0.0,3.141592653589793,3.141592653589793,0.0,0.0,0.0,0.0,5_25,1.0,-0.0,9999.0,0.0,0.0,0.0
lpJL9-mBNmk_00,380,25,5,114.55348095976831,0.0,0.0,3.141592653589793,0.0,0.0,0.0,0.0,0.0,5_25,1.0,-0.0,9999.0,0.0,180.0,0.0
lpJL9-mBNmk_00,381,25,5,114.55348095976831,0.0,0.0,3.141592653589793,0.0,0.0,0.0,0.0,0.0,5_25,1.0,-0.0,9999.0,0.0,180.0,0.0
lpJL9-mBNmk_00,382,25,5,114.55348095976831,0.0,0.0,3.141592653589793,0.0,0.0,0.0,0.0,0.0,5_25,1.0,-0.0,9999.0,0.0,180.0,0.0
lpJL9-mBNmk_00,383,25,5,114.55348095976831,0.0,0.0,3.141592653589793,0.0,0.0,0.0,0.0,0.0,5_25,1.0,-0.0,9999.0,0.0,180.0,0.0
lpJL9-mBNmk_00,384,25,5,114.0701538527936,-1.5707963267948966,0.0,-1.951302703907242,0.0,0.0,-0.5,0.5,0.0,5_25,1.0,0.4833271069747127,236.01025518058034,90.0,111.80140948635069,0.7071067811865476
lpJL9-mBNmk_00,385,25,5,114.0701538527936,0.0,0.0,-1.951302703907242,0.0,0.0,0.0,0.0,0.0,5_25,1.0,-0.0,9999.0,0.0,111.80140948635069,0.0
lpJL9-mBNmk_00,386,25,5,114.0701538527936,0.0,0.0,-1.951302703907242,0.0,0.0,0.0,0.0,0.0,5_25,1.0,-0.0,9999.0,0.0,111.80140948635069,0.0
lpJL9-mBNmk_00,387,25,5,114.0701538527936,0.0,0.0,-1.951302703907242,0.0,0.0,0.0,0.0,0.0,5_25,1.0,-0.0,9999.0,0.0,111.80140948635069,0.0
lpJL9-mBNmk_00,388,25,5,114.0701538527936,0.0,0.0,-1.951302703907242,0.0,0.0,0.0,0.0,0.0,5_25,1.0,-0.0,9999.0,0.0,111.80140948635069,0.0
lpJL9-mBNmk_00,389,25,5,114.0701538527936,0.0,0.0,-1.951302703907242,0.0,0.0,0.0,0.0,0.0,5_25,1.0,-0.0,9999.0,0.0,111.80140948635069,0.0
lpJL9-mBNmk_00,390,25,5,113.57046270928018,0.0,0.0,-1.951302703907242,0.0,0.0,0.0,0.5,0.0,5_25,1.0,0.4996911435134166,227.28132003850664,0.0,111.80140948635069,0.5
lpJL9-mBNmk_00,391,25,5,113.57046270928018,0.0,0.0,-1.951302703907242,0.0,0.0,0.0,0.0,0.0,5_25,1.0,-0.0,9999.0,0.0,111.80140948635069,0.0
lpJL9-mBNmk_00,392,25,5,113.57046270928018,0.0,0.0,-1.951302703907242,0.0,0.0,0.0,0.0,0.0,5_25,1.0,-0.0,9999.0,0.0,111.80140948635069,0.0
lpJL9-mBNmk_00,393,25,5,113.57046270928018,0.0,0.0,-1.951302703907242,0.0,0.0,0.0,0.0,0.0,5_25,1.0,-0.0,9999.0,0.0,111.80140948635069,0.0
lpJL9-mBNmk_00,394,25,5,114.0701538527936,0.0,3.141592653589793,-1.5707963267948966,0.0,0.0,0.0,-0.5,0.0,5_25,1.0,-0.4996911435134166,9999.0,180.0,90.0,0.5
lpJL9-mBNmk_00,395,25,5,113.57046270928018,0.0,0.0,-1.5707963267948966,0.0,0.0,0.0,0.5,0.0,5_25,1.0,0.4996911435134166,227.28132003850664,0.0,90.0,0.5
lpJL9-mBNmk_00,396,25,5,113.57046270928018,0.0,0.0,-1.5707963267948966,0.0,0.0,0.0,0.0,0.0,5_25,1.0,-0.0,9999.0,0.0,90.0,0.0
lpJL9-mBNmk_00,397,25,5,113.57046270928018,0.0,0.0,-1.5707963267948966,0.0,0.0,0.0,0.0,0.0,5_25,1.0,-0.0,9999.0,0.0,90.0,0.0
lpJL9-mBNmk_00,398,25,5,113.8702770700063,0.0,3.141592653589793,-1.5707963267948966,0.0,0.0,0.0,-0.30000000000001137,0.0,5_25,1.0,-0.299814360726117,9999.0,180.0,90.0,0.30000000000001137
lpJL9-mBNmk_00,399,25,5,114.0701538527936,0.0,0.0,-1.1902899496825512,0.0,0.19999999999998863,0.0,0.0,0.0,5_25,1.0,-0.1998767827872996,9999.0,0.0,68.19859051364931,0.19999999999998863
lpJL9-mBNmk_00,400,25,5,114.36996983474292,0.0,0.0,-0.7853981633974483,0.0,0.30000000000001137,0.0,0.0,0.0,5_25,1.0,-0.29981598194932246,9999.0,0.0,45.0,0.30000000000001137
lpJL9-mBNmk_00,411,25,5,113.28940815451371,3.141592653589793,0.0,-1.1902899496825512,0.7853981633974483,-0.30000000000001137,0.0,0.0,0.0,5_25,11.0,0.0982328800208372,1153.2738135182713,180.0,113.19859051364931,0.027272727272728305
lpJL9-mBNmk_00,412,25,5,113.28940815451371,0.0,0.0,-1.1902899496825512,0.7853981633974483,0.0,0.0,0.0,0.0,5_25,1.0,-0.0,9999.0,0.0,113.19859051364931,0.0
lpJL9-mBNmk_00,413,25,5,113.56012724543768,0.0,2.0344439357957027,-1.1902899496825512,1.3258176636680323,0.0,0.0,-0.25,0.5,5_25,1.0,-0.2707190909239756,9999.0,116.56505117707799,144.1623470457228,0.5590169943749475
lpJL9-mBNmk_00,414,25,5,113.78901528706537,0.0,-2.0344439357957027,0.0,0.7853981633974483,0.0,0.0,-0.25,-0.5,5_25,1.0,-0.22888804162768395,9999.0,116.56505117707799,45.0,0.5590169943749475
lpJL9-mBNmk_00,415,25,5,113.78901528706537,0.0,0.0,0.0,1.5707963267948966,0.0,0.0,0.0,0.0,5_25,1.0,-0.0,9999.0,0.0,90.0,0.0
lpJL9-mBNmk_00,416,25,5,113.8389761900554,0.0,0.0,0.0,1.1071487177940904,0.30000000000001137,0.0,0.25,0.0,5_25,1.0,-0.04996090299003697,9999.0,0.0,63.43494882292201,0.05000000000001137
lpJL9-mBNmk_00,417,25,5,114.08878121883852,0.0,3.141592653589793,0.0,1.5707963267948966,0.0,0.0,-0.25,0.0,5_25,1.0,-0.24980502878311484,9999.0,180.0,90.0,0.25
lpJL9-mBNmk_00,418,25,5,114.08878121883852,0.0,0.0,0.0,1.0303768265242956,0.0,0.0,0.0,0.0,5_25,1.0,-0.0,9999.0,0.0,59.036243467925516,0.0
lpJL9-mBNmk_00,419,25,5,114.08878121883852,0.0,0.0,0.0,1.0303768265242956,0.0,0.0,0.0,0.0,5_25,1.0,-0.0,9999.0,0.0,59.036243467925516,0.0
lpJL9-mBNmk_00,420,25,5,114.08878121883852,0.0,0.0,0.0,1.0303768265242956,0.0,0.0,0.0,0.0,5_25,1.0,-0.0,9999.0,0.0,59.036243467925516,0.0
lpJL9-mBNmk_00,421,25,5,114.08878121883852,0.0,0.0,0.0,0.7853981633974483,0.0,0.0,0.0,0.0,5_25,1.0,-0.0,9999.0,0.0,45.0,0.0
lpJL9-mBNmk_00,422,25,5,114.08878121883852,0.0,0.0,0.0,1.5707963267948966,0.0,0.0,0.0,0.0,5_25,1.0,-0.0,9999.0,0.0,90.0,0.0
lpJL9-mBNmk_00,423,25,5,113.78901528706537,3.141592653589793,0.0,0.0,2.0344439357957027,-0.30000000000001137,0.0,0.0,0.0,5_25,1.0,0.2997659317731518,379.59288640303305,180.0,116.56505117707799,0.30000000000001137
lpJL9-mBNmk_00,424,25,5,114.08878121883852,0.0,0.0,0.0,0.7853981633974483,0.30000000000001137,0.0,0.0,0.0,5_25,1.0,-0.2997659317731518,9999.0,0.0,45.0,0.30000000000001137
lpJL9-mBNmk_00,425,25,5,114.0701538527936,0.0,-1.5707963267948966,0.0,0.0,0.0,0.0,0.0,-0.5,5_25,1.0,0.018627366044924543,6123.794076826802,90.0,0.0,0.5
lpJL9-mBNmk_00,426,25,5,114.0701538527936,0.0,0.0,0.0,3.141592653589793,0.0,0.0,0.0,0.0,5_25,1.0,-0.0,9999.0,0.0,180.0,0.0
lpJL9-mBNmk_00,427,25,5,114.08878121883852,0.0,1.5707963267948966,0.0,3.141592653589793,0.0,0.0,0.0,0.5,5_25,1.0,-0.018627366044924543,9999.0,90.0,180.0,0.5
lpJL9-mBNmk_00,428,25,5,114.08878121883852,0.0,0.0,0.0,3.141592653589793,0.0,0.0,0.0,0.0,5_25,1.0,-0.0,9999.0,0.0,180.0,0.0
lpJL9-mBNmk_00,429,25,5,114.08878121883852,0.0,0.0,0.0,3.141592653589793,0.0,0.0,0.0,0.0,5_25,1.0,-0.0,9999.0,0.0,180.0,0.0
lpJL9-mBNmk_00,430,25,5,114.08878121883852,0.0,0.0,0.0,3.141592653589793,0.0,0.0,0.0,0.0,5_25,1.0,-0.0,9999.0,0.0,180.0,0.0
lpJL9-mBNmk_00,431,25,5,114.08878121883852,0.0,0.0,0.0,3.141592653589793,0.0,0.0,0.0,0.0,5_25,1.0,-0.0,9999.0,0.0,180.0,0.0
lpJL9-mBNmk_00,432,25,5,113.52049374452173,3.141592653589793,-1.1071487177940904,0.0,-2.0344439357957027,-0.30000000000001137,0.0,0.25,-0.5,5_25,1.0,0.56828747431679,199.75892286029884,116.56505117707799,116.56505117707799,0.7433034373659336
lpJL9-mBNmk_00,433,25,5,114.0701538527936,0.0,3.141592653589793,0.0,-1.8157749899217608,0.30000000000001137,0.0,-0.25,0.0,5_25,1.0,-0.5496601082718655,9999.0,180.0,104.03624346792648,0.5500000000000114
lpJL9-mBNmk_00,434,25,5,114.08878121883852,0.0,1.5707963267948966,0.0,0.0,0.0,0.0,0.0,0.5,5_25,1.0,-0.018627366044924543,9999.0,90.0,0.0,0.5
lpJL9-mBNmk_00,435,25,5,114.08878121883852,0.0,0.0,0.0,0.0,0.0,0.0,0.0,0.0,5_25,1.0,-0.0,9999.0,0.0,0.0,0.0
lpJL9-mBNmk_00,436,25,5,114.08878121883852,0.0,0.0,0.0,3.141592653589793,0.0,0.0,0.0,0.0,5_25,1.0,-0.0,9999.0,0.0,180.0,0.0
lpJL9-mBNmk_00,437,25,5,114.58839382764731,0.0,3.141592653589793,0.0,3.141592653589793,0.0,0.0,-0.5,0.0,5_25,1.0,-0.4996126088087891,9999.0,180.0,180.0,0.5
lpJL9-mBNmk_00,438,25,5,114.58839382764731,0.0,0.0,0.0,3.141592653589793,0.0,0.0,0.0,0.0,5_25,1.0,-0.0,9999.0,0.0,180.0,0.0
lpJL9-mBNmk_00,439,25,5,114.58839382764731,0.0,0.0,0.0,3.141592653589793,0.0,0.0,0.0,0.0,5_25,1.0,-0.0,9999.0,0.0,180.0,0.0
lpJL9-mBNmk_00,440,25,5,114.58839382764731,0.0,0.0,0.0,3.141592653589793,0.0,0.0,0.0,0.0,5_25,1.0,-0.0,9999.0,0.0,180.0,0.0
lpJL9-mBNmk_00,441,25,5,114.58839382764731,0.0,0.0,0.0,3.141592653589793,0.0,0.0,0.0,0.0,5_25,1.0,-0.0,9999.0,0.0,180.0,0.0
lpJL9-mBNmk_00,442,25,5,114.58839382764731,0.0,0.0,0.0,3.141592653589793,0.0,0.0,0.0,0.0,5_25,1.0,-0.0,9999.0,0.0,180.0,0.0
lpJL9-mBNmk_00,443,25,5,114.58839382764731,0.0,0.0,0.0,3.141592653589793,0.0,0.0,0.0,0.0,5_25,1.0,-0.0,9999.0,0.0,180.0,0.0
lpJL9-mBNmk_00,444,25,5,114.58839382764731,0.0,0.0,0.0,3.141592653589793,0.0,0.0,0.0,0.0,5_25,1.0,-0.0,9999.0,0.0,180.0,0.0
lpJL9-mBNmk_00,445,25,5,114.56984769126649,0.0,-1.5707963267948966,0.0,3.141592653589793,0.0,0.0,0.0,-0.5,5_25,1.0,0.018546136380820144,6177.558783065521,90.0,180.0,0.5
lpJL9-mBNmk_00,446,25,5,114.58839382764731,0.0,1.5707963267948966,0.0,2.356194490192345,0.0,0.0,0.0,0.5,5_25,1.0,-0.018546136380820144,9999.0,90.0,135.0,0.5
lpJL9-mBNmk_00,447,25,5,114.56984769126649,1.5707963267948966,0.0,1.5707963267948966,3.141592653589793,0.0,0.5,0.0,0.0,5_25,1.0,0.018546136380820144,6177.558783065521,90.0,90.0,0.5
lpJL9-mBNmk_00,448,25,5,114.56984769126649,0.0,0.0,1.5707963267948966,3.141592653589793,0.0,0.0,0.0,0.0,5_25,1.0,-0.0,9999.0,0.0,90.0,0.0
lpJL9-mBNmk_00,449,25,5,114.0701538527936,0.0,0.0,1.5707963267948966,0.0,0.0,0.0,0.5,0.0,5_25,1.0,0.4996938384728935,228.28008886681815,0.0,90.0,0.5
lpJL9-mBNmk_00,253,33,5,807.1446586579137,0.0,3.141592653589793,0.0,-2.761086276477428,,,-1.0,0.0,5_33,,0.0,9999.0,180.0,158.19859051364818,0.0
lpJL9-mBNmk_00,254,33,5,806.9822256406891,1.5707963267948966,0.0,1.5707963267948966,-2.5535900500422253,0.0,0.25,0.0,0.0,5_33,1.0,0.1624330172246573,4968.092321554126,90.0,123.6900675259798,0.25
lpJL9-mBNmk_00,255,33,5,807.5241869442673,-1.5707963267948966,0.0,-1.5707963267948966,-0.7853981633974483,0.0,-2.0,1.0,0.0,5_33,1.0,-0.5419613035782049,9999.0,90.0,45.0,2.23606797749979
lpJL9-mBNmk_00,256,33,5,807.3071364109202,1.5707963267948966,-2.677945044588987,-1.5707963267948966,-1.5707963267948966,0.0,1.0,-1.0,-0.5,5_33,1.0,0.21705053334710556,3719.443228088644,116.56505117707799,0.0,1.8027756377319946
lpJL9-mBNmk_00,257,33,5,807.3396373274386,-1.5707963267948966,0.0,-1.5707963267948966,-1.8157749899217608,0.0,-0.05000000000001137,0.0,0.0,5_33,1.0,-0.03250091651841558,9999.0,90.0,14.036243467926486,0.05000000000001137
lpJL9-mBNmk_00,258,33,5,807.372140032092,-1.5707963267948966,0.0,-1.5707963267948966,-1.5707963267948966,0.0,-0.04999999999998295,0.0,0.0,5_33,1.0,-0.03250270465343874,9999.0,90.0,0.0,0.04999999999998295
lpJL9-mBNmk_00,259,33,5,807.3396373274386,1.5707963267948966,0.0,-1.5707963267948966,-1.5707963267948966,0.0,0.04999999999998295,0.0,0.0,5_33,1.0,0.03250270465343874,24839.152493176385,90.0,0.0,0.04999999999998295
lpJL9-mBNmk_00,260,33,5,807.4046445246646,-1.5707963267948966,0.0,-1.5707963267948966,-1.3258176636680323,0.0,-0.09999999999999432,0.0,0.0,5_33,1.0,-0.06500719722600934,9999.0,90.0,14.036243467926486,0.09999999999999432
lpJL9-mBNmk_00,261,33,5,807.372140032092,1.5707963267948966,0.0,-1.5707963267948966,-1.3258176636680323,0.0,0.05000000000001137,0.0,0.0,5_33,1.0,0.0325044925725706,24838.786153314853,90.0,14.036243467926486,0.05000000000001137
lpJL9-mBNmk_00,262,33,5,807.3396373274386,1.5707963267948966,0.0,-1.5707963267948966,-1.3258176636680323,0.0,0.04999999999998295,0.0,0.0,5_33,1.0,0.03250270465343874,24839.152493176385,90.0,14.036243467926486,0.04999999999998295
lpJL9-mBNmk_00,263,33,5,807.4696588727033,-1.5707963267948966,0.0,-1.5707963267948966,-1.3258176636680323,0.0,-0.19999999999998863,0.0,0.0,5_33,1.0,-0.1300215452647535,9999.0,90.0,14.036243467926486,0.19999999999998863
lpJL9-mBNmk_00,264,33,5,806.3329414702093,1.5707963267948966,0.0,1.5707963267948966,-1.3258176636680323,0.0,1.75,0.0,0.0,5_33,1.0,1.136717402494014,709.3521570982155,90.0,165.96375653207352,1.75
lpJL9-mBNmk_00,265,33,5,807.5021687277379,-1.5707963267948966,0.0,-1.5707963267948966,-1.3258176636680323,0.0,-1.8000000000000114,0.0,0.0,5_33,1.0,-1.1692272575285187,9999.0,90.0,14.036243467926486,1.8000000000000114
lpJL9-mBNmk_00,266,33,5,806.3610001109924,1.5707963267948966,3.141592653589793,1.5707963267948966,-1.5707963267948966,0.0,2.0500000000000114,-0.25,0.0,5_33,1.0,1.1411686167454036,706.6098631512689,90.0,180.0,2.06518764280635
lpJL9-mBNmk_00,267,33,5,807.4046445246646,-1.5707963267948966,0.0,-1.5707963267948966,-1.5707963267948966,0.0,-1.9000000000000057,0.25,0.0,5_33,1.0,-1.0436444136721548,9999.0,90.0,0.0,1.9163767896736856
lpJL9-mBNmk_00,268,33,5,807.3396373274386,1.5707963267948966,0.0,-1.5707963267948966,-1.5707963267948966,0.0,0.09999999999999432,0.0,0.0,5_33,1.0,0.06500719722600934,12419.234665979762,90.0,0.0,0.09999999999999432
lpJL9-mBNmk_00,269,33,5,807.4046445246646,-1.5707963267948966,0.0,-1.5707963267948966,-1.5707963267948966,0.0,-0.09999999999999432,0.0,0.0,5_33,1.0,-0.06500719722600934,9999.0,90.0,0.0,0.09999999999999432
lpJL9-mBNmk_00,270,33,5,807.4696588727033,-1.5707963267948966,0.0,-1.5707963267948966,-1.5707963267948966,0.0,-0.09999999999999432,0.0,0.0,5_33,1.0,-0.06501434803874417,9999.0,90.0,0.0,0.09999999999999432
lpJL9-mBNmk_00,271,33,5,806.2356107243094,1.5707963267948966,0.0,1.5707963267948966,0.0,0.0,1.9000000000000057,0.0,0.0,5_33,1.0,1.2340481483939811,653.3258947582905,90.0,90.0,1.9000000000000057
lpJL9-mBNmk_00,272,33,5,805.7491995031704,1.5707963267948966,1.5707963267948966,1.5707963267948966,3.141592653589793,0.0,1.25,0.0,0.5,5_33,1.0,0.4864112211389511,1656.5185268885798,0.0,90.0,0.75
lpJL9-mBNmk_00,273,33,5,805.6843752363577,1.5707963267948966,0.0,1.5707963267948966,0.0,0.0,0.09999999999999432,0.0,0.0,5_33,1.0,0.06482426681270681,12428.74643787607,90.0,90.0,0.09999999999999432
lpJL9-mBNmk_00,274,33,5,805.7167864702833,-1.5707963267948966,0.0,1.5707963267948966,0.0,0.0,-0.05000000000001137,0.0,0.0,5_33,1.0,-0.0324112339255862,9999.0,90.0,90.0,0.05000000000001137
lpJL9-mBNmk_00,275,33,5,805.6843752363577,1.5707963267948966,0.0,1.5707963267948966,3.141592653589793,0.0,0.05000000000001137,0.0,0.0,5_33,1.0,0.0324112339255862,24858.18272411811,90.0,90.0,0.05000000000001137
lpJL9-mBNmk_00,276,33,5,805.6843752363577,0.0,0.0,1.5707963267948966,1.5707963267948966,0.0,0.0,0.0,0.0,5_33,1.0,-0.0,9999.0,0.0,0.0,0.0
lpJL9-mBNmk_00,277,33,5,805.8464493934313,-1.5707963267948966,0.0,1.5707963267948966,1.5707963267948966,0.0,-0.25,0.0,0.0,5_33,1.0,-0.16207415707356176,9999.0,90.0,0.0,0.25
lpJL9-mBNmk_00,278,33,5,805.5223460587546,1.5707963267948966,0.0,1.5707963267948966,1.5707963267948966,0.0,0.5,0.0,0.0,5_33,1.0,0.3241033346766926,2485.387405415926,90.0,0.0,0.5
lpJL9-mBNmk_00,279,33,5,805.0365286743205,1.5707963267948966,-1.5707963267948966,1.5707963267948966,0.0,0.0,0.25,0.0,-0.5,5_33,1.0,0.4858173844340854,1657.0764128008393,180.0,90.0,0.75
lpJL9-mBNmk_00,280,33,5,805.1984227505665,1.5707963267948966,1.5707963267948966,1.5707963267948966,1.5707963267948966,0.0,0.25,0.0,0.5,5_33,1.0,-0.16189407624597152,9999.0,0.0,0.0,0.25
lpJL9-mBNmk_00,281,33,5,805.1336597112307,-1.5707963267948966,-1.5707963267948966,1.5707963267948966,0.0,0.0,-0.4000000000000057,0.0,-0.5,5_33,1.0,0.06476303933573035,12431.993124001381,0.0,90.0,0.09999999999999432
lpJL9-mBNmk_00,282,33,5,805.1336597112307,0.0,0.0,1.5707963267948966,0.0,0.0,0.0,0.0,0.0,5_33,1.0,-0.0,9999.0,0.0,90.0,0.0
lpJL9-mBNmk_00,283,33,5,805.1336597112307,0.0,0.0,1.5707963267948966,0.0,0.0,0.0,0.0,0.0,5_33,1.0,-0.0,9999.0,0.0,90.0,0.0
lpJL9-mBNmk_00,284,33,5,805.1336597112307,0.0,0.0,1.5707963267948966,0.0,0.0,0.0,0.0,0.0,5_33,1.0,-0.0,9999.0,0.0,90.0,0.0
lpJL9-mBNmk_00,285,33,5,805.0041552687787,1.5707963267948966,0.0,1.5707963267948966,0.0,0.0,0.20000000000001705,0.0,0.0,5_33,1.0,0.12950444245200288,6216.035064334805,90.0,90.0,0.20000000000001705
lpJL9-mBNmk_00,286,33,5,805.8464493934313,-1.5707963267948966,1.5707963267948966,1.5707963267948966,1.1071487177940904,0.0,-0.8000000000000114,0.0,0.5,5_33,1.0,-0.8422941246525397,9999.0,180.0,26.565051177077994,1.3000000000000114
lpJL9-mBNmk_00,287,33,5,805.8464493934313,0.0,0.0,1.5707963267948966,1.5707963267948966,0.0,0.0,0.0,0.0,5_33,1.0,-0.0,9999.0,0.0,0.0,0.0
lpJL9-mBNmk_00,288,33,5,805.9112916444341,-1.5707963267948966,0.0,1.5707963267948966,1.5707963267948966,0.0,-0.09999999999999432,0.0,0.0,5_33,1.0,-0.06484225100280128,9999.0,90.0,0.0,0.09999999999999432
lpJL9-mBNmk_00,289,33,5,805.5223460587546,1.5707963267948966,-1.5707963267948966,1.5707963267948966,0.0,0.0,0.09999999999999432,0.0,-0.5,5_33,1.0,0.3889455856794939,2071.0412348593563,180.0,90.0,0.5999999999999943
lpJL9-mBNmk_00,290,33,5,805.5223460587546,0.0,0.0,1.5707963267948966,0.0,0.0,0.0,0.0,0.0,5_33,1.0,-0.0,9999.0,0.0,90.0,0.0
lpJL9-mBNmk_00,291,33,5,805.8464493934313,0.0,1.5707963267948966,1.5707963267948966,1.5707963267948966,0.0,0.0,0.0,0.5,5_33,1.0,-0.3241033346766926,9999.0,90.0,0.0,0.5
lpJL9-mBNmk_00,292,33,5,805.5547482946146,-1.5707963267948966,-1.5707963267948966,-1.5707963267948966,-1.5707963267948966,0.0,-0.05000000000001137,0.0,-0.5,5_33,1.0,0.29170109881670214,2761.5759815865677,0.0,0.0,0.44999999999998863
lpJL9-mBNmk_00,293,33,5,805.5547482946146,0.0,0.0,-1.5707963267948966,-1.5707963267948966,0.0,0.0,0.0,0.0,5_33,1.0,-0.0,9999.0,0.0,0.0,0.0
lpJL9-mBNmk_00,294,33,5,805.7816143348023,1.5707963267948966,1.5707963267948966,-1.5707963267948966,0.0,0.0,0.15000000000000568,0.0,0.5,5_33,1.0,-0.2268660401877014,9999.0,0.0,90.0,0.3499999999999943
lpJL9-mBNmk_00,295,33,5,805.5223460587546,-1.5707963267948966,-1.5707963267948966,-1.5707963267948966,-1.5707963267948966,0.0,-0.09999999999999432,0.0,-0.5,5_33,1.0,0.25926827604769187,3106.9067081333947,0.0,0.0,0.4000000000000057
lpJL9-mBNmk_00,296,33,5,805.5871523305223,-1.5707963267948966,0.0,-1.5707963267948966,-1.5707963267948966,0.0,-0.09999999999999432,0.0,0.0,5_33,1.0,-0.06480627176767939,9999.0,90.0,0.0,0.09999999999999432
lpJL9-mBNmk_00,297,33,5,805.5871523305223,0.0,0.0,-1.5707963267948966,-1.5707963267948966,0.0,0.0,0.0,0.0,5_33,1.0,-0.0,9999.0,0.0,0.0,0.0
lpJL9-mBNmk_00,298,33,5,805.9112916444341,0.0,1.5707963267948966,-1.5707963267948966,0.0,0.0,0.0,0.0,0.5,5_33,1.0,-0.3241393139118145,9999.0,90.0,90.0,0.5
lpJL9-mBNmk_00,299,33,5,805.9112916444341,0.0,0.0,-1.5707963267948966,1.5707963267948966,0.0,0.0,0.0,0.0,5_33,1.0,-0.0,9999.0,0.0,180.0,0.0
lpJL9-mBNmk_00,300,33,5,805.7167864702833,-1.5707963267948966,-1.5707963267948966,-1.5707963267948966,-1.5707963267948966,0.0,-0.20000000000001705,0.0,-0.5,5_33,1.0,0.19450517415077684,4142.3925609593625,0.0,0.0,0.29999999999998295
lpJL9-mBNmk_00,301,33,5,805.5871523305223,1.5707963267948966,0.0,-1.5707963267948966,0.0,0.0,0.20000000000001705,0.0,0.0,5_33,1.0,0.12963413976103766,6214.313249700342,90.0,90.0,0.20000000000001705
lpJL9-mBNmk_00,302,33,5,805.4251501536316,1.5707963267948966,0.0,-1.5707963267948966,0.0,0.0,0.25,0.0,0.0,5_33,1.0,0.16200217689060992,4971.693378524695,90.0,90.0,0.25
lpJL9-mBNmk_00,303,33,5,805.4251501536316,0.0,0.0,-1.5707963267948966,0.0,0.0,0.0,0.0,0.0,5_33,1.0,-0.0,9999.0,0.0,90.0,0.0
lpJL9-mBNmk_00,304,33,5,805.3927551201339,1.5707963267948966,0.0,-1.5707963267948966,0.0,0.0,0.04999999999998295,0.0,0.0,5_33,1.0,0.03239503349777806,24861.6120485066,90.0,90.0,0.04999999999998295
lpJL9-mBNmk_00,305,33,5,805.3927551201339,0.0,0.0,-1.5707963267948966,0.0,0.0,0.0,0.0,0.0,5_33,1.0,-0.0,9999.0,0.0,90.0,0.0
lpJL9-mBNmk_00,306,33,5,805.5223460587546,-1.5707963267948966,0.0,0.0,-1.5707963267948966,0.0,-0.19999999999998863,0.0,0.0,5_33,1.0,-0.12959093862070858,9999.0,90.0,90.0,0.19999999999998863
lpJL9-mBNmk_00,307,33,5,805.5223460587546,0.0,0.0,0.0,-1.5707963267948966,0.0,0.0,0.0,0.0,5_33,1.0,-0.0,9999.0,0.0,90.0,0.0
lpJL9-mBNmk_00,308,33,5,805.6519658016109,-1.5707963267948966,0.0,-1.5707963267948966,-1.5707963267948966,0.0,-0.19999999999998863,0.0,0.0,5_33,1.0,-0.1296197428563346,9999.0,90.0,0.0,0.19999999999998863
lpJL9-mBNmk_00,309,33,5,805.7816143348023,-1.5707963267948966,0.0,-1.5707963267948966,0.0,0.0,-0.20000000000001705,0.0,0.0,5_33,1.0,-0.12964853319135727,9999.0,90.0,90.0,0.20000000000001705
lpJL9-mBNmk_00,310,33,5,805.8464493934313,-1.5707963267948966,0.0,-1.5707963267948966,0.0,0.0,-0.09999999999999432,0.0,0.0,5_33,1.0,-0.06483505862900074,9999.0,90.0,90.0,0.09999999999999432
lpJL9-mBNmk_00,311,33,5,806.0409977166174,-1.5707963267948966,0.0,-1.5707963267948966,-1.5707963267948966,0.0,-0.30000000000001137,0.0,0.0,5_33,1.0,-0.19454832318615445,9999.0,90.0,0.0,0.30000000000001137
lpJL9-mBNmk_00,312,33,5,805.8140309649616,1.5707963267948966,0.0,-1.5707963267948966,0.0,0.0,0.35000000000002274,0.0,0.0,5_33,1.0,0.22696675165582292,3550.361562150366,90.0,90.0,0.35000000000002274
lpJL9-mBNmk_00,313,33,5,805.8140309649616,0.0,0.0,-1.5707963267948966,0.0,0.0,0.0,0.0,0.0,5_33,1.0,-0.0,9999.0,0.0,90.0,0.0
lpJL9-mBNmk_00,314,33,5,805.8464493934313,-1.5707963267948966,0.0,-1.5707963267948966,-1.5707963267948966,0.0,-0.05000000000001137,0.0,0.0,5_33,1.0,-0.03241842846966847,9999.0,90.0,0.0,0.05000000000001137
lpJL9-mBNmk_00,315,33,5,805.8464493934313,0.0,0.0,-1.5707963267948966,0.0,0.0,0.0,0.0,0.0,5_33,1.0,-0.0,9999.0,0.0,90.0,0.0
lpJL9-mBNmk_00,316,33,5,805.8464493934313,0.0,0.0,-1.5707963267948966,0.0,0.0,0.0,0.0,0.0,5_33,1.0,-0.0,9999.0,0.0,90.0,0.0
lpJL9-mBNmk_00,317,33,5,805.7816143348023,1.5707963267948966,0.0,-1.5707963267948966,0.0,0.0,0.09999999999999432,0.0,0.0,5_33,1.0,0.06483505862900074,12428.177460988303,90.0,90.0,0.09999999999999432
lpJL9-mBNmk_00,318,33,5,805.8464493934313,-1.5707963267948966,0.0,-1.5707963267948966,-1.5707963267948966,0.0,-0.09999999999999432,0.0,0.0,5_33,1.0,-0.06483505862900074,9999.0,90.0,0.0,0.09999999999999432
lpJL9-mBNmk_00,319,33,5,805.7491995031704,1.5707963267948966,0.0,-1.5707963267948966,-1.5707963267948966,0.0,0.15000000000000568,0.0,0.0,5_33,1.0,0.09724989026085495,8285.348161750067,90.0,0.0,0.15000000000000568
lpJL9-mBNmk_00,320,33,5,805.7816143348023,-1.5707963267948966,0.0,-1.5707963267948966,0.0,0.0,-0.05000000000001137,0.0,0.0,5_33,1.0,-0.03241483163185421,9999.0,90.0,90.0,0.05000000000001137
lpJL9-mBNmk_00,321,33,5,805.9112916444341,-1.5707963267948966,0.0,-1.5707963267948966,0.0,0.0,-0.19999999999998863,0.0,0.0,5_33,1.0,-0.12967730963180202,9999.0,90.0,90.0,0.19999999999998863
lpJL9-mBNmk_00,322,33,5,805.7167864702833,1.5707963267948966,0.0,-1.5707963267948966,0.0,0.0,0.29999999999998295,0.0,0.0,5_33,1.0,0.19450517415077684,4142.3925609593625,90.0,90.0,0.29999999999998295
lpJL9-mBNmk_00,323,33,5,805.7816143348023,-1.5707963267948966,0.0,-1.5707963267948966,0.0,0.0,-0.09999999999999432,0.0,0.0,5_33,1.0,-0.06482786451897482,9999.0,90.0,90.0,0.09999999999999432
lpJL9-mBNmk_00,324,33,5,806.0748662500276,-1.5707963267948966,3.141592653589793,-1.5707963267948966,3.141592653589793,0.0,-0.09999999999999432,-0.30000000000001137,0.0,5_33,1.0,-0.293251915225369,9999.0,90.00000000000001,90.00000000000001,0.31622776601684693
lpJL9-mBNmk_00,325,33,5,806.0085685028416,-1.5707963267948966,0.0,-1.5707963267948966,0.0,0.0,-0.25,0.30000000000001137,0.0,5_33,1.0,0.06629774718601311,12157.405081071682,90.0,90.0,0.3905124837953415
lpJL9-mBNmk_00,326,33,5,805.8464493934313,1.5707963267948966,0.0,-1.5707963267948966,0.0,0.0,0.25,0.0,0.0,5_33,1.0,0.16211910941035512,4970.706120483776,90.0,90.0,0.25
lpJL9-mBNmk_00,327,33,5,805.9112916444341,-1.5707963267948966,0.0,-1.5707963267948966,0.0,0.0,-0.09999999999999432,0.0,0.0,5_33,1.0,-0.06484225100280128,9999.0,90.0,90.0,0.09999999999999432
lpJL9-mBNmk_00,328,33,5,806.0085685028416,-1.5707963267948966,0.0,-1.5707963267948966,0.0,0.0,-0.15000000000000568,0.0,0.0,5_33,1.0,-0.09727685840755385,9999.0,90.0,90.0,0.15000000000000568
lpJL9-mBNmk_00,329,33,5,805.9112916444341,1.5707963267948966,0.0,-1.5707963267948966,0.0,0.0,0.15000000000000568,0.0,0.0,5_33,1.0,0.09727685840755385,8284.717504629576,90.0,90.0,0.15000000000000568
lpJL9-mBNmk_00,330,33,5,805.9112916444341,0.0,0.0,-1.5707963267948966,0.0,0.0,0.0,0.0,0.0,5_33,1.0,-0.0,9999.0,0.0,90.0,0.0
lpJL9-mBNmk_00,331,33,5,805.8464493934313,1.5707963267948966,0.0,1.5707963267948966,0.0,0.0,0.09999999999999432,0.0,0.0,5_33,1.0,0.06484225100280128,12427.79880295361,90.0,90.0,0.09999999999999432
lpJL9-mBNmk_00,332,33,5,805.7491995031704,1.5707963267948966,0.0,1.5707963267948966,0.0,0.0,0.15000000000000568,0.0,0.0,5_33,1.0,0.09724989026085495,8285.348161750067,90.0,90.0,0.15000000000000568
lpJL9-mBNmk_00,333,33,5,806.0085685028416,-1.5707963267948966,0.0,-1.5707963267948966,0.0,0.0,-0.4000000000000057,0.0,0.0,5_33,1.0,-0.2593689996712101,9999.0,90.0,90.0,0.4000000000000057
lpJL9-mBNmk_00,334,33,5,805.5871523305223,1.5707963267948966,0.0,1.5707963267948966,0.0,0.0,0.6500000000000057,0.0,0.0,5_33,1.0,0.42141617231936834,1911.618977261299,90.0,90.0,0.6500000000000057
lpJL9-mBNmk_00,335,33,5,805.6843752363577,-1.5707963267948966,0.0,1.5707963267948966,0.0,0.0,-0.15000000000000568,0.0,0.0,5_33,1.0,-0.09722290583545146,9999.0,90.0,90.0,0.15000000000000568
lpJL9-mBNmk_00,336,33,5,805.9112916444341,1.5707963267948966,1.5707963267948966,1.5707963267948966,1.5707963267948966,0.0,0.15000000000000568,0.0,0.5,5_33,1.0,-0.22691640807636304,9999.0,0.0,0.0,0.3499999999999943
lpJL9-mBNmk_00,337,33,5,806.268052511074,-1.5707963267948966,0.0,-1.5707963267948966,1.5707963267948966,0.0,-0.5500000000000114,0.0,0.0,5_33,1.0,-0.35676086663988826,9999.0,90.0,180.0,0.5500000000000114
lpJL9-mBNmk_00,338,33,5,806.2031707330354,1.5707963267948966,0.0,-1.5707963267948966,1.5707963267948966,0.0,0.09999999999999432,0.0,0.0,5_33,1.0,0.06488177803851158,12425.725605955206,90.0,180.0,0.09999999999999432
lpJL9-mBNmk_00,339,33,5,806.3004960931129,-1.5707963267948966,0.0,-1.5707963267948966,1.5707963267948966,0.0,-0.14999999999997726,0.0,0.0,5_33,1.0,-0.0973253600774342,9999.0,90.0,180.0,0.14999999999997726
lpJL9-mBNmk_00,340,33,5,806.0734287271849,1.5707963267948966,0.0,1.5707963267948966,1.5707963267948966,0.0,0.3499999999999943,0.0,0.0,5_33,1.0,0.22706736592795096,3549.930768047726,90.0,0.0,0.3499999999999943
lpJL9-mBNmk_00,341,33,5,806.1707325374693,-1.5707963267948966,0.0,1.5707963267948966,1.5707963267948966,0.0,-0.15000000000000568,0.0,0.0,5_33,1.0,-0.0973038102844157,9999.0,90.0,0.0,0.15000000000000568
lpJL9-mBNmk_00,342,33,5,805.7491995031704,1.5707963267948966,0.0,1.5707963267948966,1.5707963267948966,0.0,0.6500000000000057,0.0,0.0,5_33,1.0,0.42153303429893185,1911.4734408496442,90.0,0.0,0.6500000000000057
lpJL9-mBNmk_00,343,33,5,805.7167864702833,1.5707963267948966,0.0,1.5707963267948966,1.5707963267948966,0.0,0.04999999999998295,0.0,0.0,5_33,1.0,0.03241303288712061,24857.80301017239,90.0,0.0,0.04999999999998295
lpJL9-mBNmk_00,344,33,5,805.101280895764,1.5707963267948966,0.0,1.5707963267948966,1.0303768265242956,0.0,0.950000000000017,0.0,0.0,5_33,1.0,0.6155055745192612,1308.032476431405,90.0,30.963756532074484,0.950000000000017
lpJL9-mBNmk_00,345,33,5,805.2955808273133,-1.5707963267948966,0.0,1.5707963267948966,1.5707963267948966,0.0,-0.30000000000001137,0.0,0.0,5_33,1.0,-0.19429993154926706,9999.0,90.0,0.0,0.30000000000001137
lpJL9-mBNmk_00,346,33,5,805.8464493934313,-1.5707963267948966,0.0,1.5707963267948966,1.5707963267948966,0.0,-0.8499999999999943,0.0,0.0,5_33,1.0,-0.5508685661179697,9999.0,90.0,0.0,0.8499999999999943
lpJL9-mBNmk_00,347,33,5,805.8464493934313,0.0,0.0,1.5707963267948966,1.5707963267948966,0.0,0.0,0.0,0.0,5_33,1.0,-0.0,9999.0,0.0,0.0,0.0
lpJL9-mBNmk_00,348,33,5,805.9112916444341,-1.5707963267948966,0.0,1.5707963267948966,1.5707963267948966,0.0,-0.09999999999999432,0.0,0.0,5_33,1.0,-0.06484225100280128,9999.0,90.0,0.0,0.09999999999999432
lpJL9-mBNmk_00,349,33,5,805.8464493934313,1.5707963267948966,0.0,1.5707963267948966,1.5707963267948966,0.0,0.09999999999999432,0.0,0.0,5_33,1.0,0.06484225100280128,12427.79880295361,90.0,0.0,0.09999999999999432
lpJL9-mBNmk_00,350,33,5,805.4996772190539,1.5707963267948966,0.0,1.5707963267948966,1.1902899496825512,0.0,0.30000000000001137,0.19999999999998863,0.0,5_33,1.0,0.3467721743774064,2322.8498038092166,90.0,21.801409486350696,0.36055512754640207
lpJL9-mBNmk_00,351,33,5,805.4996772190539,0.0,0.0,1.5707963267948966,1.1902899496825512,0.0,0.0,0.0,0.0,5_33,1.0,-0.0,9999.0,0.0,21.801409486350696,0.0
lpJL9-mBNmk_00,352,33,5,805.4996772190539,0.0,0.0,1.5707963267948966,1.1902899496825512,0.0,0.0,0.0,0.0,5_33,1.0,-0.0,9999.0,0.0,21.801409486350696,0.0
lpJL9-mBNmk_00,353,33,5,805.6293502597829,-1.5707963267948966,0.0,1.5707963267948966,1.1902899496825512,0.0,-0.20000000000001705,0.0,0.0,5_33,1.0,-0.12967304072901698,9999.0,90.0,21.801409486350696,0.20000000000001705
lpJL9-mBNmk_00,354,33,5,805.1503027385633,1.5707963267948966,0.5585993153435561,1.5707963267948966,0.7853981633974483,0.0,0.30000000000001137,0.8000000000000114,0.5,5_33,1.0,0.479047521219627,1680.731591489499,57.99461679191686,45.0,0.8246211251235405
lpJL9-mBNmk_00,355,33,5,805.3125930345309,-1.5707963267948966,0.0,1.5707963267948966,0.7853981633974483,0.0,-0.25,0.0,0.0,5_33,1.0,-0.16229029596763667,9999.0,90.0,45.0,0.25
lpJL9-mBNmk_00,356,33,5,805.247671527214,-1.5707963267948966,-1.5707963267948966,-1.5707963267948966,0.0,0.0,-0.4000000000000057,0.0,-0.5,5_33,1.0,0.06492150731685342,12403.403814966174,0.0,90.0,0.09999999999999432
lpJL9-mBNmk_00,357,33,5,805.4749282255781,1.5707963267948966,1.5707963267948966,1.5707963267948966,0.46364760900080615,0.0,0.15000000000000568,0.0,0.5,5_33,1.0,-0.2272566983640445,9999.0,0.0,63.43494882292201,0.3499999999999943
lpJL9-mBNmk_00,358,33,5,805.4099887634868,1.5707963267948966,0.0,1.5707963267948966,0.46364760900080615,0.0,0.09999999999999432,0.0,0.0,5_33,1.0,0.06493946209127444,12402.473978479495,90.0,63.43494882292201,0.09999999999999432
lpJL9-mBNmk_00,409,33,5,803.6388399026021,1.7804361726691096,0.0,1.7332854360121008,0.5880026035475676,-0.5,2.3499999999999943,0.0,0.0,5_33,51.0,0.03472840903695589,23140.675377539403,102.01147838636547,65.61987264900628,0.04710985794797622
lpJL9-mBNmk_00,410,33,5,803.675618642248,-1.5707963267948966,0.0,1.7804361726691096,0.7853981633974483,0.0,-0.3499999999999943,0.25,0.0,5_33,1.0,-0.03677873964591072,9999.0,90.0,57.01147838636547,0.4301162633521267
lpJL9-mBNmk_00,411,33,5,804.056123663019,0.0,0.0,1.5707963267948966,0.7853981633974483,0.5,0.0,0.0,0.0,5_33,1.0,-0.380505020771011,9999.0,0.0,45.0,0.5
lpJL9-mBNmk_00,412,33,5,804.1209859218948,-1.5707963267948966,0.0,1.5707963267948966,0.7853981633974483,0.0,-0.09999999999999432,0.0,0.0,5_33,1.0,-0.06486225887579167,9999.0,90.0,45.0,0.09999999999999432
lpJL9-mBNmk_00,413,33,5,803.96317390786,2.408777551803299,2.0344439357957027,1.7992929660867583,1.3258176636680323,-0.5,0.44999999999998863,-0.25,0.5,5_33,1.0,0.15781201403478917,5094.435799613006,21.447736327106078,27.1281365322733,0.2549509756796415
lpJL9-mBNmk_00,414,33,5,804.5988519131754,-0.8760580505981886,-2.0344439357957027,1.5707963267948966,0.7853981633974483,0.5,-0.5999999999999943,-0.25,-0.5,5_33,1.0,-0.6356780053154125,9999.0,66.37062226934346,45.0,0.7566372975210771
lpJL9-mBNmk_00,415,33,5,804.4367594783322,1.5707963267948966,0.0,1.5707963267948966,1.5707963267948966,0.0,0.25,0.0,0.0,5_33,1.0,0.16209243484320268,4962.827292072515,90.0,0.0,0.25
lpJL9-mBNmk_00,416,33,5,804.4085560211304,-1.5707963267948966,0.0,1.5707963267948966,1.1071487177940904,0.0,-0.25,0.25,0.0,5_33,1.0,0.028203457201811943,28521.62946780336,90.0,26.565051177077994,0.3535533905932738
lpJL9-mBNmk_00,417,33,5,804.056123663019,2.677945044588987,3.141592653589793,1.8157749899217608,1.5707963267948966,-0.5,0.25,-0.25,0.0,5_33,1.0,0.3524323581114004,2281.448071260428,26.565051177077994,14.036243467926486,0.3535533905932738
lpJL9-mBNmk_00,418,33,5,803.9588437849291,1.5707963267948966,0.0,1.7894652726688385,1.0303768265242956,0.0,0.15000000000000568,0.0,0.0,5_33,1.0,0.09727987808992111,8264.38991876394,90.0,43.492564241225985,0.15000000000000568
lpJL9-mBNmk_00,419,33,5,804.4367594783322,-0.29145679447787753,0.0,1.5707963267948966,1.0303768265242956,0.5,-0.15000000000000568,0.0,0.0,5_33,1.0,-0.47791569340313345,9999.0,16.699244233994225,30.963756532074484,0.5220153254455291
lpJL9-mBNmk_00,420,33,5,804.4367594783322,0.0,0.0,1.5707963267948966,1.0303768265242956,0.0,0.0,0.0,0.0,5_33,1.0,-0.0,9999.0,0.0,30.963756532074484,0.0
lpJL9-mBNmk_00,421,33,5,803.8291625090495,2.530866689200592,0.0,1.810027926758559,0.7853981633974483,-0.5,0.3499999999999943,0.0,0.0,5_33,1.0,0.6075969692826675,1322.96440427946,145.0079798014418,58.70696100407992,0.6103277807866818
lpJL9-mBNmk_00,422,33,5,804.0236952354079,-1.5707963267948966,0.0,1.849095985800008,1.5707963267948966,0.0,-0.29999999999998295,0.0,0.0,5_33,1.0,-0.19453272635837493,9999.0,90.0,15.945395900922861,0.29999999999998295
lpJL9-mBNmk_00,423,33,5,804.056123663019,-1.5707963267948966,0.0,1.8281200417659846,2.0344439357957027,0.0,-0.05000000000001137,0.0,0.0,5_33,1.0,-0.032428427611080224,9999.0,90.0,11.821488340607289,0.05000000000001137
lpJL9-mBNmk_00,424,33,5,803.7319204809525,1.5707963267948966,0.0,1.8045395076637987,0.7853981633974483,0.0,0.5,0.0,0.0,5_33,1.0,0.3242031820665261,2479.099419560995,90.0,58.39249775375114,0.5
lpJL9-mBNmk_00,425,33,5,803.3431147398974,1.5707963267948966,-1.5707963267948966,1.7721134351695382,0.0,0.0,0.09999999999999432,0.0,-0.5,5_33,1.0,0.38880574105508003,2066.181205452139,180.0,101.53462065364477,0.5999999999999943
lpJL9-mBNmk_00,426,33,5,803.2459539269402,1.5707963267948966,0.0,1.7359450042095235,3.141592653589793,0.0,0.15000000000000568,0.0,0.0,5_33,1.0,0.09716081295721324,8267.180249723373,90.0,80.53767779197437,0.15000000000000568
lpJL9-mBNmk_00,427,33,5,803.9264207624974,-1.5707963267948966,1.5707963267948966,1.7848570103587196,3.141592653589793,0.0,-0.5500000000000114,0.0,0.5,5_33,1.0,-0.6804668355572403,9999.0,180.0,77.73522627210751,1.0500000000000114
lpJL9-mBNmk_00,428,33,5,803.9264207624974,0.0,0.0,1.7942729279355307,3.141592653589793,0.0,0.0,0.0,0.0,5_33,1.0,-0.0,9999.0,0.0,77.19573393471319,0.0
lpJL9-mBNmk_00,429,33,5,803.8939995422282,1.5707963267948966,0.0,-1.5707963267948966,3.141592653589793,0.0,0.05000000000001137,0.0,0.0,5_33,1.0,0.03242122026915695,24795.30359648403,90.0,90.00000000000001,0.05000000000001137
lpJL9-mBNmk_00,430,33,5,803.9912686093052,-1.5707963267948966,0.0,1.5707963267948966,3.141592653589793,0.0,-0.15000000000000568,0.0,0.0,5_33,1.0,-0.09726906707692251,9999.0,90.0,90.0,0.15000000000000568
lpJL9-mBNmk_00,431,33,5,804.056123663019,-1.5707963267948966,0.0,3.141592653589793,3.141592653589793,0.0,-0.09999999999999432,0.0,0.0,5_33,1.0,-0.0648550537138135,9999.0,90.0,0.0,0.09999999999999432
lpJL9-mBNmk_00,432,33,5,804.3436983031569,-0.9151007005533646,-1.1071487177940904,-1.5707963267948966,-2.0344439357957027,0.5,-0.6500000000000057,0.25,-0.5,5_33,1.0,-0.2875746401379047,9999.0,11.003540851749262,26.565051177077994,0.29154759474226793
lpJL9-mBNmk_00,433,33,5,804.1127097615109,1.5707963267948966,3.141592653589793,-0.610725964389201,-1.8157749899217608,0.0,0.6500000000000057,-0.25,0.0,5_33,1.0,0.2309885416459565,3481.180079460392,90.0,69.04422326936826,0.6964194138592112
lpJL9-mBNmk_00,434,33,5,803.9264207624974,2.7610862764774478,1.5707963267948966,2.408777551803299,0.0,-0.5,0.19999999999998863,0.0,0.5,5_33,1.0,0.18628899901352725,4315.479845936156,68.19859051364931,138.01278750418408,0.5830951894845359
lpJL9-mBNmk_00,435,33,5,803.9264207624974,0.0,0.0,2.7610862764774478,0.0,0.0,0.0,0.0,0.0,5_33,1.0,-0.0,9999.0,0.0,158.1985905136493,0.0
lpJL9-mBNmk_00,436,33,5,803.6022896931042,1.5707963267948966,0.0,2.055274255831925,3.141592653589793,0.0,0.5,0.0,0.0,5_33,1.0,0.32413106939316094,2479.2510363095107,90.0,62.24145939893968,0.5
lpJL9-mBNmk_00,437,33,5,803.9507525340094,1.5707963267948966,3.141592653589793,1.5707963267948966,3.141592653589793,0.0,0.05000000000001137,-0.5,0.0,5_33,1.0,-0.3484628409051993,9999.0,90.0,90.0,0.5024937810560456
lpJL9-mBNmk_00,438,33,5,803.9507525340094,0.0,0.0,1.5707963267948966,3.141592653589793,0.0,0.0,0.0,0.0,5_33,1.0,-0.0,9999.0,0.0,90.0,0.0
lpJL9-mBNmk_00,439,33,5,803.8859822760936,1.5707963267948966,0.0,2.102520394053705,3.141592653589793,0.0,0.09999999999999432,0.0,0.0,5_33,1.0,0.06477025791582491,12411.3444680245,90.0,59.534455080539956,0.09999999999999432
lpJL9-mBNmk_00,440,33,5,803.7888404301219,1.5707963267948966,0.0,2.0344439357957027,3.141592653589793,0.0,0.15000000000000568,0.0,0.0,5_33,1.0,0.09714184597169151,8274.383015784539,90.0,63.43494882292201,0.15000000000000568
lpJL9-mBNmk_00,441,33,5,803.8535998550981,-1.5707963267948966,0.0,1.5707963267948966,3.141592653589793,0.0,-0.09999999999999432,0.0,0.0,5_33,1.0,-0.06475942497615961,9999.0,90.0,90.0,0.09999999999999432
lpJL9-mBNmk_00,442,33,5,803.7888404301219,1.5707963267948966,0.0,1.5707963267948966,3.141592653589793,0.0,0.09999999999999432,0.0,0.0,5_33,1.0,0.06475942497615961,12411.920592655462,90.0,90.0,0.09999999999999432
lpJL9-mBNmk_00,443,33,5,803.8859822760936,-1.5707963267948966,0.0,1.5707963267948966,3.141592653589793,0.0,-0.15000000000000568,0.0,0.0,5_33,1.0,-0.09714184597169151,9999.0,90.0,90.0,0.15000000000000568
lpJL9-mBNmk_00,444,33,5,804.1127097615109,-1.5707963267948966,0.0,0.0,3.141592653589793,0.0,-0.3499999999999943,0.0,0.0,5_33,1.0,-0.2267274854173138,9999.0,90.0,180.0,0.3499999999999943
lpJL9-mBNmk_00,445,33,5,803.7888404301219,0.0,-1.5707963267948966,-1.5707963267948966,3.141592653589793,0.0,0.0,0.0,-0.5,5_33,1.0,0.3238693313890053,2481.830672212296,90.0,90.00000000000001,0.5
lpJL9-mBNmk_00,446,33,5,804.558394400307,-0.19739555984986984,1.5707963267948966,-0.610725964389201,2.356194490192345,0.5,-0.09999999999999432,0.0,0.5,5_33,1.0,-0.7695539701850294,9999.0,101.30993247401959,169.9920201985582,0.7810249675906611
lpJL9-mBNmk_00,447,33,5,804.1775052810169,3.141592653589793,0.0,1.5707963267948966,3.141592653589793,-0.5,0.0,0.0,0.0,5_33,1.0,0.3808891192900319,2111.3165605255,180.0,90.0,0.5
lpJL9-mBNmk_00,448,33,5,804.1775052810169,0.0,0.0,1.5707963267948966,3.141592653589793,0.0,0.0,0.0,0.0,5_33,1.0,-0.0,9999.0,0.0,90.0,0.0
lpJL9-mBNmk_00,449,33,5,804.3071179593029,-0.3805063771123943,0.0,-0.09966865249118455,0.0,0.5,-0.20000000000001705,0.5,0.0,5_33,1.0,-0.1296126782859801,9999.0,21.801409486353503,5.7105931375009344,0.20000000000001705
lpJL9-mBNmk_00,405,39,5,682.4038851735826,0.0,0.0,0.0,0.0,,,0.0,0.0,5_39,,0.0,9999.0,0.0,0.0,0.0
lpJL9-mBNmk_00,406,39,5,682.795476332408,0.0,0.0,0.0,0.0,0.09999999999999432,0.0,1.0,0.0,5_39,1.0,-0.391591158825463,9999.0,0.0,0.0,0.9000000000000057
lpJL9-mBNmk_00,407,39,5,683.183320932237,-0.7853981633974483,2.0344439357957027,-0.46364760900082036,0.5880026035475676,0.10000000000000142,-0.10000000000000142,-0.25,0.5,5_39,1.0,-0.387844599829009,9999.0,161.565051177078,60.255118703058585,0.6946221994724922
lpJL9-mBNmk_00,408,39,5,683.2688215482981,2.9764439761751738,0.0,-2.6779450445889585,0.5880026035475676,-0.29999999999999716,0.04999999999999716,0.0,0.0,5_39,1.0,-0.08550061606104009,9999.0,170.5376777919748,172.87498365109983,0.3041381265149077
lpJL9-mBNmk_00,409,39,5,683.2905860613038,3.141592653589793,0.0,-2.8198420991931368,0.5880026035475676,-0.05000000000000426,0.0,0.0,0.0,5_39,1.0,-0.021764513005678054,9999.0,180.0,164.74488129694302,0.05000000000000426
lpJL9-mBNmk_00,410,39,5,683.3994531019175,0.0,0.0,-2.8198420991931368,0.7853981633974483,0.0,0.0,0.25,0.0,5_39,1.0,-0.1088670406137453,9999.0,0.0,153.43494882292282,0.25
lpJL9-mBNmk_00,411,39,5,683.4662409365952,-2.356194490192345,0.0,-2.677945044588987,0.7853981633974483,-0.04999999999999716,-0.04999999999999716,0.0,0.0,5_39,1.0,-0.06678783467771154,9999.0,135.0,161.565051177078,0.07071067811865074
lpJL9-mBNmk_00,412,39,5,683.4444600697266,0.0,0.0,-2.5535900500422364,0.7853981633974483,0.04999999999999716,0.0,0.0,0.0,5_39,1.0,0.021780866868652993,31378.20290584207,0.0,168.69006752597917,0.04999999999999716
lpJL9-mBNmk_00,413,39,5,683.7842678798628,2.677945044588987,2.0344439357957027,-2.944197093739896,1.3258176636680323,-0.09999999999999432,0.04999999999999716,-0.25,0.5,5_39,1.0,-0.33980781013622163,9999.0,36.869897645844006,115.34617594194766,0.47434164902526144
lpJL9-mBNmk_00,414,39,5,683.2500896450728,-0.5880026035475457,-2.0344439357957027,-2.158798930342475,0.7853981633974483,0.14999999999999858,-0.09999999999999432,-0.25,-0.5,5_39,1.0,0.5341782347900335,1279.0676316372833,82.87498365109946,168.69006752598042,0.565685424949241
lpJL9-mBNmk_00,415,39,5,683.1817931561116,2.0344439357957596,0.0,-2.8198420991931368,1.5707963267948966,-0.05000000000000426,0.09999999999999432,0.0,0.0,5_39,1.0,0.06829648896120943,10003.175910611459,116.56505117708124,108.43494882292283,0.1118033988749863
lpJL9-mBNmk_00,416,39,5,683.3588533852474,-1.1071487177940336,0.0,-2.158798930342475,1.1071487177940904,0.05000000000000426,-0.09999999999999432,0.25,0.0,5_39,1.0,-0.17706022913580455,9999.0,63.43494882291875,172.87498365109758,0.2236067977499726
lpJL9-mBNmk_00,417,39,5,683.2268144620789,2.356194490192416,3.141592653589793,-2.553590050042237,1.5707963267948966,-0.05000000000000426,0.04999999999999716,-0.25,0.0,5_39,1.0,0.13203892316846577,5174.434917121853,44.99999999999593,123.69006752597915,0.2061552812808782
lpJL9-mBNmk_00,418,39,5,683.2718364604236,-1.5707963267948966,0.0,-2.3561944901923684,1.0303768265242956,0.0,-0.04999999999999716,0.0,0.0,5_39,1.0,-0.04502199834473686,9999.0,90.0,165.96375653207315,0.04999999999999716
lpJL9-mBNmk_00,419,39,5,683.2283457966305,0.0,0.0,-1.892546881191567,1.0303768265242956,0.10000000000000142,0.0,0.0,0.0,5_39,1.0,0.043490663793136264,15709.770470425843,0.0,167.47119229084916,0.10000000000000142
lpJL9-mBNmk_00,420,39,5,683.2283457966305,0.0,0.0,-1.892546881191567,1.0303768265242956,0.0,0.0,0.0,0.0,5_39,1.0,-0.0,9999.0,0.0,167.47119229084916,0.0
lpJL9-mBNmk_00,421,39,5,683.2035458046159,2.5535900500422475,0.0,-2.896613990462912,0.7853981633974483,-0.14999999999999858,0.09999999999999432,0.0,0.0,5_39,1.0,0.0247999920145503,27548.538943229356,146.30993247402148,149.03624346792745,0.18027756377319512
lpJL9-mBNmk_00,422,39,5,683.2500896450728,-0.7853981633974129,0.0,-2.158798930342475,1.5707963267948966,0.10000000000000142,-0.09999999999999432,0.0,0.0,5_39,1.0,-0.04654384045682036,9999.0,44.999999999997975,146.30993247401958,0.1414213562373065
lpJL9-mBNmk_00,423,39,5,683.2718364604236,3.141592653589793,0.0,-2.3561944901923684,2.0344439357957027,-0.05000000000000426,0.0,0.0,0.0,5_39,1.0,-0.0217468153508662,9999.0,180.0,108.4349488229207,0.05000000000000426
lpJL9-mBNmk_00,424,39,5,683.2703198588389,2.677945044588987,0.0,-2.7610862764774233,0.7853981633974483,-0.09999999999999432,0.04999999999999716,0.0,0.0,5_39,1.0,0.001516601584739874,450527.23585016746,153.434948822922,156.8014094863521,0.11180339887498314
lpJL9-mBNmk_00,429,39,5,683.2935862423999,-0.7853981633974483,0.0,-2.4980915447965204,3.141592653589793,0.04999999999999716,-0.04999999999999716,0.0,0.0,5_39,5.0,-0.004653276712201659,9999.0,45.0,36.869897645843366,0.014142135623730148
lpJL9-mBNmk_00,430,39,5,683.2500896450728,0.0,0.0,-2.498091544796503,3.141592653589793,0.10000000000000142,0.0,0.0,0.0,5_39,1.0,0.04349659732713462,15708.12733939624,0.0,36.869897645844325,0.10000000000000142
lpJL9-mBNmk_00,431,39,5,683.2500896450728,0.0,0.0,-2.9764439761751738,3.141592653589793,0.0,0.0,0.0,0.0,5_39,1.0,-0.0,9999.0,0.0,9.46232220802518,0.0
lpJL9-mBNmk_00,432,39,5,682.8884260990224,-0.321750554396628,-1.1071487177940904,-0.7853981633974247,-2.0344439357957027,0.14999999999999858,-0.04999999999999716,0.25,-0.5,5_39,1.0,0.3616635460504085,1888.1870555011415,45.00000000000081,71.56505117707934,0.4609772228646475
lpJL9-mBNmk_00,433,39,5,682.734620844732,1.5707963267948966,3.141592653589793,-0.46364760900077767,-1.8157749899217608,0.0,0.04999999999999716,-0.25,0.0,5_39,1.0,0.15380525429031877,4438.955118893533,90.0,77.47119229085011,0.25495097567963865
lpJL9-mBNmk_00,434,39,5,683.183320932237,2.6779450445890154,1.5707963267948966,-0.46364760900077767,0.0,-0.10000000000000142,0.04999999999999716,0.0,0.5,5_39,1.0,-0.4487000875050171,9999.0,63.43494882292364,26.565051177076366,0.4609772228646475
lpJL9-mBNmk_00,435,39,5,683.183320932237,0.0,0.0,0.0,0.0,0.0,0.0,0.0,0.0,5_39,1.0,-0.0,9999.0,0.0,0.0,0.0
lpJL9-mBNmk_00,436,47,5,277.98223864124844,0.0,0.0,0.0,3.141592653589793,,,0.0,0.0,5_47,,0.0,9999.0,0.0,180.0,0.0
lpJL9-mBNmk_00,437,47,5,277.36539528210795,0.46364760900080615,3.141592653589793,0.46364760900080615,3.141592653589793,0.5,0.25,-0.5,0.0,5_47,1.0,0.6168433591404892,449.65288378655725,153.434948822922,153.434948822922,1.0307764064044151
lpJL9-mBNmk_00,438,47,5,277.36539528210795,0.0,0.0,0.46364760900080615,3.141592653589793,0.0,0.0,0.0,0.0,5_47,1.0,-0.0,9999.0,0.0,153.434948822922,0.0
lpJL9-mBNmk_00,439,47,5,277.34615555294795,0.0,0.0,0.4266274931268683,3.141592653589793,0.05000000000001137,0.0,0.0,0.0,5_47,1.0,0.019239729160005936,14415.283772781673,0.0,155.55604521958392,0.05000000000001137
lpJL9-mBNmk_00,440,47,5,276.32917417457026,0.3320594675428879,0.0,0.35877067027057225,3.141592653589793,1.4499999999999886,0.5,0.0,0.0,5_47,1.0,1.016981378377693,271.7150776304041,19.02560603756882,159.44395478041653,1.533786165017786
lpJL9-mBNmk_00,441,47,5,276.541321505485,-1.3734007669449722,0.0,0.2392315999636593,3.141592653589793,0.05000000000001137,-0.25,0.0,0.0,5_47,1.0,-0.2121473309147177,9999.0,78.69006752597728,166.29303899592026,0.2549509756796415
lpJL9-mBNmk_00,442,47,5,276.5828808874476,-0.46364760900080615,0.0,0.0977269073587183,3.141592653589793,0.5,-0.25,0.0,0.0,5_47,1.0,-0.04155938196259967,9999.0,26.565051177077994,174.40066066347947,0.5590169943749475
lpJL9-mBNmk_00,443,47,5,277.11587828920955,3.141592653589793,0.0,0.2140606835638205,3.141592653589793,-1.4000000000000057,0.0,0.0,0.0,5_47,1.0,-0.5329974017619747,9999.0,180.0,167.73522627210764,1.4000000000000057
lpJL9-mBNmk_00,444,47,5,276.79155062971125,0.0,0.0,0.12435499454676144,3.141592653589793,0.8499999999999943,0.0,0.0,0.0,5_47,1.0,0.32432765949829445,853.4318382153491,0.0,172.8749836510982,0.8499999999999943
lpJL9-mBNmk_00,445,47,5,276.38634192014626,3.141592653589793,-1.5707963267948966,0.13432144195296888,3.141592653589793,-0.15000000000000568,0.0,0.0,-0.5,5_47,1.0,0.4052087095649881,682.0839123049968,90.00000000000001,172.3039482779834,0.5220153254455291
lpJL9-mBNmk_00,446,47,5,276.8486228970626,0.0,1.5707963267948966,0.1343214419529689,2.356194490192345,0.0,0.0,0.0,0.5,5_47,1.0,-0.46228097691636094,9999.0,90.0,127.3039482779834,0.5
lpJL9-mBNmk_00,447,47,5,276.88670968466505,3.141592653589793,0.0,0.14189705460416394,3.141592653589793,-0.09999999999999432,0.0,0.0,0.0,5_47,1.0,-0.03808678760242401,9999.0,180.0,171.86989764584402,0.09999999999999432
lpJL9-mBNmk_00,448,47,5,276.79155062971125,0.0,0.0,0.12435499454676144,3.141592653589793,0.25,0.0,0.0,0.0,5_47,1.0,0.09515905495379684,2908.725299595541,0.0,172.8749836510982,0.25
lpJL9-mBNmk_00,449,47,5,276.92482734489516,0.0,0.0,0.11575921772081042,0.0,0.15000000000000568,0.0,0.5,0.0,5_47,1.0,-0.1332767151839107,9999.0,0.0,6.632514615138448,0.3499999999999943
lpJL9-mBNmk_00,434,50,5,485.9539587244866,0.0,1.5707963267948966,0.0,0.0,,,0.0,0.5,5_50,,0.0,9999.0,90.0,0.0,0.0
lpJL9-mBNmk_00,435,50,5,482.45673381143723,2.62244653934327,0.0,2.62244653934327,0.0,-3.5,2.0,0.0,0.0,5_50,1.0,3.497224913049365,137.95416245927535,150.25511870305778,150.25511870305778,4.031128874149275
lpJL9-mBNmk_00,436,50,5,480.1533609171137,2.498091544796509,0.0,2.5748634360662868,3.141592653589793,-2.0,1.5,0.0,0.0,5_50,1.0,2.3033728943235587,208.45663422557655,143.13010235415598,32.47119229084849,2.5
lpJL9-mBNmk_00,437,50,5,477.4284134820633,2.626043646130817,3.141592653589793,2.5925675137821975,3.141592653589793,-3.0,1.6999999999999886,-0.5,0.0,5_50,1.0,2.7249474350503533,175.20646722979487,29.53878225955793,31.456823357555194,3.0232432915661884
lpJL9-mBNmk_00,438,50,5,473.60459510017427,1.9705774250376922,0.0,2.4227626539681686,3.141592653589793,-1.5,3.5500000000000114,0.0,0.0,5_50,1.0,3.8238183818890548,123.85645650518649,112.90576965841711,41.18592516570964,3.8538941345086375
lpJL9-mBNmk_00,439,50,5,470.66878216002385,2.965653028137263,0.0,2.559181046097839,3.141592653589793,-4.5,0.8000000000000114,0.0,0.0,5_50,1.0,2.935812940150413,160.31974507746045,169.91940201245754,33.369727048718836,4.570557952810578
lpJL9-mBNmk_00,440,50,5,468.40590303709877,2.279422598922567,0.0,2.5266843631053266,3.141592653589793,-1.5,1.75,0.0,0.0,5_50,1.0,2.262879122925085,206.99554752691304,130.6012946450045,35.23164983236436,2.3048861143232218
lpJL9-mBNmk_00,441,50,5,465.86853295752866,2.601173153319209,0.0,2.536329125766002,3.141592653589793,-2.5,1.5,0.0,0.0,5_50,1.0,2.5373700795701097,183.60291102528402,149.03624346792648,34.679045637502306,2.9154759474226504
lpJL9-mBNmk_00,442,50,5,462.4294540792141,2.7397220061493393,0.0,2.5691328397717417,3.141592653589793,-4.0,1.6999999999999886,0.0,0.0,5_50,1.0,3.4390788783145467,134.46317180891342,156.9745079914721,32.799531272619234,4.3462627624201415
lpJL9-mBNmk_00,447,50,5,443.61772958257654,2.47067432271643,0.0,2.526521912924812,3.141592653589793,-16.0,12.699999999999989,0.0,0.0,5_50,5.0,3.7623448993275135,117.90990498023436,141.55921124299456,35.240957542088985,4.085535460622021
lpJL9-mBNmk_00,448,50,5,438.6622419356378,1.9849348772711073,0.0,2.47671482096151,3.141592653589793,-2.0,4.550000000000011,0.0,0.0,5_50,1.0,4.955487646938764,88.52049953279976,113.72839107595249,38.094693701406136,4.970160963188225
lpJL9-mBNmk_00,449,50,5,436.149343688604,2.677945044588987,0.0,2.4870218862664015,0.0,-2.5,1.25,0.5,0.0,5_50,1.0,2.5128982470337746,173.5642675557734,153.434948822922,142.49585763972985,3.25
lpJL9-mBNmk_00,434,51,5,245.17748673155128,0.0,1.5707963267948966,0.0,0.0,,,0.0,0.5,5_51,,0.0,9999.0,90.0,0.0,0.0
lpJL9-mBNmk_00,435,51,5,246.7465298641503,2.796435003747126,0.0,2.796435003747126,0.0,-8.900000000000006,3.1999999999999886,0.0,0.0,5_51,1.0,-1.5690431325990062,9999.0,160.22392339736086,160.22392339736086,9.4578010129205
lpJL9-mBNmk_00,436,51,5,246.02494284116804,2.387762946680118,0.0,2.690355754877887,3.141592653589793,-2.4499999999999886,2.3000000000000114,0.0,0.0,5_51,1.0,0.7215870229822485,340.9497884598465,136.80873932249176,25.853969856764426,3.3604315199093104
lpJL9-mBNmk_00,437,51,5,246.10528742796242,2.6677413170950333,3.141592653589793,2.6845238970420033,3.141592653589793,-3.9000000000000057,2.0,-0.5,0.0,5_51,1.0,-0.08034458679438217,9999.0,27.149681697783144,26.18811069748087,3.944616584663209
lpJL9-mBNmk_00,442,51,5,255.79464419725443,2.7674791080011913,0.0,2.7417404214731653,3.141592653589793,-35.150000000000006,13.800000000000011,0.0,0.0,5_51,5.0,-1.937871353858401,9999.0,158.564872779098,22.909845329168125,7.5523837296578105
lpJL9-mBNmk_00,443,51,5,261.2326549265999,3.0172376590430328,0.0,2.782821983319221,3.141592653589793,-9.599999999999994,1.1999999999999886,0.0,0.0,5_51,1.0,-5.43801072934545,9999.0,172.87498365109826,20.55604521958347,9.674709297958252
lpJL9-mBNmk_00,444,51,5,266.82183194034184,2.949804511603088,0.0,2.8062490537019555,3.141592653589793,-10.300000000000011,2.0,0.0,0.0,5_51,1.0,-5.58917701374196,9999.0,169.01134890350602,19.213772960296843,10.492378186093
lpJL9-mBNmk_00,445,51,5,270.5981892031061,2.7701934928045455,-1.5707963267948966,2.8019068028209806,3.141592653589793,-9.5,3.6999999999999886,0.0,-0.5,5_51,1.0,-3.776357262764236,9999.0,111.27960442769538,19.462565609363672,10.38701111966286
lpJL9-mBNmk_00,446,51,5,270.23716435753244,2.0878282792864327,1.5707963267948966,2.7797906689260303,2.356194490192345,-1.4499999999999886,2.5500000000000114,0.0,0.5,5_51,1.0,0.36102484557363823,748.527885741903,29.62374875117351,24.27027325930946,2.5109759058979466
lpJL9-mBNmk_00,447,51,5,273.29128233443527,2.819842099193151,0.0,2.7825080115869945,3.141592653589793,-6.0,2.0,0.0,0.0,5_51,1.0,-3.0541179769028304,9999.0,161.565051177078,20.574034474726457,6.324555320336759
lpJL9-mBNmk_00,448,51,5,276.25097737383663,2.64885272582221,0.0,2.7714149768077925,3.141592653589793,-7.450000000000003,4.0,0.0,0.0,5_51,1.0,-2.9596950394013675,9999.0,151.76808174133646,21.209618549566567,8.4559150894507
lpJL9-mBNmk_00,0,6,5,70.25177933689652,0.0,0.0,0.0,0.0,,,,,5_6,,0.0,9999.0,0.0,0.0,0.0
lpJL9-mBNmk_00,1,6,5,71.00176054155277,3.141592653589793,0.0,3.141592653589793,0.0,-0.75,0.0,0.0,0.0,5_6,1.0,-0.7499812046562511,9999.0,180.0,180.0,0.75
lpJL9-mBNmk_00,2,6,5,70.00178569150933,0.0,0.0,0.0,0.0,1.0,0.0,0.0,0.0,5_6,1.0,0.9999748500434436,70.00354627765701,0.0,0.0,1.0
lpJL9-mBNmk_00,3,6,5,74.05675188664435,-3.0187574147118985,0.0,-3.0107652575157364,0.0,-4.050000000000011,-0.5,0.0,0.0,5_6,1.0,-4.054966195135023,9999.0,172.96205923681535,172.50414236027015,4.080747480548152
lpJL9-mBNmk_00,4,6,5,74.05675188664435,0.0,0.0,-3.0107652575157364,0.0,0.0,0.0,0.0,0.0,5_6,1.0,-0.0,9999.0,0.0,172.50414236027015,0.0
lpJL9-mBNmk_00,5,6,5,77.7064347399879,3.141592653589793,0.0,-3.074579055544988,0.0,-3.6499999999999773,0.0,0.0,0.0,5_6,1.0,-3.649682853343549,9999.0,180.0,176.16040366204652,3.6499999999999773
lpJL9-mBNmk_00,6,6,5,77.7064347399879,0.0,0.0,-3.074579055544988,0.0,0.0,0.0,0.0,0.0,5_6,1.0,-0.0,9999.0,0.0,176.16040366204652,0.0
lpJL9-mBNmk_00,7,6,5,72.30691529860752,0.0,0.0,-2.8706458032513744,0.0,5.649999999999977,0.0,0.25,0.0,5_6,1.0,5.399519441380377,13.39136122827301,0.0,164.47588900324584,5.399999999999977
lpJL9-mBNmk_00,8,6,5,70.5570868162795,0.0,3.141592653589793,-2.1112158270654975,0.0,1.5,0.0,-0.25,0.0,5_6,1.0,1.7498284823280272,40.3222873149305,180.0,120.96375653207448,1.75
lpJL9-mBNmk_00,9,6,5,71.00704190430693,3.141592653589793,0.0,-2.5535900500422253,0.0,-0.44999999999998863,0.0,0.0,0.0,5_6,1.0,-0.449955088027437,9999.0,180.0,146.3099324740202,0.44999999999998863
lpJL9-mBNmk_00,10,6,5,70.0517844169583,0.4844779290370282,0.0,0.0,0.0,0.9499999999999886,0.5,0.0,0.0,5_6,1.0,0.9552574873486321,73.33288180906149,27.758540601060314,0.0,1.0735455276791843
lpJL9-mBNmk_00,11,6,5,69.75179209167317,0.0,0.0,0.0,0.0,0.30000000000001137,0.0,0.0,0.0,5_6,1.0,0.29999232528513176,232.51192184792274,0.0,0.0,0.30000000000001137
lpJL9-mBNmk_00,12,6,5,69.75179209167317,0.0,0.0,0.0,0.0,0.0,0.0,0.0,0.0,5_6,1.0,-0.0,9999.0,0.0,0.0,0.0
lpJL9-mBNmk_00,13,6,5,69.70179337721518,0.0,0.0,0.0,0.0,0.30000000000001137,0.0,0.25,0.0,5_6,1.0,0.04999871445798476,1394.0717102994206,0.0,0.0,0.05000000000001137
lpJL9-mBNmk_00,14,6,5,70.00178569150933,3.141592653589793,0.0,0.0,0.0,-0.30000000000001137,0.0,0.0,0.0,5_6,1.0,-0.2999923142941441,9999.0,180.0,0.0,0.30000000000001137
lpJL9-mBNmk_00,15,6,5,69.01630242196404,1.2120256565243244,3.141592653589793,1.0121970114513341,0.0,0.75,2.0,-0.25,0.0,5_6,1.0,0.9854832695452842,70.03295190775702,110.55604521958347,57.9946167919165,2.23606797749979
lpJL9-mBNmk_00,16,6,5,68.69135680709763,1.471127674303712,1.6704649792860586,1.0912770348022969,1.6704649792860586,0.05000000000001137,0.5,-1.5,15.0,5_6,1.0,0.32494561486640805,211.3933952773546,11.421186275000577,33.18502476377697,14.58260950584634
lpJL9-mBNmk_00,17,6,5,68.80181683647606,-1.4711276743037496,-1.4711276743037345,0.60374933339744,0.0,0.14999999999997726,-1.5,1.5,-15.0,5_6,1.0,-0.11046002937843014,9999.0,8.651108733580766e-13,34.59228868751015,13.567332088513204
lpJL9-mBNmk_00,18,6,5,70.25711707720436,-2.2455372690184445,0.0,-1.1071487177940904,0.0,-1.1999999999999886,-1.5,0.25,0.0,5_6,1.0,-1.4553002407282918,9999.0,128.65980825408982,63.43494882292201,2.0862646045024986
lpJL9-mBNmk_00,19,6,5,77.25647222077902,3.141592653589793,0.0,-3.067103863375911,0.0,-6.949999999999989,0.0,0.05000000000001137,0.0,5_6,1.0,-6.999355143574661,9999.0,180.0,175.73210669970916,7.0
lpJL9-mBNmk_00,20,6,5,79.05632485766083,3.141592653589793,0.0,-3.0814244024347834,0.0,-1.6000000000000227,0.0,0.19999999999998863,0.0,5_6,1.0,-1.799852636881809,9999.0,180.0,176.5526131481348,1.8000000000000114
lpJL9-mBNmk_00,21,6,5,79.47516907814665,3.141592653589793,1.5707963267948966,-3.0787823009356923,1.1071487177940904,-0.39999999999997726,0.0,0.0,1.0,5_6,1.0,-0.41884422048582337,9999.0,90.0,120.16381929388632,1.0770329614268923
lpJL9-mBNmk_00,22,6,5,69.50719387228922,0.052860762242514715,-2.356194490192345,0.0,1.5707963267948966,9.449999999999989,0.5,-0.5,-0.5,5_6,1.0,9.967975205857428,6.973050437710266,138.0286985783406,90.0,10.000124999218748
lpJL9-mBNmk_00,23,6,5,68.29577219711334,1.35970299357215,3.141592653589793,0.6465131478772342,2.356194490192345,0.75,3.5,-0.5,0.0,5_6,1.0,1.2114216751758846,56.376547982103396,102.0947570770121,97.95752522691721,3.7165171868296265
lpJL9-mBNmk_00,24,6,5,68.52919086053767,-1.1071487177940904,0.0,0.5626380655973023,1.5707963267948966,0.25,-0.5,0.5,0.0,5_6,1.0,-0.23341866342433093,9999.0,63.43494882292201,57.76321344786981,0.5590169943749475
lpJL9-mBNmk_00,25,6,5,68.31646946381233,-1.1902899496825512,0.0,0.30893074392374226,1.5707963267948966,0.19999999999998863,-0.5,0.0,0.0,5_6,1.0,0.21272139672534252,321.1546676332699,68.19859051364931,72.29957221133276,0.5385164807134462
lpJL9-mBNmk_00,26,6,5,67.80737423024138,-1.5707963267948966,3.141592653589793,0.2599401401885286,2.356194490192345,0.0,-0.5,-0.5,0.0,5_6,1.0,0.509095233570946,133.19192512296806,90.00000000000001,120.10652704115836,0.7071067811865476
lpJL9-mBNmk_00,27,6,5,67.80184363275089,-1.5707963267948966,0.0,0.48995732625372834,2.5535900500422253,0.0,-0.5,0.0,0.0,5_6,1.0,0.005530597490491118,12259.406646266363,90.0,118.23744553816722,0.5
lpJL9-mBNmk_00,28,6,5,67.77951386665443,1.5374753309166418,0.0,0.9894161429899945,2.356194490192345,0.05000000000001137,1.5,0.0,0.0,5_6,1.0,0.022329766096461867,3035.3884395320215,88.0908475670032,78.31063082456095,1.5008331019803638
lpJL9-mBNmk_00,29,6,5,67.76660313163114,-1.5707963267948966,0.0,0.828849058788979,2.356194490192345,0.0,-0.5,0.0,0.0,5_6,1.0,0.012910735023282882,5248.857095232968,90.0,87.51044707800085,0.5
lpJL9-mBNmk_00,30,6,5,68.25183147725781,-1.7681918866447774,-1.5707963267948966,0.0,3.141592653589793,-0.5,-2.5,0.0,-0.5,5_6,1.0,-0.48522834562666617,9999.0,11.309932474020222,180.0,2.0615528128088303
lpJL9-mBNmk_00,31,6,5,66.95186703894073,1.0808390005411623,2.356194490192345,0.6947382761967001,2.677945044588987,0.8000000000000114,1.5,-0.5,0.5,5_6,1.0,1.299964438317076,51.502845051373946,73.07248693585329,113.62937773065698,1.6401219466856816
lpJL9-mBNmk_00,32,6,5,67.1965214873508,1.5707963267948966,0.0,1.095785570529797,2.582993338246237,0.0,2.0,0.19999999999998863,0.0,5_6,1.0,-0.2446544484100599,9999.0,90.0,85.2107283492245,2.009975124224177
lpJL9-mBNmk_00,33,6,5,67.77951386665443,-1.862253121272774,-1.0303768265242956,1.1232763516377304,3.141592653589793,-0.30000000000001137,-1.0,0.30000000000001137,-0.5,5_6,1.0,-0.5829923793036329,9999.0,47.663000766068706,115.64100582430508,0.781024967590683
lpJL9-mBNmk_00,34,6,5,68.25732561417858,-1.7681918866447774,1.5707963267948966,0.0,2.5535900500422253,-0.5,-2.5,0.0,0.5,5_6,1.0,-0.4778117475241572,9999.0,168.69006752597977,146.3099324740202,3.0413812651491097
lpJL9-mBNmk_00,35,6,5,67.95183956303168,0.0,-1.5707963267948966,-1.3024301158889844,3.141592653589793,0.30000000000001137,0.0,0.0,-0.5,5_6,1.0,0.3054860511469002,222.43843641278218,90.0,105.37625124882648,0.5830951894845359
lpJL9-mBNmk_00,36,6,5,68.25183147725781,3.141592653589793,0.0,-1.4909663410826637,-1.5042281630190728,-0.30000000000001137,0.0,0.0,0.0,5_6,1.0,-0.29999191422612626,9999.0,180.0,0.7598464256102555,0.30000000000001137
lpJL9-mBNmk_00,37,6,5,70.56594433577716,-2.8706458032513744,0.7853981633974483,-2.4329663814621227,1.5707963267948966,-1.8000000000000114,-0.5,0.5,0.5,5_6,1.0,-2.3141128585193513,9999.0,150.52411099675416,130.6012946450045,2.507987240796901
lpJL9-mBNmk_00,38,6,5,69.00724599634447,0.3120421215625312,0.0,0.46364760900080615,2.0344439357957027,1.5500000000000114,0.5,0.0,0.0,5_6,1.0,1.558698339432695,44.2723548556935,17.878696595841223,90.0,1.628649747490244
lpJL9-mBNmk_00,39,6,5,69.05724074997495,3.141592653589793,0.0,0.06320683189746042,2.1112158270654975,-0.05000000000001137,0.0,0.0,0.0,5_6,1.0,-0.04999475363048589,9999.0,180.0,117.34227182795713,0.05000000000001137
lpJL9-mBNmk_00,40,6,5,69.26624358228185,-1.951302703907242,0.0,0.0,2.356194490192345,-0.19999999999998863,-0.5,0.0,0.0,5_6,1.0,-0.20900283230689354,9999.0,111.80140948635069,135.0,0.5385164807134462
lpJL9-mBNmk_00,41,6,5,77.9564141042929,3.141592653589793,-1.5707963267948966,0.0,-2.0344439357957027,-8.699999999999989,0.0,0.0,-0.5,5_6,1.0,-8.690170522011059,9999.0,90.00000000000001,116.56505117707799,8.714355971613726
lpJL9-mBNmk_00,42,6,5,70.0660581166088,0.0,1.5707963267948966,-2.4037775934693384,0.0,7.899999999999977,0.0,0.0,0.5,5_6,1.0,7.890355987684103,8.879961591843701,90.0,137.72631099390685,7.915806970865297
lpJL9-mBNmk_00,43,6,5,69.20722505634797,0.0,-2.0344439357957027,-1.7440419932472588,-1.1071487177940904,0.6000000000000227,0.0,-0.25,-0.5,5_6,1.0,0.8588330602608352,80.5828609291416,116.56505117707799,36.49129668372954,0.9861541461658206
lpJL9-mBNmk_00,44,6,5,69.00724599634447,0.0,0.0,-1.781889660017643,-2.0344439357957027,0.19999999999998863,0.0,0.0,0.0,5_6,1.0,0.19997906000349985,345.07235905167653,0.0,14.470294100065894,0.19999999999998863
lpJL9-mBNmk_00,45,6,5,69.00181157042184,1.1071487177940904,0.0,-1.8438050298816029,-1.5707963267948966,0.25,0.5,0.25,0.0,5_6,1.0,0.005434425922629771,12697.166647002743,63.43494882292201,15.642246457208483,0.5
lpJL9-mBNmk_00,46,6,5,69.20180633480602,0.0,0.0,-1.8850282258792246,-0.5880026035475676,0.05000000000001137,0.0,0.25,0.0,5_6,1.0,-0.1999947643841864,9999.0,0.0,74.314094079933,0.19999999999998863
lpJL9-mBNmk_00,47,6,5,69.20180633480602,0.0,0.0,-1.9797041557458093,-0.5880026035475676,0.0,0.0,0.0,0.0,5_6,1.0,-0.0,9999.0,0.0,79.73862528276489,0.0
lpJL9-mBNmk_00,48,6,5,69.01630242196404,0.0,1.5707963267948966,-1.7359450042095235,0.5880026035475676,0.19999999999998863,0.0,0.0,1.0,5_6,1.0,0.18550391284198042,372.04769087946335,90.0,133.15238973400542,1.0198039027185546
lpJL9-mBNmk_00,49,6,5,68.0665299541559,1.2977876237081902,-2.0344439357957027,0.0,0.0,0.6999999999999886,2.5,-0.25,-0.5,5_6,1.0,0.9497724678081454,71.6661434830151,169.07719528013047,0.0,3.146823795511909
lpJL9-mBNmk_00,50,6,5,68.84540652795945,2.0344439357957027,0.0,1.5137155443886352,0.5880026035475676,-0.5,1.0,0.25,0.0,5_6,1.0,-0.7788765738035579,9999.0,116.56505117707799,53.039444550836826,1.25
lpJL9-mBNmk_00,51,6,5,68.84540652795945,3.141592653589793,3.141592653589793,1.9726669742353626,0.0,-0.25,0.0,-0.25,0.0,5_6,1.0,-0.0,9999.0,0.0,113.02549200852859,0.0
lpJL9-mBNmk_00,52,6,5,69.05181025867462,-1.6539375586833378,0.0,-1.9222411207984549,0.0,-0.25,-3.0,0.0,0.0,5_6,1.0,-0.2064037307151665,9999.0,94.76364169072617,110.13630342824851,3.010398644698074
lpJL9-mBNmk_00,53,6,5,68.51642138932827,1.4219063791853936,3.141592653589793,3.141592653589793,1.1071487177940904,0.30000000000001137,2.0,-0.25,0.0,5_6,1.0,0.5353888693463489,127.97505759314592,98.53076560994846,116.56505117707799,2.074246851269157
lpJL9-mBNmk_00,54,6,5,68.4956385472827,1.7681918866447663,3.141592653589793,1.627877109201158,0.0,-0.19999999999998863,1.0,-0.25,0.0,5_6,1.0,0.0207828420455769,3295.778238465718,78.69006752598041,93.27048792318338,1.0012492197250398
lpJL9-mBNmk_00,55,6,5,68.47921217420655,-1.5707963267948966,0.0,1.7359450042095235,1.5707963267948966,0.0,-0.5,0.0,0.0,5_6,1.0,0.016426373076143364,4168.857717816081,90.0,9.462322208025622,0.5
lpJL9-mBNmk_00,56,6,5,68.46643338162139,-1.5707963267948966,0.0,1.6506263125071294,1.5707963267948966,0.0,-0.5,0.0,0.0,5_6,1.0,0.012778792585166343,5357.817096201828,90.0,4.573921259900608,0.5
lpJL9-mBNmk_00,57,6,5,68.31646946381233,0.0,0.0,1.0427218783685368,3.141592653589793,0.14999999999997726,0.0,0.0,0.0,5_6,1.0,0.14996391780906038,455.5527120250045,0.0,120.25643716352927,0.14999999999997726
lpJL9-mBNmk_00,58,6,5,68.31646946381233,0.0,0.0,1.4909663410826637,3.141592653589793,0.0,0.0,0.0,0.0,5_6,1.0,-0.0,9999.0,0.0,94.5739212599006,0.0
lpJL9-mBNmk_00,59,6,5,67.3464178705891,1.5707963267948966,3.141592653589793,1.4994888620096063,3.141592653589793,0.0,1.0,-1.0,0.0,5_6,1.0,0.9700515932232321,69.42560410298823,90.0,94.08561677997487,1.4142135623730951
lpJL9-mBNmk_00,60,6,5,67.26672654440678,-1.5208379310729425,0.0,1.4056476493802696,3.141592653589793,0.05000000000001137,-1.0,0.0,0.0,5_6,1.0,0.07969132618231356,844.0909414723197,87.1375947738876,99.46232220802563,1.0012492197250398
lpJL9-mBNmk_00,61,6,5,67.77951386665443,0.0,-0.7853981633974483,0.3152146997507114,3.141592653589793,0.0,0.0,0.5,-0.5,5_6,1.0,-0.5127873222476467,9999.0,45.0,161.9395280638008,0.7071067811865476
lpJL9-mBNmk_00,62,6,5,67.75,-1.695151321341658,3.141592653589793,0.7610127542247244,-2.761086276477428,-0.25,-2.0,-0.25,0.0,5_6,1.0,0.029513866654426124,2295.5311411166686,82.8749836510982,158.1985905136485,2.0
lpJL9-mBNmk_00,63,6,5,67.80184363275089,3.141592653589793,1.5707963267948966,1.1902899496825512,2.677945044588987,-0.05000000000001137,0.0,0.0,0.5,5_6,1.0,-0.05184363275088799,9999.0,90.0,85.2363583092727,0.5024937810560456
lpJL9-mBNmk_00,64,6,5,68.00735254367721,-1.471127674303712,0.0,1.1071487177940904,2.5535900500422253,0.05000000000001137,-0.5,0.25,0.0,5_6,1.0,-0.2055089109263264,9999.0,84.28940686249906,82.87498365109819,0.5385164807134462
lpJL9-mBNmk_00,65,6,5,68.05183685985266,1.670464979286081,0.0,1.670464979286081,2.677945044588987,-0.05000000000001137,0.5,0.0,0.0,5_6,1.0,-0.04448431617544202,9999.0,95.71059313750094,57.724355685421074,0.5024937810560456
lpJL9-mBNmk_00,66,6,5,69.05181025867462,0.0,0.0,1.768191886644821,2.0344439357957027,0.0,0.0,1.0,0.0,5_6,1.0,-0.9999733988219646,9999.0,0.0,15.255118703055278,1.0
lpJL9-mBNmk_00,67,6,5,69.00724599634447,-1.471127674303712,0.0,3.141592653589793,2.0344439357957027,0.05000000000001137,-0.5,0.0,0.0,5_6,1.0,0.0445642623301552,1548.488461114939,84.28940686249906,63.43494882292201,0.5024937810560456
lpJL9-mBNmk_00,68,6,5,68.25183147725781,1.5707963267948966,3.141592653589793,2.0344439357957027,-2.677945044588987,0.0,0.5,-0.75,0.0,5_6,1.0,0.7554145190866564,90.35017166439766,90.0,90.00000000000001,0.9013878188659973
lpJL9-mBNmk_00,69,6,5,68.25732561417858,-1.5707963267948966,0.0,-1.933943336741069,3.141592653589793,0.0,-0.5,0.0,0.0,5_6,1.0,-0.00549413692077394,9999.0,90.0,69.19320898728898,0.5
lpJL9-mBNmk_00,70,6,5,69.05181025867462,1.670464979286081,0.0,-1.7359450042095235,3.141592653589793,-0.05000000000001137,0.5,0.75,0.0,5_6,1.0,-0.7944846444960376,9999.0,95.71059313750094,80.53767779197439,0.94339811320567
lpJL9-mBNmk_00,71,6,5,69.00724599634447,-1.471127674303712,0.0,-1.627877109201158,0.0,0.05000000000001137,-0.5,0.0,0.0,5_6,1.0,0.0445642623301552,1548.488461114939,84.28940686249906,93.27048792318338,0.5024937810560456
lpJL9-mBNmk_00,72,6,5,68.30183013653442,2.1112158270654975,3.141592653589793,3.141592653589793,3.141592653589793,-0.30000000000001137,0.5,-1.0,0.0,5_6,1.0,0.7054158598100457,96.82491424976854,59.036243467925516,0.0,0.8602325267042534
lpJL9-mBNmk_00,73,6,5,68.30183013653442,0.0,0.0,-1.8391625377008087,3.141592653589793,0.0,0.0,0.0,0.0,5_6,1.0,-0.0,9999.0,0.0,74.62374875117355,0.0
lpJL9-mBNmk_00,74,6,5,68.55182346225374,0.0,0.0,-1.6869379536748943,3.141592653589793,0.0,0.0,0.25,0.0,5_6,1.0,-0.24999332571931632,9999.0,0.0,83.345574953993,0.25
lpJL9-mBNmk_00,75,6,5,68.25732561417858,-1.0303768265242956,0.0,-1.5874614505088411,3.141592653589793,0.30000000000001137,-0.5,0.0,0.0,5_6,1.0,0.294497848075153,231.77529499896372,59.036243467925516,89.0451587461276,0.5830951894845359
lpJL9-mBNmk_00,76,6,5,68.00735254367721,0.0,3.141592653589793,-1.5907936607680517,3.141592653589793,0.0,0.0,-0.25,0.0,5_6,1.0,0.24997307050136897,272.058715793967,180.0,88.85423716182466,0.25
lpJL9-mBNmk_00,77,6,5,68.25732561417858,0.0,0.0,-1.6506263125071294,3.141592653589793,0.0,0.0,0.25,0.0,5_6,1.0,-0.24997307050136897,9999.0,0.0,85.4260787400994,0.25
lpJL9-mBNmk_00,78,6,5,68.20733098428643,0.0,3.141592653589793,-1.6506263125071294,3.141592653589793,0.0,0.0,-0.05000000000001137,0.0,5_6,1.0,0.04999462989215431,1364.2931477124557,180.0,85.4260787400994,0.05000000000001137
lpJL9-mBNmk_00,79,6,5,68.00735254367721,0.0,3.141592653589793,-1.627877109201158,0.0,0.0,0.0,-0.19999999999998863,0.0,5_6,1.0,0.19997844060921466,340.0734215973457,180.0,93.27048792318338,0.19999999999998863
lpJL9-mBNmk_00,80,6,5,68.00735254367721,0.0,0.0,-1.6704649792860586,0.0,0.0,0.0,0.0,0.0,5_6,1.0,-0.0,9999.0,0.0,95.71059313749964,0.0
lpJL9-mBNmk_00,81,6,5,68.00735254367721,0.0,0.0,-1.6704649792860586,1.5707963267948966,0.0,0.0,0.0,0.0,5_6,1.0,-0.0,9999.0,0.0,174.28940686250036,0.0
lpJL9-mBNmk_00,82,6,5,68.30183013653442,2.1112158270654975,0.0,3.141592653589793,1.1071487177940904,-0.30000000000001137,0.5,0.0,0.0,5_6,1.0,-0.29447759285720565,9999.0,120.96375653207448,116.56505117707799,0.5830951894845359
lpJL9-mBNmk_00,83,6,5,68.30183013653442,0.0,0.0,3.141592653589793,0.0,0.0,0.0,0.0,0.0,5_6,1.0,-0.0,9999.0,0.0,180.0,0.0
lpJL9-mBNmk_00,84,6,5,68.30183013653442,0.0,0.0,2.1112158270654975,0.0,0.0,0.0,0.0,0.0,5_6,1.0,-0.0,9999.0,0.0,120.96375653207448,0.0
lpJL9-mBNmk_00,85,6,5,68.30183013653442,0.0,0.0,3.141592653589793,0.0,0.0,0.0,0.0,0.0,5_6,1.0,-0.0,9999.0,0.0,180.0,0.0
lpJL9-mBNmk_00,86,6,5,68.30183013653442,0.0,0.0,3.141592653589793,3.141592653589793,0.0,0.0,0.0,0.0,5_6,1.0,-0.0,9999.0,0.0,0.0,0.0
lpJL9-mBNmk_00,87,6,5,67.51666460956139,1.4219063791853936,3.141592653589793,1.5707963267948966,3.141592653589793,0.30000000000001137,2.0,-0.5,0.0,5_6,1.0,0.7851655269730315,85.99035781646131,98.53076560994846,90.0,2.154065922853806
lpJL9-mBNmk_00,88,6,5,67.2518587103732,-1.3258176636680323,0.0,1.3258176636680323,3.141592653589793,0.25,-1.0,0.0,0.0,5_6,1.0,0.26480589918818964,253.9666182533921,75.96375653207352,104.03624346792648,1.0307764064044151
lpJL9-mBNmk_00,89,6,5,67.25743453329156,1.5707963267948966,0.0,1.446441332248135,3.141592653589793,0.0,0.5,0.0,0.0,5_6,1.0,-0.005575822918359563,9999.0,90.0,97.1250163489018,0.5
lpJL9-mBNmk_00,90,6,5,77.26456173434235,-2.9340964271545906,0.7853981633974483,-3.087298241681487,2.677945044588987,-9.5,-2.0,0.5,0.5,5_6,1.0,-10.007127201050793,9999.0,146.88865803962798,29.675891830568787,10.307764064044152
lpJL9-mBNmk_00,91,6,5,77.16458060535285,0.0,0.0,3.141592653589793,2.582993338246237,0.30000000000001137,0.0,0.19999999999998863,0.0,5_6,1.0,0.09998112898949785,771.7914508992825,0.0,32.00538320808313,0.10000000000002274
lpJL9-mBNmk_00,92,6,5,77.21457116373824,3.141592653589793,0.0,-3.0841845389529934,1.1902899496825512,-0.05000000000001137,0.0,0.0,0.0,5_6,1.0,-0.049990558385388795,9999.0,180.0,115.09065216484255,0.05000000000001137
lpJL9-mBNmk_00,93,6,5,77.21457116373824,0.0,0.0,-3.0841845389529934,1.1902899496825512,0.0,0.0,0.0,0.0,5_6,1.0,-0.0,9999.0,0.0,115.09065216484255,0.0
lpJL9-mBNmk_00,94,6,5,77.21457116373824,0.0,0.0,-3.0841845389529934,1.670464979286081,0.0,0.0,0.0,0.0,5_6,1.0,-0.0,9999.0,0.0,87.57864954099091,0.0
lpJL9-mBNmk_00,95,6,5,77.4758188081933,-1.471127674303712,0.0,-3.0857847424133555,1.1071487177940904,0.05000000000001137,-0.5,0.30000000000001137,0.0,5_6,1.0,-0.2612476444550538,9999.0,84.28940686249906,119.7626089509289,0.5590169943749475
lpJL9-mBNmk_00,96,6,5,77.51451476981585,3.141592653589793,-1.5707963267948966,-3.0860941483440762,0.0,-0.05000000000001137,0.0,0.0,-0.5,5_6,1.0,-0.03869596162255107,9999.0,90.00000000000001,176.82016988013575,0.5024937810560456
lpJL9-mBNmk_00,97,6,5,77.51451476981585,0.0,0.0,-3.0860941483440762,0.0,0.0,0.0,0.0,0.0,5_6,1.0,-0.0,9999.0,0.0,176.82016988013575,0.0
lpJL9-mBNmk_00,98,6,5,77.5064513443881,1.5707963267948966,0.0,3.141592653589793,0.0,0.0,0.5,0.0,0.0,5_6,1.0,0.008063425427749848,9612.099973995391,90.0,180.0,0.5
lpJL9-mBNmk_00,99,6,5,77.65643888307007,0.0,0.0,3.141592653589793,0.0,0.05000000000001137,0.0,0.19999999999998863,0.0,5_6,1.0,-0.14998753868196957,9999.0,0.0,180.0,0.14999999999997726
lpJL9-mBNmk_00,100,6,5,77.45645550888575,0.0,3.141592653589793,3.141592653589793,0.0,0.0,0.0,-0.19999999999998863,0.0,5_6,1.0,0.19998337418431333,387.31447463976946,180.0,180.0,0.19999999999998863
lpJL9-mBNmk_00,101,6,5,77.7064347399879,3.141592653589793,0.0,3.141592653589793,0.0,-0.25,0.0,0.0,0.0,5_6,1.0,-0.24997923110214515,9999.0,180.0,180.0,0.25
lpJL9-mBNmk_00,102,6,5,77.5064513443881,0.0,0.0,-3.0841845389529934,0.0,0.19999999999998863,0.0,0.0,0.0,5_6,1.0,0.19998339559980138,387.5644330966899,0.0,176.71075732150817,0.19999999999998863
lpJL9-mBNmk_00,103,6,5,77.51451476981585,-1.5707963267948966,0.0,-3.0271523483197296,0.0,0.0,-0.5,0.0,0.0,5_6,1.0,-0.008063425427749848,9999.0,90.0,173.4430535018366,0.5
lpJL9-mBNmk_00,104,6,5,77.45645550888575,1.471127674303712,0.0,-3.083853435064689,0.0,0.05000000000001137,0.5,0.0,0.0,5_6,1.0,0.058059260930093615,1334.0930330158246,84.28940686249906,176.69178646612795,0.5024937810560456
lpJL9-mBNmk_00,105,6,5,77.5064513443881,3.141592653589793,0.0,-3.0841845389529934,0.0,-0.05000000000001137,0.0,0.0,0.0,5_6,1.0,-0.049995835502343766,9999.0,180.0,176.71075732150817,0.05000000000001137
lpJL9-mBNmk_00,106,6,5,76.75651438151684,0.0,3.141592653589793,-3.082489969979205,0.0,0.25,0.0,-0.5,0.0,5_6,1.0,0.74993696287126,102.35062169444429,180.0,176.6136656712163,0.75
lpJL9-mBNmk_00,107,6,5,77.75643060223379,3.141592653589793,0.0,-2.8720711158551753,0.0,-0.30000000000001137,0.0,0.6999999999999886,0.0,5_6,1.0,-0.9999162207169547,9999.0,180.0,164.55755339993044,1.0
lpJL9-mBNmk_00,108,6,5,70.02856560004639,-0.06612860336457291,1.951302703907242,-2.289626326416521,0.46364760900080615,7.550000000000011,-0.5,-0.19999999999998863,0.5,5_6,1.0,7.7278650021874,9.061825689271817,115.59029936423534,157.75097634278762,7.814249804043892
lpJL9-mBNmk_00,109,6,5,75.01499850029992,3.0419240010986313,0.0,-2.8535372065391673,0.46364760900080615,-5.0,0.5,0.0,0.0,5_6,1.0,-4.986432900253533,9999.0,174.28940686250036,169.939310204677,5.024937810560445
lpJL9-mBNmk_00,110,6,5,76.97598651527629,-2.918116052449159,3.141592653589793,-0.7378150601204546,0.0,-2.1999999999999886,-0.5,-0.25,0.0,5_6,1.0,-1.9609880149763654,9999.0,12.80426606528682,42.27368900609314,2.0130822139197284
lpJL9-mBNmk_00,111,6,5,74.71505872312487,0.0,-2.4037775934693384,-0.251002686643036,-2.356194490192345,1.6999999999999886,0.0,-0.5500000000000114,-0.5,5_6,1.0,2.2609277921514206,33.04619412547829,137.72631099390685,120.61860540890932,2.3048861143232218
lpJL9-mBNmk_00,112,6,5,73.02739212103907,0.0,1.0303768265242956,-0.12435499454676144,3.141592653589793,2.0,0.0,0.30000000000001137,0.5,5_6,1.0,1.6876666020857982,43.271219582578716,59.036243467925516,172.8749836510982,1.772004514666924
lpJL9-mBNmk_00,113,6,5,73.02739212103907,0.0,0.0,-0.12435499454676144,3.141592653589793,0.0,0.0,0.0,0.0,5_6,1.0,-0.0,9999.0,0.0,172.8749836510982,0.0
lpJL9-mBNmk_00,114,6,5,73.02739212103907,0.0,0.0,-0.12435499454676144,3.141592653589793,0.0,0.0,0.0,0.0,5_6,1.0,-0.0,9999.0,0.0,172.8749836510982,0.0
lpJL9-mBNmk_00,115,6,5,73.01540933255117,1.5707963267948966,0.0,0.12591262568579858,3.141592653589793,0.0,0.5,0.0,0.0,5_6,1.0,0.011982788487898688,6093.357101837255,90.0,172.7857379607932,0.5
lpJL9-mBNmk_00,116,6,5,71.01584330274477,-0.3217505543966422,-2.356194490192345,0.0,3.141592653589793,1.5,-0.5,-0.5,-0.5,5_6,1.0,1.9995660298064024,35.515628013354736,116.56505117707799,180.0,2.0
lpJL9-mBNmk_00,117,6,5,69.51618516575834,0.0,0.0,0.0,3.141592653589793,1.5,0.0,0.0,0.0,5_6,1.0,1.499658136986426,46.354688079412306,0.0,180.0,1.5
lpJL9-mBNmk_00,118,6,5,68.96631424108438,0.0,3.141592653589793,-0.0688564893010446,3.141592653589793,0.25,0.0,-0.30000000000001137,0.0,5_6,1.0,0.5498709246739679,125.42273312955437,180.0,176.05481377096245,0.5500000000000114
lpJL9-mBNmk_00,119,6,5,67.90736337099237,0.0,-1.5707963267948966,-0.06053201978210714,-2.819842099193151,1.0500000000000114,0.0,0.0,-0.5,5_6,1.0,1.058950870092005,64.12701975974804,90.0,158.09682191816083,1.162970334961311
lpJL9-mBNmk_00,120,6,5,68.7072776349056,3.141592653589793,0.0,-0.0628103526541008,-2.582993338246237,-0.30000000000001137,0.0,0.5,0.0,5_6,1.0,-0.7999142639132231,9999.0,180.0,144.39584867510854,0.8000000000000114
lpJL9-mBNmk_00,121,6,5,68.05183685985266,0.8379812250084026,3.141592653589793,0.0,-2.677945044588987,0.44999999999998863,0.5,-0.19999999999998863,0.0,5_6,1.0,0.6554407750529379,103.82606552721155,131.98721249581592,153.434948822922,0.8200609733428182
lpJL9-mBNmk_00,122,6,5,68.05183685985266,0.0,0.0,0.0,-2.677945044588987,0.0,0.0,0.0,0.0,5_6,1.0,-0.0,9999.0,0.0,153.434948822922,0.0
lpJL9-mBNmk_00,123,6,5,68.25183147725781,3.141592653589793,0.0,0.06053201978210714,-2.677945044588987,-0.19999999999998863,0.0,0.0,0.0,5_6,1.0,-0.199994617405153,9999.0,180.0,156.90317808183917,0.19999999999998863
lpJL9-mBNmk_00,124,6,5,68.00735254367721,0.0,2.0344439357957027,0.0,3.141592653589793,0.0,0.0,-0.25,0.5,5_6,1.0,0.24447893358059503,278.1726488562986,116.56505117707799,180.0,0.5590169943749475
lpJL9-mBNmk_00,125,6,5,68.00735254367721,0.0,0.0,0.0,3.141592653589793,0.0,0.0,0.0,0.0,5_6,1.0,-0.0,9999.0,0.0,180.0,0.0
lpJL9-mBNmk_00,126,6,5,68.25732561417858,0.0,0.0,0.0,3.141592653589793,0.0,0.0,0.25,0.0,5_6,1.0,-0.24997307050136897,9999.0,0.0,180.0,0.25
lpJL9-mBNmk_00,127,6,5,68.00735254367721,0.0,3.141592653589793,0.0,3.141592653589793,0.0,0.0,-0.25,0.0,5_6,1.0,0.24997307050136897,272.058715793967,180.0,180.0,0.25
lpJL9-mBNmk_00,128,6,5,67.56663377733125,1.35970299357215,-1.1071487177940904,1.2120256565243244,-2.356194490192345,0.75,3.5,0.25,-0.5,5_6,1.0,0.44071876634596663,153.3100901001594,141.34019174590992,155.55604521958347,4.031128874149275
lpJL9-mBNmk_00,129,6,5,67.52962312940892,-1.5707963267948966,0.0,0.3671738338182192,-2.356194490192345,0.0,-1.0,0.0,0.0,5_6,1.0,0.037010647922329554,1824.599863021215,90.0,156.03751102542182,1.0
lpJL9-mBNmk_00,130,6,5,67.59067983087608,1.5707963267948966,0.0,0.47734538237367247,-2.214297435588181,0.0,1.5,0.0,0.0,5_6,1.0,-0.06105670146716591,9999.0,90.0,154.21977342591393,1.5
lpJL9-mBNmk_00,131,6,5,67.59067983087608,0.0,0.0,0.5713374798336268,-1.951302703907242,0.0,0.0,0.0,0.0,5_6,1.0,-0.0,9999.0,0.0,144.5366357584583,0.0
lpJL9-mBNmk_00,132,6,5,67.59067983087608,0.0,0.0,0.7328151017865067,-2.0344439357957027,0.0,0.0,0.0,0.0,5_6,1.0,-0.0,9999.0,0.0,158.55226367289467,0.0
lpJL9-mBNmk_00,133,6,5,67.59067983087608,0.0,0.0,0.7328151017865067,-2.0344439357957027,0.0,0.0,0.0,0.0,5_6,1.0,-0.0,9999.0,0.0,158.55226367289467,0.0
lpJL9-mBNmk_00,134,6,5,67.59067983087608,0.0,0.0,0.7328151017865067,-2.0344439357957027,0.0,0.0,0.0,0.0,5_6,1.0,-0.0,9999.0,0.0,158.55226367289467,0.0
lpJL9-mBNmk_00,135,6,5,67.29108410480544,0.0,3.141592653589793,0.6747409422235527,-2.245537269018456,0.0,0.0,-0.30000000000001137,0.0,5_6,1.0,0.299595726070649,224.60628857214482,180.0,167.3196165081806,0.30000000000001137
lpJL9-mBNmk_00,136,6,5,67.29108410480544,0.0,0.0,0.9097531579442097,-2.1112158270654975,0.0,0.0,0.0,0.0,5_6,1.0,-0.0,9999.0,0.0,173.0887728809763,0.0
lpJL9-mBNmk_00,137,6,5,67.29108410480544,0.0,0.0,1.1525719972156674,-2.1112158270654975,0.0,0.0,0.0,0.0,5_6,1.0,-0.0,9999.0,0.0,172.9987324425037,0.0
lpJL9-mBNmk_00,138,6,5,67.29108410480544,0.0,0.0,1.1999050379822342,-1.5707963267948966,0.0,0.0,0.0,0.0,5_6,1.0,-0.0,9999.0,0.0,158.74949449286677,0.0
lpJL9-mBNmk_00,139,6,5,67.59067983087608,0.0,0.0,1.41647755086878,0.0,0.0,0.0,0.30000000000001137,0.0,5_6,1.0,-0.299595726070649,9999.0,0.0,81.15818543980846,0.30000000000001137
lpJL9-mBNmk_00,140,6,5,67.56663377733125,-1.5707963267948966,0.0,1.3258176636680323,3.141592653589793,0.0,-0.5,0.0,0.0,5_6,1.0,0.024046053544836354,2809.8845264295146,90.0,104.03624346792648,0.5
lpJL9-mBNmk_00,141,6,5,67.52962312940892,-1.5707963267948966,0.0,1.354246021818803,0.0,0.0,-1.0,0.0,0.0,5_6,1.0,0.037010647922329554,1824.599863021215,90.0,77.59258147259901,1.0
lpJL9-mBNmk_00,142,6,5,67.59067983087608,1.5707963267948966,0.0,1.4341531643038068,0.0,0.0,1.5,0.0,0.0,5_6,1.0,-0.06105670146716591,9999.0,90.0,82.17092348994024,1.5
lpJL9-mBNmk_00,143,6,5,67.11929677819934,0.7853981633974483,0.0,1.299849476456476,0.0,0.5,0.5,0.0,0.0,5_6,1.0,0.4713830526767424,142.38801415762256,45.0,74.47588900324574,0.7071067811865476
lpJL9-mBNmk_00,144,6,5,67.31894235651656,1.951302703907242,1.5707963267948966,1.3638041325750734,0.0,-0.19999999999998863,0.5,0.0,0.5,5_6,1.0,-0.19964557831721663,9999.0,21.801409486350696,78.1402208790519,0.19999999999998863
lpJL9-mBNmk_00,145,6,5,67.05117448635778,0.0,-2.1112158270654975,1.3638041325750734,-1.670464979286081,0.0,0.0,-0.30000000000001137,-0.5,5_6,1.0,0.267767870158778,250.40784186167863,120.96375653207448,173.85081401655282,0.5830951894845359
lpJL9-mBNmk_00,146,6,5,67.6184146516317,-2.1112158270654975,0.0,1.4056476493802696,-1.5707963267948966,-0.30000000000001137,-0.5,0.30000000000001137,0.0,5_6,1.0,-0.5672401652739154,9999.0,120.96375653207448,170.53767779197437,0.781024967590683
lpJL9-mBNmk_00,147,6,5,67.3505011117215,1.0303768265242956,0.0,1.3638041325750734,-1.1071487177940904,0.30000000000001137,0.5,0.0,0.0,5_6,1.0,0.2679135399101966,251.388941127414,59.036243467925516,141.57516970197392,0.5830951894845359
lpJL9-mBNmk_00,148,6,5,67.3505011117215,0.0,0.0,1.3734007669450086,0.0,0.0,0.0,0.0,0.0,5_6,1.0,-0.0,9999.0,0.0,78.69006752597937,0.0
lpJL9-mBNmk_00,149,6,5,67.3505011117215,0.0,0.0,1.4513674007765536,0.0,0.0,0.0,0.0,0.0,5_6,1.0,-0.0,9999.0,0.0,83.1572265873688,0.0
lpJL9-mBNmk_00,150,6,5,67.3505011117215,0.0,0.0,1.2793395323170191,0.0,0.0,0.0,0.0,0.0,5_6,1.0,-0.0,9999.0,0.0,73.30075576600578,0.0
lpJL9-mBNmk_00,151,6,5,67.3505011117215,0.0,0.0,1.2793395323170191,0.0,0.0,0.0,0.0,0.0,5_6,1.0,-0.0,9999.0,0.0,73.30075576600578,0.0
lpJL9-mBNmk_00,152,6,5,67.3505011117215,0.0,0.0,1.2793395323170191,0.0,0.0,0.0,0.0,0.0,5_6,1.0,-0.0,9999.0,0.0,73.30075576600578,0.0
lpJL9-mBNmk_00,153,6,5,67.29108410480544,-2.1112158270654975,2.1112158270654975,1.5707963267948966,2.1112158270654975,-0.30000000000001137,-0.5,-0.30000000000001137,0.5,5_6,1.0,0.059417006916064,1132.5222793511768,118.07248693585103,30.963756532074484,1.0
lpJL9-mBNmk_00,154,6,5,67.29108410480544,0.0,0.0,1.5707963267948966,2.1112158270654975,0.0,0.0,0.0,0.0,5_6,1.0,-0.0,9999.0,0.0,30.963756532074484,0.0
lpJL9-mBNmk_00,155,6,5,67.29108410480544,0.0,0.0,1.5707963267948966,1.5707963267948966,0.0,0.0,0.0,0.0,5_6,1.0,-0.0,9999.0,0.0,0.0,0.0
lpJL9-mBNmk_00,156,6,5,67.59067983087608,0.0,0.0,1.5707963267948966,1.0303768265242956,0.0,0.0,0.30000000000001137,0.0,5_6,1.0,-0.299595726070649,9999.0,0.0,30.963756532074484,0.30000000000001137
lpJL9-mBNmk_00,157,6,5,67.59067983087608,0.0,0.0,1.5707963267948966,1.0303768265242956,0.0,0.0,0.0,0.0,5_6,1.0,-0.0,9999.0,0.0,30.963756532074484,0.0
lpJL9-mBNmk_00,158,6,5,67.59067983087608,0.0,0.0,1.5707963267948966,1.0303768265242956,0.0,0.0,0.0,0.0,5_6,1.0,-0.0,9999.0,0.0,30.963756532074484,0.0
lpJL9-mBNmk_00,159,6,5,67.29108410480544,0.0,3.141592653589793,1.5707963267948966,2.1112158270654975,0.0,0.0,-0.30000000000001137,0.0,5_6,1.0,0.299595726070649,224.60628857214482,180.0,30.963756532074484,0.30000000000001137
lpJL9-mBNmk_00,160,6,5,67.6184146516317,0.0,-1.0303768265242956,1.5707963267948966,0.0,0.0,0.0,0.30000000000001137,-0.5,5_6,1.0,-0.3273305468262606,9999.0,59.036243467925516,90.0,0.5830951894845359
lpJL9-mBNmk_00,161,6,5,67.59067983087608,0.0,1.5707963267948966,1.5707963267948966,1.5707963267948966,0.0,0.0,0.0,0.5,5_6,1.0,0.027734820755611622,2437.0332307700373,90.0,0.0,0.5
lpJL9-mBNmk_00,162,6,5,67.6184146516317,0.0,-1.5707963267948966,1.5707963267948966,0.0,0.0,0.0,0.0,-0.5,5_6,1.0,-0.027734820755611622,9999.0,90.0,90.0,0.5
lpJL9-mBNmk_00,163,6,5,67.59067983087608,0.0,1.5707963267948966,3.141592653589793,1.5707963267948966,0.0,0.0,0.0,0.5,5_6,1.0,0.027734820755611622,2437.0332307700373,90.0,90.0,0.5
lpJL9-mBNmk_00,164,6,5,67.59067983087608,0.0,0.0,-2.1112158270654975,0.0,0.0,0.0,0.0,0.0,5_6,1.0,-0.0,9999.0,0.0,120.96375653207448,0.0
lpJL9-mBNmk_00,165,6,5,67.59067983087608,0.0,0.0,-2.1112158270654975,1.0303768265242956,0.0,0.0,0.0,0.0,5_6,1.0,-0.0,9999.0,0.0,180.0,0.0
lpJL9-mBNmk_00,166,6,5,67.59067983087608,0.0,0.0,0.0,1.5707963267948966,0.0,0.0,0.0,0.0,5_6,1.0,-0.0,9999.0,0.0,90.0,0.0
lpJL9-mBNmk_00,167,6,5,67.59067983087608,0.0,0.0,-2.1112158270654975,1.5707963267948966,0.0,0.0,0.0,0.0,5_6,1.0,-0.0,9999.0,0.0,149.03624346792552,0.0
lpJL9-mBNmk_00,168,6,5,67.3410164758448,0.0,0.0,-1.670464979286081,1.5707963267948966,0.25,0.0,0.0,0.0,5_6,1.0,0.2496633550312879,269.7272752238934,0.0,174.28940686249908,0.25
lpJL9-mBNmk_00,169,6,5,67.3688540796116,0.0,-1.5707963267948966,-1.670464979286081,0.0,0.0,0.0,0.0,-0.5,5_6,1.0,-0.027837603766798225,9999.0,90.0,95.71059313750094,0.5
lpJL9-mBNmk_00,170,6,5,67.86797845818012,0.0,0.0,-1.670464979286081,0.0,0.0,0.0,0.5,0.0,5_6,1.0,-0.4991243785685242,9999.0,0.0,95.71059313750094,0.5
lpJL9-mBNmk_00,171,6,5,67.86797845818012,0.0,0.0,-1.670464979286081,0.0,0.0,0.0,0.0,0.0,5_6,1.0,-0.0,9999.0,0.0,95.71059313750094,0.0
lpJL9-mBNmk_00,172,6,5,67.59994452660445,1.0303768265242956,0.0,0.0,0.0,0.30000000000001137,0.5,0.0,0.0,5_6,1.0,0.26803393157567257,252.20666700372345,59.036243467925516,0.0,0.5830951894845359
lpJL9-mBNmk_00,173,6,5,67.86797845818012,-2.1112158270654975,0.0,0.0,-0.5585993153435561,-0.30000000000001137,-0.5,0.0,0.0,5_6,1.0,-0.26803393157567257,9999.0,120.96375653207448,32.00538320808313,0.5830951894845359
lpJL9-mBNmk_00,174,6,5,67.89928202860469,1.5707963267948966,0.0,1.1071487177940904,-0.5585993153435561,0.0,0.5,0.0,0.0,5_6,1.0,-0.031303570424569216,9999.0,90.0,95.44033203100514,0.5
lpJL9-mBNmk_00,175,6,5,67.89928202860469,0.0,0.0,1.1071487177940904,-0.5585993153435561,0.0,0.0,0.0,0.0,5_6,1.0,-0.0,9999.0,0.0,95.44033203100514,0.0
lpJL9-mBNmk_00,176,6,5,67.81806543982213,-2.0344439357957027,3.141592653589793,0.0,-1.1902899496825512,-0.25,-0.5,-0.30000000000001137,0.0,5_6,1.0,0.08121658878255289,835.0272580568042,63.43494882292201,68.19859051364931,0.5024937810560456
lpJL9-mBNmk_00,177,6,5,68.11754546370561,0.0,0.0,0.0,-0.7853981633974483,0.0,0.0,0.30000000000001137,0.0,5_6,1.0,-0.2994800238834756,9999.0,0.0,45.0,0.30000000000001137
lpJL9-mBNmk_00,178,6,5,67.81806543982213,0.0,3.141592653589793,0.0,-1.1902899496825512,0.0,0.0,-0.30000000000001137,0.0,5_6,1.0,0.2994800238834756,226.4527181492726,180.0,68.19859051364931,0.30000000000001137
lpJL9-mBNmk_00,179,6,5,67.76815254970433,0.0,0.0,0.0,-0.7853981633974483,0.05000000000001137,0.0,0.0,0.0,5_6,1.0,0.04991289011780964,1357.7284823569787,0.0,45.0,0.05000000000001137
lpJL9-mBNmk_00,180,6,5,67.59067983087608,3.141592653589793,1.951302703907242,0.0,1.5707963267948966,-0.05000000000001137,0.0,-0.19999999999998863,0.5,5_6,1.0,0.17747271882824123,380.85109800053607,68.19859051364931,90.0,0.522015325445521
lpJL9-mBNmk_00,181,6,5,67.3688540796116,0.0,-1.5707963267948966,0.0,-1.5707963267948966,0.25,0.0,0.0,-0.5,5_6,1.0,0.22182575126448967,303.70168339601673,90.0,90.0,0.5590169943749475
lpJL9-mBNmk_00,182,6,5,67.5407469606311,0.0,1.1902899496825512,0.0,1.1902899496825512,0.0,0.0,0.19999999999998863,0.5,5_6,1.0,-0.1718928810195024,9999.0,68.19859051364931,68.19859051364931,0.5385164807134462
lpJL9-mBNmk_00,183,6,5,67.5407469606311,3.141592653589793,3.141592653589793,0.0,0.0,-0.19999999999998863,0.0,-0.19999999999998863,0.0,5_6,1.0,-0.0,9999.0,0.0,0.0,0.0
lpJL9-mBNmk_00,184,6,5,67.59994452660445,0.7853981633974483,-0.7853981633974483,0.7378150601204546,-0.7853981633974483,0.5,0.5,0.5,-0.5,5_6,1.0,-0.05919756597334924,9999.0,90.0,87.27368900609315,1.0
lpJL9-mBNmk_00,185,6,5,67.06938571360259,-1.5707963267948966,3.141592653589793,0.0,-1.5707963267948966,0.0,-0.5,-0.5,0.0,5_6,1.0,0.5305588130018606,126.4127257337018,90.00000000000001,90.0,0.7071067811865476
lpJL9-mBNmk_00,186,6,5,67.56850227731853,0.0,0.0,0.0,-0.7853981633974483,0.0,0.0,0.5,0.0,5_6,1.0,-0.49911656371594404,9999.0,0.0,45.0,0.5
lpJL9-mBNmk_00,187,6,5,67.56850227731853,0.0,0.0,0.0,-0.7853981633974483,0.0,0.0,0.0,0.0,5_6,1.0,-0.0,9999.0,0.0,45.0,0.0
lpJL9-mBNmk_00,188,6,5,67.56850227731853,0.0,0.0,0.0,-0.7853981633974483,0.0,0.0,0.0,0.0,5_6,1.0,-0.0,9999.0,0.0,45.0,0.0
lpJL9-mBNmk_00,189,6,5,67.56850227731853,0.0,0.0,0.0,0.0,0.0,0.0,0.0,0.0,5_6,1.0,-0.0,9999.0,0.0,0.0,0.0
lpJL9-mBNmk_00,190,6,5,68.01771827987173,3.141592653589793,0.0,0.0,0.0,-0.25,0.0,0.19999999999998863,0.0,5_6,1.0,-0.44921600255320016,9999.0,180.0,0.0,0.44999999999998863
lpJL9-mBNmk_00,191,6,5,67.56850227731853,0.0,3.141592653589793,0.0,0.0,0.25,0.0,-0.19999999999998863,0.0,5_6,1.0,0.44921600255320016,150.4142815333398,180.0,0.0,0.44999999999998863
lpJL9-mBNmk_00,192,6,5,67.56850227731853,0.0,0.0,-1.5707963267948966,0.0,0.0,0.0,0.0,0.0,5_6,1.0,-0.0,9999.0,0.0,90.0,0.0
lpJL9-mBNmk_00,193,6,5,67.56850227731853,0.0,0.0,0.0,0.0,0.0,0.0,0.0,0.0,5_6,1.0,-0.0,9999.0,0.0,0.0,0.0
lpJL9-mBNmk_00,194,6,5,68.01771827987173,3.141592653589793,0.0,-1.471127674303712,0.0,-0.25,0.0,0.19999999999998863,0.0,5_6,1.0,-0.44921600255320016,9999.0,180.0,84.28940686249906,0.44999999999998863
lpJL9-mBNmk_00,195,6,5,67.81806543982213,0.0,3.141592653589793,-1.471127674303712,0.0,0.0,0.0,-0.19999999999998863,0.0,5_6,1.0,0.19965284004959472,339.6799435609121,180.0,84.28940686249906,0.19999999999998863
lpJL9-mBNmk_00,196,6,5,68.06763180837129,3.141592653589793,0.0,0.0,0.0,-0.25,0.0,0.0,0.0,5_6,1.0,-0.2495663685491536,9999.0,180.0,0.0,0.25
lpJL9-mBNmk_00,197,6,5,67.6184146516317,0.0,0.0,0.0,0.0,0.44999999999998863,0.0,0.0,0.0,5_6,1.0,0.44921715673959284,150.52500474916073,0.0,0.0,0.44999999999998863
lpJL9-mBNmk_00,198,6,5,68.11754546370561,3.141592653589793,0.0,0.0,0.0,-0.5,0.0,0.0,0.0,5_6,1.0,-0.49913081207391485,9999.0,180.0,0.0,0.5
lpJL9-mBNmk_00,199,6,5,67.81806543982213,0.0,3.141592653589793,3.141592653589793,0.0,0.0,0.0,-0.30000000000001137,0.0,5_6,1.0,0.2994800238834756,226.4527181492726,180.0,180.0,0.30000000000001137
lpJL9-mBNmk_00,200,6,5,67.56850227731853,0.0,0.0,0.0,-1.1902899496825512,0.25,0.0,0.0,0.0,5_6,1.0,0.24956316250360544,270.74709904889255,0.0,68.19859051364931,0.25
lpJL9-mBNmk_00,201,6,5,67.81806543982213,3.141592653589793,0.0,3.141592653589793,0.0,-0.25,0.0,0.0,0.0,5_6,1.0,-0.24956316250360544,9999.0,180.0,180.0,0.25
lpJL9-mBNmk_00,202,6,5,67.81806543982213,0.0,0.0,3.141592653589793,-1.5707963267948966,0.0,0.0,0.0,0.0,5_6,1.0,-0.0,9999.0,0.0,90.00000000000001,0.0
lpJL9-mBNmk_00,203,6,5,67.56850227731853,0.0,0.0,0.0,-1.1902899496825512,0.25,0.0,0.0,0.0,5_6,1.0,0.24956316250360544,270.74709904889255,0.0,68.19859051364931,0.25
lpJL9-mBNmk_00,204,6,5,67.81806543982213,3.141592653589793,0.0,-2.4037775934693384,3.141592653589793,-0.25,0.0,0.0,0.0,5_6,1.0,-0.24956316250360544,9999.0,180.0,42.273689006093164,0.25
lpJL9-mBNmk_00,205,6,5,67.86797845818012,3.141592653589793,0.0,3.141592653589793,0.0,-0.05000000000001137,0.0,0.0,0.0,5_6,1.0,-0.049913018357983674,9999.0,180.0,180.0,0.05000000000001137
lpJL9-mBNmk_00,206,6,5,67.79041230144568,-1.471127674303712,0.0,-2.4037775934693384,3.141592653589793,0.05000000000001137,-0.5,0.0,0.0,5_6,1.0,0.07756615673443434,873.968946708831,84.28940686249906,42.273689006093164,0.5024937810560456
lpJL9-mBNmk_00,207,6,5,67.81806543982213,1.5707963267948966,0.0,3.141592653589793,3.141592653589793,0.0,0.5,0.0,0.0,5_6,1.0,-0.02765313837645067,9999.0,90.0,0.0,0.5
lpJL9-mBNmk_00,208,6,5,67.84034566539295,-1.670464979286081,0.0,-2.4468543773931084,3.141592653589793,-0.05000000000001137,-0.5,0.0,0.0,5_6,1.0,-0.02228022557081033,9999.0,95.71059313750094,39.805571092264124,0.5024937810560456
lpJL9-mBNmk_00,209,6,5,67.86797845818012,1.5707963267948966,0.0,3.141592653589793,3.141592653589793,0.0,0.5,0.0,0.0,5_6,1.0,-0.027632792787173344,9999.0,90.0,0.0,0.5
lpJL9-mBNmk_00,210,6,5,68.16745924559608,0.0,0.0,3.141592653589793,3.141592653589793,0.0,0.0,0.30000000000001137,0.0,5_6,1.0,-0.29948078741595907,9999.0,0.0,0.0,0.30000000000001137
lpJL9-mBNmk_00,211,6,5,68.16745924559608,0.0,0.0,3.141592653589793,0.0,0.0,0.0,0.0,0.0,5_6,1.0,-0.0,9999.0,0.0,180.0,0.0
lpJL9-mBNmk_00,212,6,5,68.11754546370561,0.0,0.0,3.141592653589793,0.0,0.05000000000001137,0.0,0.0,0.0,5_6,1.0,0.049913781890467135,1364.7041535178714,0.0,180.0,0.05000000000001137
lpJL9-mBNmk_00,213,6,5,67.81806543982213,0.0,3.141592653589793,3.141592653589793,3.141592653589793,0.0,0.0,-0.30000000000001137,0.0,5_6,1.0,0.2994800238834756,226.4527181492726,180.0,0.0,0.30000000000001137
lpJL9-mBNmk_00,214,6,5,67.81806543982213,0.0,0.0,3.141592653589793,3.141592653589793,0.0,0.0,0.0,0.0,5_6,1.0,-0.0,9999.0,0.0,0.0,0.0
lpJL9-mBNmk_00,215,6,5,67.84034566539295,-1.670464979286081,0.0,-2.1815222911841357,3.141592653589793,-0.05000000000001137,-0.5,0.0,0.0,5_6,1.0,-0.02228022557081033,9999.0,95.71059313750094,55.0079798014396,0.5024937810560456
lpJL9-mBNmk_00,216,6,5,67.46673254278731,-0.9600703624056575,0.0,-1.3258176636680323,3.141592653589793,0.35000000000002274,-0.5,0.0,0.0,5_6,1.0,0.37361312260563295,180.5791297486137,55.00797980143959,104.0362434679265,0.6103277807866982
lpJL9-mBNmk_00,217,6,5,67.7664371204507,0.0,0.0,-1.7681918866447663,0.0,0.0,0.0,0.30000000000001137,0.0,5_6,1.0,-0.2997045776633911,9999.0,0.0,101.30993247401959,0.30000000000001137
lpJL9-mBNmk_00,218,6,5,67.81638813738167,3.141592653589793,3.141592653589793,-1.6207547225168506,3.141592653589793,-0.35000000000002274,0.0,-0.30000000000001137,0.0,5_6,1.0,-0.0499510169309616,9999.0,0.0,87.13759477388761,0.05000000000001137
lpJL9-mBNmk_00,219,6,5,67.81638813738167,0.0,0.0,-1.6207547225168506,0.0,0.0,0.0,0.0,0.0,5_6,1.0,-0.0,9999.0,0.0,92.86240522611239,0.0
lpJL9-mBNmk_00,220,6,5,67.81638813738167,0.0,0.0,-1.862253121272774,0.0,0.0,0.0,0.0,0.0,5_6,1.0,-0.0,9999.0,0.0,106.69924423399421,0.0
lpJL9-mBNmk_00,221,6,5,67.81638813738167,0.0,0.0,-1.6207547225168506,0.0,0.0,0.0,0.0,0.0,5_6,1.0,-0.0,9999.0,0.0,92.86240522611239,0.0
lpJL9-mBNmk_00,222,6,5,67.26693095422146,0.0,3.141592653589793,-1.2793395323170191,3.141592653589793,0.35000000000002274,0.0,-0.19999999999998863,0.0,5_6,1.0,0.5494571831602002,122.42433626463131,180.0,106.69924423399422,0.5500000000000114
lpJL9-mBNmk_00,223,6,5,67.6165845040993,3.141592653589793,0.0,-1.862253121272774,3.141592653589793,-0.35000000000002274,0.0,0.0,0.0,5_6,1.0,-0.3496535498778286,9999.0,180.0,73.30075576600579,0.35000000000002274
lpJL9-mBNmk_00,224,6,5,67.6165845040993,0.0,0.0,-1.6207547225168506,3.141592653589793,0.0,0.0,0.0,0.0,5_6,1.0,-0.0,9999.0,0.0,87.13759477388761,0.0
lpJL9-mBNmk_00,225,6,5,67.6165845040993,0.0,0.0,-1.5707963267948966,3.141592653589793,0.0,0.0,0.0,0.0,5_6,1.0,-0.0,9999.0,0.0,90.00000000000001,0.0
lpJL9-mBNmk_00,226,6,5,67.84034566539295,1.5707963267948966,1.1902899496825512,1.670464979286081,1.5707963267948966,0.0,1.0,0.19999999999998863,0.5,5_6,1.0,-0.22376116129365187,9999.0,21.801409486350696,5.710593137500933,0.5385164807134462
lpJL9-mBNmk_00,227,6,5,67.89027912742738,0.0,0.0,3.141592653589793,1.471127674303712,0.0,0.0,0.05000000000001137,0.0,5_6,1.0,-0.049933462034431386,9999.0,0.0,95.71059313750094,0.05000000000001137
lpJL9-mBNmk_00,228,6,5,68.09001395212076,0.0,0.0,0.9600703624056575,0.6947382761966847,0.35000000000002274,0.0,0.5500000000000114,0.0,5_6,1.0,-0.19973482469337966,9999.0,0.0,15.202408709175455,0.19999999999998863
lpJL9-mBNmk_00,229,6,5,68.31720134783039,1.5707963267948966,0.0,0.9600703624056575,0.5585993153435561,0.0,0.5,0.19999999999998863,0.0,5_6,1.0,-0.22718739570963464,9999.0,90.0,23.002596593356458,0.5385164807134462
lpJL9-mBNmk_00,230,6,5,69.01523382558373,-1.7359450042095235,-0.7853981633974483,-1.471127674303712,0.0,-0.25,-1.5,0.5,-0.5,5_6,1.0,-0.698032477753344,9999.0,54.46232220802562,84.28940686249906,1.25
lpJL9-mBNmk_00,231,6,5,68.94999999999999,-1.5707963267948966,1.5707963267948966,-1.5374753309166418,0.7853981633974483,0.0,-2.0,0.0,1.0,5_6,1.0,0.06523382558374635,1056.9669858083496,180.0,133.09084756700318,3.0
lpJL9-mBNmk_00,232,6,5,69.00724599634447,1.6207547225168506,0.0,-1.5707963267948966,0.7853981633974483,-0.05000000000001137,1.0,0.0,0.0,5_6,1.0,-0.057245996344477135,9999.0,92.86240522611239,135.0,1.0012492197250398
lpJL9-mBNmk_00,233,6,5,68.77908475692301,1.5707963267948966,3.141592653589793,-1.5707963267948966,0.7610127542247244,0.0,1.0,-0.25,0.0,5_6,1.0,0.2281612394214534,301.449470257637,90.0,133.60281897270332,1.0307764064044151
lpJL9-mBNmk_00,234,6,5,68.27929774096977,0.0,3.141592653589793,-1.5707963267948966,1.067953115867027,0.0,0.0,-0.5,0.0,5_6,1.0,0.4997870159532454,136.61678987546415,180.0,151.18920625702646,0.5
lpJL9-mBNmk_00,235,6,5,68.04594036384536,1.5707963267948966,3.141592653589793,0.0,1.2793395323170191,0.0,0.5,-0.25,0.0,5_6,1.0,0.23335737712440618,291.5954113058491,90.0,73.30075576600578,0.5590169943749475
lpJL9-mBNmk_00,236,6,5,67.52962312940892,-1.5707963267948966,3.141592653589793,3.141592653589793,1.7681918866447663,0.0,-0.5,-0.5,0.0,5_6,1.0,0.5163172344364426,130.79095297509704,90.00000000000001,78.69006752598041,0.7071067811865476
lpJL9-mBNmk_00,237,6,5,67.77951386665443,0.0,0.0,3.141592653589793,1.8157749899217608,0.0,0.0,0.25,0.0,5_6,1.0,-0.24989073724550792,9999.0,0.0,75.96375653207352,0.25
lpJL9-mBNmk_00,238,6,5,67.52962312940892,0.0,3.141592653589793,0.0,1.7681918866447663,0.0,0.0,-0.25,0.0,5_6,1.0,0.24989073724550792,270.23659969862626,180.0,101.30993247401959,0.25
lpJL9-mBNmk_00,239,6,5,67.51666460956139,-1.5707963267948966,0.0,-1.471127674303712,1.7681918866447663,0.0,-0.5,0.0,0.0,5_6,1.0,0.012958519847529715,5210.214237734266,90.0,174.40066066348135,0.5
lpJL9-mBNmk_00,240,6,5,67.22975531712129,1.471127674303712,3.141592653589793,0.0,1.9936502529278277,0.05000000000001137,0.5,-0.25,0.0,5_6,1.0,0.2869092924401002,234.32407763912786,95.71059313750094,114.22774531795362,0.5830951894845359
lpJL9-mBNmk_00,241,6,5,67.22975531712129,0.0,0.0,0.0,1.9936502529278277,0.0,0.0,0.0,0.0,5_6,1.0,-0.0,9999.0,0.0,114.22774531795362,0.0
lpJL9-mBNmk_00,242,6,5,67.22975531712129,0.0,0.0,3.141592653589793,1.8157749899217608,0.0,0.0,0.0,0.0,5_6,1.0,-0.0,9999.0,0.0,75.96375653207352,0.0
lpJL9-mBNmk_00,243,6,5,67.22975531712129,0.0,0.0,0.0,1.8157749899217608,0.0,0.0,0.0,0.0,5_6,1.0,-0.0,9999.0,0.0,104.03624346792648,0.0
lpJL9-mBNmk_00,244,6,5,67.22975531712129,0.0,0.0,0.0,1.8157749899217608,0.0,0.0,0.0,0.0,5_6,1.0,-0.0,9999.0,0.0,104.03624346792648,0.0
lpJL9-mBNmk_00,245,6,5,67.22975531712129,0.0,0.0,0.0,1.8157749899217608,0.0,0.0,0.0,0.0,5_6,1.0,-0.0,9999.0,0.0,104.03624346792648,0.0
lpJL9-mBNmk_00,246,6,5,67.29645235820385,1.670464979286081,0.0,-1.471127674303712,2.3036114285813905,-0.05000000000001137,0.5,0.0,0.0,5_6,1.0,-0.06669704108256269,9999.0,95.71059313750094,143.723380641685,0.5024937810560456
lpJL9-mBNmk_00,247,6,5,67.54628043053148,0.0,0.0,-1.471127674303712,2.0344439357957027,0.0,0.0,0.25,0.0,5_6,1.0,-0.24982807232763093,9999.0,0.0,159.14554196042295,0.25
lpJL9-mBNmk_00,248,6,5,67.49631471421235,0.0,0.0,-2.0344439357957027,2.582993338246237,0.05000000000001137,0.0,0.0,0.0,5_6,1.0,0.04996571631913582,1350.8525382305522,0.0,95.44033203100514,0.05000000000001137
lpJL9-mBNmk_00,249,6,5,67.47964507909032,-1.5707963267948966,0.0,-1.7359450042095235,2.677945044588987,0.0,-0.5,0.0,0.0,5_6,1.0,0.016669635122028126,4048.0577160275807,90.0,107.10272896905238,0.5
lpJL9-mBNmk_00,250,6,5,67.5407469606311,1.5707963267948966,-1.5707963267948966,1.5707963267948966,2.819842099193151,0.0,1.0,0.0,-0.5,5_6,1.0,-0.06110188154077889,9999.0,180.0,71.56505117707799,1.5
lpJL9-mBNmk_00,251,6,5,67.56850227731853,0.0,-1.5707963267948966,1.5707963267948966,-2.5535900500422253,0.0,0.0,0.0,-0.5,5_6,1.0,-0.027755316687432696,9999.0,90.0,123.6900675259798,0.5
lpJL9-mBNmk_00,252,6,5,68.88896863794668,3.141592653589793,0.46364760900080615,1.7196862744043995,-2.356194490192345,-0.35000000000002274,0.0,1.0,0.5,5_6,1.0,-1.3204663606281457,9999.0,153.434948822922,126.46923439005151,1.439618004888818
lpJL9-mBNmk_00,253,6,5,67.84034566539295,0.0,3.141592653589793,1.8157749899217608,-2.761086276477428,0.05000000000001137,0.0,-1.0,0.0,5_6,1.0,1.04862297255373,64.69469718003617,180.0,97.76516601842535,1.0500000000000114
lpJL9-mBNmk_00,254,6,5,67.84034566539295,0.0,0.0,1.8157749899217608,-2.5535900500422253,0.0,0.0,0.0,0.0,5_6,1.0,-0.0,9999.0,0.0,109.65382405805333,0.0
lpJL9-mBNmk_00,255,6,5,68.88896863794668,3.141592653589793,0.0,2.1112158270654975,-0.7853981633974483,-0.05000000000001137,0.0,1.0,0.0,5_6,1.0,-1.04862297255373,9999.0,180.0,165.96375653207448,1.0500000000000114
lpJL9-mBNmk_00,256,6,5,68.06763180837129,3.141592653589793,-2.677945044588987,1.9936502529278277,-1.5707963267948966,-0.14999999999997726,0.0,-1.0,-0.5,5_6,1.0,0.8213368295753867,82.87419893682447,26.565051177078008,155.77225468204637,0.9861541461658206
lpJL9-mBNmk_00,257,6,5,68.06763180837129,0.0,0.0,1.9936502529278277,-1.8157749899217608,0.0,0.0,0.0,0.0,5_6,1.0,-0.0,9999.0,0.0,141.7360112141199,0.0
lpJL9-mBNmk_00,258,6,5,68.06763180837129,0.0,0.0,1.9936502529278277,-1.5707963267948966,0.0,0.0,0.0,0.0,5_6,1.0,-0.0,9999.0,0.0,155.77225468204637,0.0
lpJL9-mBNmk_00,259,6,5,68.25732561417858,-1.6704649792860624,0.0,-2.0344439357957027,-1.5707963267948966,-0.30000000000001137,-3.0,0.0,0.0,5_6,1.0,-0.18969380580729478,9999.0,95.71059313749986,26.565051177077994,3.0149626863362684
lpJL9-mBNmk_00,260,6,5,68.26648152644165,1.5707963267948966,0.0,-2.060753653048631,-1.3258176636680323,0.0,0.5,0.0,0.0,5_6,1.0,-0.009155912263068444,9999.0,90.0,42.108730403779774,0.5
lpJL9-mBNmk_00,261,6,5,68.06763180837129,1.4513674007765536,0.0,2.0344439357957027,-1.3258176636680323,0.30000000000001137,2.5,0.0,0.0,5_6,1.0,0.19884971807036322,342.30690628530573,83.1572265873688,167.47119229084848,2.5179356624028357
lpJL9-mBNmk_00,262,6,5,68.06763180837129,0.0,0.0,2.0344439357957027,-1.3258176636680323,0.0,0.0,0.0,0.0,5_6,1.0,-0.0,9999.0,0.0,167.47119229084848,0.0
lpJL9-mBNmk_00,263,6,5,68.04008009989406,-1.5707963267948966,0.0,2.356194490192345,-1.3258176636680323,0.0,-0.5,0.0,0.0,5_6,1.0,0.027551708477233205,2469.5412321205995,90.0,149.03624346792648,0.5
lpJL9-mBNmk_00,264,6,5,68.06763180837129,1.5707963267948966,0.0,2.0344439357957027,-1.3258176636680323,0.0,0.5,0.0,0.0,5_6,1.0,-0.027551708477233205,9999.0,90.0,167.47119229084848,0.5
lpJL9-mBNmk_00,265,6,5,68.06763180837129,0.0,0.0,2.0344439357957027,-1.3258176636680323,0.0,0.0,0.0,0.0,5_6,1.0,-0.0,9999.0,0.0,167.47119229084848,0.0
lpJL9-mBNmk_00,266,6,5,67.81806543982213,0.0,3.141592653589793,2.3036114285813905,-1.5707963267948966,0.0,0.0,-0.25,0.0,5_6,1.0,0.2495663685491536,271.7436080593726,180.0,138.0127875041841,0.25
lpJL9-mBNmk_00,267,6,5,68.06763180837129,0.0,0.0,2.3036114285813905,-1.5707963267948966,0.0,0.0,0.25,0.0,5_6,1.0,-0.2495663685491536,9999.0,0.0,138.0127875041841,0.25
lpJL9-mBNmk_00,268,6,5,68.06763180837129,0.0,0.0,2.356194490192345,-1.5707963267948966,0.0,0.0,0.0,0.0,5_6,1.0,-0.0,9999.0,0.0,135.0,0.0
lpJL9-mBNmk_00,269,6,5,68.06763180837129,0.0,0.0,2.0344439357957027,-1.5707963267948966,0.0,0.0,0.0,0.0,5_6,1.0,-0.0,9999.0,0.0,153.434948822922,0.0
lpJL9-mBNmk_00,270,6,5,68.06763180837129,0.0,0.0,3.141592653589793,-1.5707963267948966,0.0,0.0,0.0,0.0,5_6,1.0,-0.0,9999.0,0.0,90.00000000000001,0.0
lpJL9-mBNmk_00,271,6,5,68.06763180837129,0.0,0.0,3.141592653589793,0.0,0.0,0.0,0.0,0.0,5_6,1.0,-0.0,9999.0,0.0,180.0,0.0
lpJL9-mBNmk_00,272,6,5,67.84034566539295,0.0,1.5707963267948966,0.0,3.141592653589793,0.19999999999998863,0.0,0.0,0.5,5_6,1.0,0.22728614297834326,298.4799019263442,90.0,180.0,0.5385164807134462
lpJL9-mBNmk_00,273,6,5,67.84034566539295,0.0,0.0,0.0,0.0,0.0,0.0,0.0,0.0,5_6,1.0,-0.0,9999.0,0.0,0.0,0.0
lpJL9-mBNmk_00,274,6,5,68.09001395212076,3.141592653589793,0.0,3.141592653589793,0.0,-0.25,0.0,0.0,0.0,5_6,1.0,-0.24966828672781105,9999.0,180.0,180.0,0.25
lpJL9-mBNmk_00,275,6,5,67.84034566539295,0.0,0.0,0.0,3.141592653589793,0.25,0.0,0.0,0.0,5_6,1.0,0.24966828672781105,271.72191772739103,0.0,180.0,0.25
lpJL9-mBNmk_00,276,6,5,68.1399479013596,3.141592653589793,0.0,3.141592653589793,1.5707963267948966,-0.30000000000001137,0.0,0.0,0.0,5_6,1.0,-0.2996022359666597,9999.0,180.0,90.0,0.30000000000001137
lpJL9-mBNmk_00,277,6,5,67.84034566539295,0.0,0.0,0.0,1.5707963267948966,0.30000000000001137,0.0,0.0,0.0,5_6,1.0,0.2996022359666597,226.43471083087093,0.0,90.0,0.30000000000001137
lpJL9-mBNmk_00,278,6,5,68.09001395212076,3.141592653589793,0.0,3.141592653589793,1.5707963267948966,-0.25,0.0,0.0,0.0,5_6,1.0,-0.24966828672781105,9999.0,180.0,90.0,0.25
lpJL9-mBNmk_00,279,6,5,68.11754546370561,0.0,-1.5707963267948966,1.4876550949064553,0.0,0.0,0.0,0.0,-0.5,5_6,1.0,-0.02753151158485423,9999.0,90.0,85.23635830927383,0.5
lpJL9-mBNmk_00,280,6,5,68.09001395212076,0.0,1.5707963267948966,1.4711276743037345,1.5707963267948966,0.0,0.0,0.0,0.5,5_6,1.0,0.02753151158485423,2473.1665656010973,90.0,5.7105931374996475,0.5
lpJL9-mBNmk_00,281,6,5,68.11754546370561,0.0,-1.5707963267948966,3.141592653589793,0.0,0.0,0.0,0.0,-0.5,5_6,1.0,-0.02753151158485423,9999.0,90.0,180.0,0.5
lpJL9-mBNmk_00,282,6,5,68.16745924559608,3.141592653589793,0.0,3.141592653589793,0.0,-0.05000000000001137,0.0,0.0,0.0,5_6,1.0,-0.049913781890467135,9999.0,180.0,180.0,0.05000000000001137
lpJL9-mBNmk_00,283,6,5,68.16745924559608,0.0,0.0,1.768191886644821,0.0,0.0,0.0,0.0,0.0,5_6,1.0,-0.0,9999.0,0.0,101.30993247402272,0.0
lpJL9-mBNmk_00,284,6,5,68.16745924559608,0.0,0.0,3.141592653589793,0.0,0.0,0.0,0.0,0.0,5_6,1.0,-0.0,9999.0,0.0,180.0,0.0
lpJL9-mBNmk_00,285,6,5,68.16745924559608,0.0,0.0,3.141592653589793,0.0,0.0,0.0,0.0,0.0,5_6,1.0,-0.0,9999.0,0.0,180.0,0.0
lpJL9-mBNmk_00,286,6,5,67.59067983087608,0.0,1.5707963267948966,0.0,1.1071487177940904,0.5500000000000114,0.0,0.0,0.5,5_6,1.0,0.5767794147199936,117.18635947451247,90.0,63.43494882292201,0.7433034373659336
lpJL9-mBNmk_00,287,6,5,67.59067983087608,0.0,0.0,0.0,1.5707963267948966,0.0,0.0,0.0,0.0,5_6,1.0,-0.0,9999.0,0.0,90.0,0.0
lpJL9-mBNmk_00,288,6,5,67.59067983087608,0.0,0.0,0.0,1.5707963267948966,0.0,0.0,0.0,0.0,5_6,1.0,-0.0,9999.0,0.0,90.0,0.0
lpJL9-mBNmk_00,289,6,5,67.6184146516317,0.0,-1.5707963267948966,0.0,0.0,0.0,0.0,0.0,-0.5,5_6,1.0,-0.027734820755611622,9999.0,90.0,0.0,0.5
lpJL9-mBNmk_00,290,6,5,67.6683271553243,3.141592653589793,0.0,0.0,0.0,-0.05000000000001137,0.0,0.0,0.0,5_6,1.0,-0.049912503692610244,9999.0,180.0,0.0,0.05000000000001137
lpJL9-mBNmk_00,291,6,5,67.59067983087608,0.0,1.5707963267948966,0.0,1.5707963267948966,0.05000000000001137,0.0,0.0,0.5,5_6,1.0,0.07764732444822187,870.4830502685005,90.0,90.0,0.5024937810560456
lpJL9-mBNmk_00,292,6,5,67.6683271553243,3.141592653589793,-1.5707963267948966,0.0,-1.5707963267948966,-0.05000000000001137,0.0,0.0,-0.5,5_6,1.0,-0.07764732444822187,9999.0,90.00000000000001,90.0,0.5024937810560456
lpJL9-mBNmk_00,293,6,5,67.6683271553243,0.0,0.0,0.0,-1.5707963267948966,0.0,0.0,0.0,0.0,5_6,1.0,-0.0,9999.0,0.0,90.0,0.0
lpJL9-mBNmk_00,294,6,5,67.59067983087608,0.0,1.5707963267948966,0.0,0.0,0.05000000000001137,0.0,0.0,0.5,5_6,1.0,0.07764732444822187,870.4830502685005,90.0,0.0,0.5024937810560456
lpJL9-mBNmk_00,295,6,5,67.6184146516317,0.0,-1.5707963267948966,0.0,-1.5707963267948966,0.0,0.0,0.0,-0.5,5_6,1.0,-0.027734820755611622,9999.0,90.0,90.0,0.5
lpJL9-mBNmk_00,296,6,5,67.6184146516317,0.0,0.0,0.0,-1.5707963267948966,0.0,0.0,0.0,0.0,5_6,1.0,-0.0,9999.0,0.0,90.0,0.0
lpJL9-mBNmk_00,297,6,5,67.6184146516317,0.0,0.0,0.0,-1.5707963267948966,0.0,0.0,0.0,0.0,5_6,1.0,-0.0,9999.0,0.0,90.0,0.0
lpJL9-mBNmk_00,298,6,5,67.59067983087608,0.0,1.5707963267948966,0.0,0.0,0.0,0.0,0.0,0.5,5_6,1.0,0.027734820755611622,2437.0332307700373,90.0,0.0,0.5
lpJL9-mBNmk_00,299,6,5,67.59067983087608,0.0,0.0,0.0,1.5707963267948966,0.0,0.0,0.0,0.0,5_6,1.0,-0.0,9999.0,0.0,90.0,0.0
lpJL9-mBNmk_00,300,6,5,67.6184146516317,0.0,-1.5707963267948966,0.0,-1.5707963267948966,0.0,0.0,0.0,-0.5,5_6,1.0,-0.027734820755611622,9999.0,90.0,90.0,0.5
lpJL9-mBNmk_00,301,6,5,67.6184146516317,0.0,0.0,0.0,0.0,0.0,0.0,0.0,0.0,5_6,1.0,-0.0,9999.0,0.0,0.0,0.0
lpJL9-mBNmk_00,302,6,5,67.6683271553243,3.141592653589793,0.0,0.0,0.0,-0.05000000000001137,0.0,0.0,0.0,5_6,1.0,-0.049912503692610244,9999.0,180.0,0.0,0.05000000000001137
lpJL9-mBNmk_00,303,6,5,67.6683271553243,0.0,0.0,0.0,0.0,0.0,0.0,0.0,0.0,5_6,1.0,-0.0,9999.0,0.0,0.0,0.0
lpJL9-mBNmk_00,304,6,5,67.6683271553243,0.0,0.0,0.0,0.0,0.0,0.0,0.0,0.0,5_6,1.0,-0.0,9999.0,0.0,0.0,0.0
lpJL9-mBNmk_00,305,6,5,67.6184146516317,0.0,0.0,0.0,0.0,0.05000000000001137,0.0,0.0,0.0,5_6,1.0,0.049912503692610244,1354.7389862080367,0.0,0.0,0.05000000000001137
lpJL9-mBNmk_00,306,6,5,67.6184146516317,0.0,0.0,0.0,-1.5707963267948966,0.0,0.0,0.0,0.0,5_6,1.0,-0.0,9999.0,0.0,90.0,0.0
lpJL9-mBNmk_00,307,6,5,67.6184146516317,0.0,0.0,0.0,-1.5707963267948966,0.0,0.0,0.0,0.0,5_6,1.0,-0.0,9999.0,0.0,90.0,0.0
lpJL9-mBNmk_00,308,6,5,67.6184146516317,0.0,0.0,0.0,-1.5707963267948966,0.0,0.0,0.0,0.0,5_6,1.0,-0.0,9999.0,0.0,90.0,0.0
lpJL9-mBNmk_00,309,6,5,67.6683271553243,3.141592653589793,0.0,3.141592653589793,0.0,-0.05000000000001137,0.0,0.0,0.0,5_6,1.0,-0.049912503692610244,9999.0,180.0,180.0,0.05000000000001137
lpJL9-mBNmk_00,310,6,5,67.6683271553243,0.0,0.0,0.0,0.0,0.0,0.0,0.0,0.0,5_6,1.0,-0.0,9999.0,0.0,0.0,0.0
lpJL9-mBNmk_00,311,6,5,67.6683271553243,0.0,0.0,3.141592653589793,-1.5707963267948966,0.0,0.0,0.0,0.0,5_6,1.0,-0.0,9999.0,0.0,90.00000000000001,0.0
lpJL9-mBNmk_00,312,6,5,67.6683271553243,0.0,0.0,0.0,0.0,0.0,0.0,0.0,0.0,5_6,1.0,-0.0,9999.0,0.0,0.0,0.0
lpJL9-mBNmk_00,313,6,5,67.6184146516317,0.0,0.0,0.0,0.0,0.05000000000001137,0.0,0.0,0.0,5_6,1.0,0.049912503692610244,1354.7389862080367,0.0,0.0,0.05000000000001137
lpJL9-mBNmk_00,314,6,5,67.6683271553243,3.141592653589793,0.0,3.141592653589793,-1.5707963267948966,-0.05000000000001137,0.0,0.0,0.0,5_6,1.0,-0.049912503692610244,9999.0,180.0,90.00000000000001,0.05000000000001137
lpJL9-mBNmk_00,315,6,5,67.6683271553243,0.0,0.0,3.141592653589793,0.0,0.0,0.0,0.0,0.0,5_6,1.0,-0.0,9999.0,0.0,180.0,0.0
lpJL9-mBNmk_00,316,6,5,67.6683271553243,0.0,0.0,3.141592653589793,0.0,0.0,0.0,0.0,0.0,5_6,1.0,-0.0,9999.0,0.0,180.0,0.0
lpJL9-mBNmk_00,317,6,5,67.6683271553243,0.0,0.0,3.141592653589793,0.0,0.0,0.0,0.0,0.0,5_6,1.0,-0.0,9999.0,0.0,180.0,0.0
lpJL9-mBNmk_00,318,6,5,67.6683271553243,0.0,0.0,3.141592653589793,-1.5707963267948966,0.0,0.0,0.0,0.0,5_6,1.0,-0.0,9999.0,0.0,90.00000000000001,0.0
lpJL9-mBNmk_00,319,6,5,67.6683271553243,0.0,0.0,3.141592653589793,-1.5707963267948966,0.0,0.0,0.0,0.0,5_6,1.0,-0.0,9999.0,0.0,90.00000000000001,0.0
lpJL9-mBNmk_00,320,6,5,67.6184146516317,0.0,0.0,0.0,0.0,0.05000000000001137,0.0,0.0,0.0,5_6,1.0,0.049912503692610244,1354.7389862080367,0.0,0.0,0.05000000000001137
lpJL9-mBNmk_00,321,6,5,67.6683271553243,3.141592653589793,0.0,3.141592653589793,0.0,-0.05000000000001137,0.0,0.0,0.0,5_6,1.0,-0.049912503692610244,9999.0,180.0,180.0,0.05000000000001137
lpJL9-mBNmk_00,322,6,5,67.6683271553243,0.0,0.0,0.0,0.0,0.0,0.0,0.0,0.0,5_6,1.0,-0.0,9999.0,0.0,0.0,0.0
lpJL9-mBNmk_00,323,6,5,67.6683271553243,0.0,0.0,0.0,0.0,0.0,0.0,0.0,0.0,5_6,1.0,-0.0,9999.0,0.0,0.0,0.0
lpJL9-mBNmk_00,324,6,5,67.31894235651656,0.0,3.141592653589793,0.0,3.141592653589793,0.05000000000001137,0.0,-0.30000000000001137,0.0,5_6,1.0,0.34938479880774764,192.6785097297821,180.0,180.0,0.35000000000002274
lpJL9-mBNmk_00,325,6,5,67.6184146516317,0.0,0.0,0.0,0.0,0.0,0.0,0.30000000000001137,0.0,5_6,1.0,-0.2994722951151374,9999.0,0.0,0.0,0.30000000000001137
lpJL9-mBNmk_00,326,6,5,67.6683271553243,3.141592653589793,0.0,3.141592653589793,0.0,-0.05000000000001137,0.0,0.0,0.0,5_6,1.0,-0.049912503692610244,9999.0,180.0,180.0,0.05000000000001137
lpJL9-mBNmk_00,327,6,5,67.6184146516317,0.0,0.0,0.0,0.0,0.05000000000001137,0.0,0.0,0.0,5_6,1.0,0.049912503692610244,1354.7389862080367,0.0,0.0,0.05000000000001137
lpJL9-mBNmk_00,328,6,5,67.6184146516317,0.0,0.0,0.0,0.0,0.0,0.0,0.0,0.0,5_6,1.0,-0.0,9999.0,0.0,0.0,0.0
lpJL9-mBNmk_00,329,6,5,67.6184146516317,0.0,0.0,0.0,0.0,0.0,0.0,0.0,0.0,5_6,1.0,-0.0,9999.0,0.0,0.0,0.0
lpJL9-mBNmk_00,330,6,5,67.6184146516317,0.0,0.0,0.0,0.0,0.0,0.0,0.0,0.0,5_6,1.0,-0.0,9999.0,0.0,0.0,0.0
lpJL9-mBNmk_00,331,6,5,67.6184146516317,0.0,0.0,0.0,0.0,0.0,0.0,0.0,0.0,5_6,1.0,-0.0,9999.0,0.0,0.0,0.0
lpJL9-mBNmk_00,332,6,5,67.6184146516317,0.0,0.0,0.0,0.0,0.0,0.0,0.0,0.0,5_6,1.0,-0.0,9999.0,0.0,0.0,0.0
lpJL9-mBNmk_00,333,6,5,67.6184146516317,0.0,0.0,0.0,0.0,0.0,0.0,0.0,0.0,5_6,1.0,-0.0,9999.0,0.0,0.0,0.0
lpJL9-mBNmk_00,334,6,5,67.56850227731853,0.0,0.0,0.0,0.0,0.05000000000001137,0.0,0.0,0.0,5_6,1.0,0.0499123743131662,1353.7424978698095,0.0,0.0,0.05000000000001137
lpJL9-mBNmk_00,335,6,5,67.56850227731853,0.0,0.0,0.0,0.0,0.0,0.0,0.0,0.0,5_6,1.0,-0.0,9999.0,0.0,0.0,0.0
lpJL9-mBNmk_00,336,6,5,67.29108410480544,0.0,1.5707963267948966,0.0,1.5707963267948966,0.25,0.0,0.0,0.5,5_6,1.0,0.2774181725130944,242.56191833153693,90.0,90.0,0.5590169943749475
lpJL9-mBNmk_00,337,6,5,67.29108410480544,0.0,0.0,0.0,1.5707963267948966,0.0,0.0,0.0,0.0,5_6,1.0,-0.0,9999.0,0.0,90.0,0.0
lpJL9-mBNmk_00,338,6,5,67.14128759563673,0.0,0.0,0.0,1.5707963267948966,0.14999999999997726,0.0,0.0,0.0,5_6,1.0,0.14979650916870924,448.21663714485123,0.0,90.0,0.14999999999997726
lpJL9-mBNmk_00,339,6,5,67.29108410480544,3.141592653589793,0.0,0.0,1.5707963267948966,-0.14999999999997726,0.0,0.0,0.0,5_6,1.0,-0.14979650916870924,9999.0,180.0,90.0,0.14999999999997726
lpJL9-mBNmk_00,340,6,5,67.29108410480544,0.0,0.0,0.0,1.5707963267948966,0.0,0.0,0.0,0.0,5_6,1.0,-0.0,9999.0,0.0,90.0,0.0
lpJL9-mBNmk_00,341,6,5,67.29108410480544,0.0,0.0,0.0,1.5707963267948966,0.0,0.0,0.0,0.0,5_6,1.0,-0.0,9999.0,0.0,90.0,0.0
lpJL9-mBNmk_00,342,6,5,67.29108410480544,0.0,0.0,0.0,1.5707963267948966,0.0,0.0,0.0,0.0,5_6,1.0,-0.0,9999.0,0.0,90.0,0.0
lpJL9-mBNmk_00,343,6,5,67.29108410480544,0.0,0.0,0.0,1.5707963267948966,0.0,0.0,0.0,0.0,5_6,1.0,-0.0,9999.0,0.0,90.0,0.0
lpJL9-mBNmk_00,344,6,5,67.29108410480544,0.0,0.0,0.0,1.0303768265242956,0.0,0.0,0.0,0.0,5_6,1.0,-0.0,9999.0,0.0,59.036243467925516,0.0
lpJL9-mBNmk_00,345,6,5,67.29108410480544,0.0,0.0,0.0,1.5707963267948966,0.0,0.0,0.0,0.0,5_6,1.0,-0.0,9999.0,0.0,90.0,0.0
lpJL9-mBNmk_00,346,6,5,67.3410164758448,3.141592653589793,0.0,0.0,1.5707963267948966,-0.05000000000001137,0.0,0.0,0.0,5_6,1.0,-0.0499323710393611,9999.0,180.0,90.0,0.05000000000001137
lpJL9-mBNmk_00,347,6,5,67.3410164758448,0.0,0.0,0.0,1.5707963267948966,0.0,0.0,0.0,0.0,5_6,1.0,-0.0,9999.0,0.0,90.0,0.0
lpJL9-mBNmk_00,348,6,5,67.3410164758448,0.0,0.0,0.0,1.5707963267948966,0.0,0.0,0.0,0.0,5_6,1.0,-0.0,9999.0,0.0,90.0,0.0
lpJL9-mBNmk_00,349,6,5,67.3410164758448,0.0,0.0,0.0,1.5707963267948966,0.0,0.0,0.0,0.0,5_6,1.0,-0.0,9999.0,0.0,90.0,0.0
lpJL9-mBNmk_00,350,6,5,67.84034566539295,3.141592653589793,0.0,3.141592653589793,1.1902899496825512,-0.30000000000001137,0.0,0.19999999999998863,0.0,5_6,1.0,-0.4993291895481491,9999.0,180.0,111.80140948635069,0.5
lpJL9-mBNmk_00,351,6,5,67.5407469606311,0.0,0.0,0.0,1.1902899496825512,0.30000000000001137,0.0,0.0,0.0,5_6,1.0,0.29959870476184847,225.43737969200953,0.0,68.19859051364931,0.30000000000001137
lpJL9-mBNmk_00,352,6,5,67.49081418978434,0.0,0.0,0.0,1.1902899496825512,0.05000000000001137,0.0,0.0,0.0,5_6,1.0,0.04993277084675185,1351.6336675350883,0.0,68.19859051364931,0.05000000000001137
lpJL9-mBNmk_00,353,6,5,67.84034566539295,3.141592653589793,0.0,3.141592653589793,1.1902899496825512,-0.35000000000002274,0.0,0.0,0.0,5_6,1.0,-0.3495314756086003,9999.0,180.0,111.80140948635069,0.35000000000002274
lpJL9-mBNmk_00,354,6,5,68.26595051707694,0.0,0.5585993153435561,0.0,0.7853981633974483,0.35000000000002274,0.0,0.8000000000000114,0.5,5_6,1.0,-0.42560485168399964,9999.0,32.00538320808313,45.0,0.6726812023536779
lpJL9-mBNmk_00,355,6,5,68.31590224830526,3.141592653589793,0.0,0.0,0.7853981633974483,-0.05000000000001137,0.0,0.0,0.0,5_6,1.0,-0.04995173122831886,9999.0,180.0,45.0,0.05000000000001137
lpJL9-mBNmk_00,356,6,5,68.33968466418322,0.0,-1.5707963267948966,3.141592653589793,0.0,0.0,0.0,0.0,-0.5,5_6,1.0,-0.02378241587796026,9999.0,90.0,180.0,0.5
lpJL9-mBNmk_00,357,6,5,68.26595051707694,0.0,1.5707963267948966,0.0,0.46364760900080615,0.05000000000001137,0.0,0.0,0.5,5_6,1.0,0.07373414710627912,925.8390202666831,90.0,26.565051177077994,0.5024937810560456
lpJL9-mBNmk_00,358,6,5,68.31590224830526,3.141592653589793,0.0,3.141592653589793,0.46364760900080615,-0.05000000000001137,0.0,0.0,0.0,5_6,1.0,-0.04995173122831886,9999.0,180.0,153.434948822922,0.05000000000001137
lpJL9-mBNmk_00,359,6,5,67.81638813738167,0.0,3.141592653589793,3.141592653589793,0.7853981633974483,0.0,0.0,-0.5,0.0,5_6,1.0,0.49951411092359876,135.76470945333165,180.0,135.0,0.5
lpJL9-mBNmk_00,360,6,5,67.56663377733125,3.141592653589793,3.141592653589793,3.141592653589793,1.5707963267948966,-0.25,0.0,-0.5,0.0,5_6,1.0,0.2497543600504173,270.5323493199147,0.0,90.0,0.25
lpJL9-mBNmk_00,361,6,5,67.56663377733125,0.0,0.0,3.141592653589793,1.5707963267948966,0.0,0.0,0.0,0.0,5_6,1.0,-0.0,9999.0,0.0,90.0,0.0
lpJL9-mBNmk_00,362,6,5,67.56663377733125,0.0,0.0,3.141592653589793,1.5707963267948966,0.0,0.0,0.0,0.0,5_6,1.0,-0.0,9999.0,0.0,90.0,0.0
lpJL9-mBNmk_00,363,6,5,67.56663377733125,0.0,0.0,3.141592653589793,1.5707963267948966,0.0,0.0,0.0,0.0,5_6,1.0,-0.0,9999.0,0.0,90.0,0.0
lpJL9-mBNmk_00,364,6,5,67.56663377733125,0.0,0.0,3.141592653589793,1.5707963267948966,0.0,0.0,0.0,0.0,5_6,1.0,-0.0,9999.0,0.0,90.0,0.0
lpJL9-mBNmk_00,365,6,5,67.56663377733125,0.0,0.0,3.141592653589793,1.5707963267948966,0.0,0.0,0.0,0.0,5_6,1.0,-0.0,9999.0,0.0,90.0,0.0
lpJL9-mBNmk_00,366,6,5,67.56663377733125,0.0,0.0,3.141592653589793,1.5707963267948966,0.0,0.0,0.0,0.0,5_6,1.0,-0.0,9999.0,0.0,90.0,0.0
lpJL9-mBNmk_00,367,6,5,67.51668312350658,0.0,0.0,0.0,1.1071487177940904,0.30000000000001137,0.0,0.25,0.0,5_6,1.0,0.04995065382466635,1351.6676550521122,0.0,63.43494882292201,0.05000000000001137
lpJL9-mBNmk_00,368,6,5,67.51668312350658,0.0,0.0,0.0,1.1071487177940904,0.0,0.0,0.0,0.0,5_6,1.0,-0.0,9999.0,0.0,63.43494882292201,0.0
lpJL9-mBNmk_00,369,6,5,67.51668312350658,0.0,0.0,0.0,1.1071487177940904,0.0,0.0,0.0,0.0,5_6,1.0,-0.0,9999.0,0.0,63.43494882292201,0.0
lpJL9-mBNmk_00,370,6,5,67.51668312350658,0.0,0.0,0.0,1.471127674303712,0.0,0.0,0.0,0.0,5_6,1.0,-0.0,9999.0,0.0,84.28940686249906,0.0
lpJL9-mBNmk_00,371,6,5,67.51668312350658,0.0,0.0,0.0,1.471127674303712,0.0,0.0,0.0,0.0,5_6,1.0,-0.0,9999.0,0.0,84.28940686249906,0.0
lpJL9-mBNmk_00,372,6,5,67.86633922645306,3.141592653589793,0.0,3.141592653589793,1.471127674303712,-0.35000000000002274,0.0,0.0,0.0,5_6,1.0,-0.34965610294648286,9999.0,180.0,95.71059313750094,0.35000000000002274
lpJL9-mBNmk_00,373,6,5,67.86633922645306,0.0,0.0,0.0,1.471127674303712,0.0,0.0,0.0,0.0,5_6,1.0,-0.0,9999.0,0.0,84.28940686249906,0.0
lpJL9-mBNmk_00,374,6,5,67.86633922645306,0.0,0.0,3.141592653589793,3.141592653589793,0.0,0.0,0.0,0.0,5_6,1.0,-0.0,9999.0,0.0,0.0,0.0
lpJL9-mBNmk_00,375,6,5,67.86633922645306,0.0,0.0,3.141592653589793,3.141592653589793,0.0,0.0,0.0,0.0,5_6,1.0,-0.0,9999.0,0.0,0.0,0.0
lpJL9-mBNmk_00,376,6,5,67.86633922645306,0.0,0.0,3.141592653589793,2.5535900500422253,0.0,0.0,0.0,0.0,5_6,1.0,-0.0,9999.0,0.0,33.6900675259798,0.0
lpJL9-mBNmk_00,377,6,5,67.86633922645306,0.0,0.0,3.141592653589793,3.141592653589793,0.0,0.0,0.0,0.0,5_6,1.0,-0.0,9999.0,0.0,0.0,0.0
lpJL9-mBNmk_00,378,6,5,67.6165845040993,0.0,3.141592653589793,3.141592653589793,3.141592653589793,0.0,0.0,-0.25,0.0,5_6,1.0,0.24975472235377083,270.731956004108,180.0,0.0,0.25
lpJL9-mBNmk_00,379,6,5,67.6165845040993,0.0,0.0,3.141592653589793,3.141592653589793,0.0,0.0,0.0,0.0,5_6,1.0,-0.0,9999.0,0.0,0.0,0.0
lpJL9-mBNmk_00,380,6,5,67.6165845040993,0.0,0.0,3.141592653589793,0.0,0.0,0.0,0.0,0.0,5_6,1.0,-0.0,9999.0,0.0,180.0,0.0
lpJL9-mBNmk_00,381,6,5,67.6165845040993,0.0,0.0,3.141592653589793,0.0,0.0,0.0,0.0,0.0,5_6,1.0,-0.0,9999.0,0.0,180.0,0.0
lpJL9-mBNmk_00,382,6,5,67.26693095422146,0.0,0.0,0.0,0.0,0.35000000000002274,0.0,0.0,0.0,5_6,1.0,0.3496535498778286,192.38166172694372,0.0,0.0,0.35000000000002274
lpJL9-mBNmk_00,383,6,5,67.26693095422146,0.0,0.0,0.0,0.0,0.0,0.0,0.0,0.0,5_6,1.0,-0.0,9999.0,0.0,0.0,0.0
lpJL9-mBNmk_00,384,6,5,68.50729888121411,-1.76819188664478,0.0,-1.695151321341658,0.0,-0.8000000000000114,-4.0,0.5,0.0,5_6,1.0,-1.240367926992647,9999.0,101.30993247402037,97.1250163489018,4.205948168962622
lpJL9-mBNmk_00,385,6,5,68.50729888121411,0.0,0.0,-1.695151321341658,0.0,0.0,0.0,0.0,0.0,5_6,1.0,-0.0,9999.0,0.0,97.1250163489018,0.0
lpJL9-mBNmk_00,386,6,5,68.50729888121411,0.0,0.0,-1.695151321341658,0.0,0.0,0.0,0.0,0.0,5_6,1.0,-0.0,9999.0,0.0,97.1250163489018,0.0
lpJL9-mBNmk_00,387,6,5,68.50729888121411,0.0,0.0,-1.76819188664478,0.0,0.0,0.0,0.0,0.0,5_6,1.0,-0.0,9999.0,0.0,101.30993247402037,0.0
lpJL9-mBNmk_00,388,6,5,68.51642138932827,-1.5707963267948966,0.0,-1.7467359522474268,0.0,0.0,-0.5,0.0,0.0,5_6,1.0,-0.009122508114160155,9999.0,90.0,100.08059798754246,0.5
lpJL9-mBNmk_00,389,6,5,68.50729888121411,1.5707963267948966,0.0,-1.76819188664478,0.0,0.0,0.5,0.0,0.0,5_6,1.0,0.009122508114160155,7509.6999667093305,90.0,101.30993247402037,0.5
lpJL9-mBNmk_00,390,6,5,69.0,1.5707963267948966,0.0,-1.8313987185422411,0.0,0.0,1.0,0.5,0.0,5_6,1.0,-0.49270111878588807,9999.0,90.0,104.93141717813775,1.118033988749895
lpJL9-mBNmk_00,391,6,5,68.52919086053767,1.3258176636680323,0.0,-1.862253121272774,0.0,0.5,2.0,0.0,0.0,5_6,1.0,0.4708091394623324,145.55620338806193,75.96375653207352,106.69924423399421,2.0615528128088303
lpJL9-mBNmk_00,392,6,5,68.72044819411468,1.5707963267948966,0.0,1.5507989928217414,0.0,0.0,3.5,0.0,0.0,5_6,1.0,-0.19125733357701336,9999.0,90.0,88.85423716182463,3.5
lpJL9-mBNmk_00,393,6,5,69.67381143586162,1.6252877830356298,0.0,1.602036160225165,0.0,-0.30000000000001137,5.5,0.0,0.0,5_6,1.0,-0.953363241746942,9999.0,93.12213046211582,91.78991060824607,5.508175741568166
lpJL9-mBNmk_00,394,6,5,68.51322864965569,-1.560796660108229,3.141592653589793,1.6373644905707165,0.0,0.05000000000001137,-5.0,-0.5,0.0,5_6,1.0,1.1605827862059357,59.03346961885629,90.57293869768361,93.81407483429014,5.03015904321126
lpJL9-mBNmk_00,395,6,5,69.10544479272238,1.5707963267948966,0.0,1.6207547225168364,0.0,0.0,1.0,0.5,0.0,5_6,1.0,-0.5922161430666932,9999.0,90.0,92.86240522611158,1.118033988749895
lpJL9-mBNmk_00,396,6,5,68.80699455723959,0.0,0.0,1.5458015331759707,0.0,0.30000000000001137,0.0,0.0,0.0,5_6,1.0,0.2984502354827896,230.54763031409104,0.0,88.56790381583502,0.30000000000001137
lpJL9-mBNmk_00,397,6,5,70.5560238392159,1.650626312507137,0.0,1.6142472221864275,0.0,-0.6000000000000227,7.5,0.0,0.0,5_6,1.0,-1.7490292819763056,9999.0,94.57392125990104,92.48955292199916,7.523961722390673
lpJL9-mBNmk_00,398,6,5,68.76227163205125,-1.5413930385908914,3.141592653589793,1.6539375586833378,0.0,0.25,-8.5,-0.30000000000001137,0.0,5_6,1.0,1.7937522071646441,38.33432029095183,91.6846843178963,94.76364169072617,8.517775531205316
lpJL9-mBNmk_00,399,6,5,70.31848974487434,1.5930148921216143,0.0,1.6082787634865572,0.0,-0.19999999999998863,9.0,0.0,0.0,5_6,1.0,-1.556218112823089,9999.0,91.27303002005664,92.14758542829846,9.00222194794152
lpJL9-mBNmk_00,400,6,5,68.72044819411468,-1.5497468046578513,0.0,1.6704649792860586,0.0,0.19999999999998863,-9.5,0.0,0.0,5_6,1.0,1.5980415507596604,43.002917015172144,88.79395122078012,95.71059313749964,9.502105029939418
lpJL9-mBNmk_00,401,6,5,68.33968466418322,-1.5458015331759707,3.141592653589793,1.951302703907242,0.0,0.05000000000001137,-2.0,-0.19999999999998863,0.0,5_6,1.0,0.3807635299314569,179.48064688990928,91.43209618416498,111.80140948635069,2.0155644370746373
lpJL9-mBNmk_00,402,6,5,68.5394229622631,0.0,0.0,2.0344439357957027,0.0,0.30000000000001137,0.0,0.5,0.0,5_6,1.0,-0.19973829807987897,9999.0,0.0,116.56505117707799,0.19999999999998863
lpJL9-mBNmk_00,403,6,5,68.33968466418322,0.0,0.0,1.1902899496825512,0.0,0.44999999999998863,0.0,0.25,0.0,5_6,1.0,0.19973829807987897,342.1461248100399,0.0,68.19859051364931,0.19999999999998863
lpJL9-mBNmk_00,404,6,5,67.56663377733125,-1.5707963267948966,3.141592653589793,1.3258176636680323,0.0,0.0,-0.5,-0.75,0.0,5_6,1.0,0.7730508868519763,87.40256938644312,90.00000000000001,75.96375653207352,0.9013878188659973
lpJL9-mBNmk_00,405,6,5,67.56663377733125,0.0,0.0,1.3258176636680323,0.0,0.0,0.0,0.0,0.0,5_6,1.0,-0.0,9999.0,0.0,75.96375653207352,0.0
lpJL9-mBNmk_00,406,6,5,68.4956385472827,-1.471127674303712,0.0,1.2793395323170265,0.0,0.05000000000001137,-0.5,1.0,0.0,5_6,1.0,-0.9290047699514474,9999.0,84.28940686249906,73.3007557660062,1.0735455276791843
lpJL9-mBNmk_00,407,6,5,68.52919086053767,3.141592653589793,2.0344439357957027,1.35970299357215,0.5880026035475676,-0.30000000000001137,0.0,-0.25,0.5,5_6,1.0,-0.03355231325497243,9999.0,63.43494882292201,44.21517539700811,0.5024937810560456
lpJL9-mBNmk_00,408,6,5,68.75181815777674,-1.6704649792860586,0.0,1.2490457723982544,0.5880026035475676,-0.25,-2.5,0.0,0.0,5_6,1.0,-0.2226272972390717,9999.0,95.71059313749964,37.87498365109819,2.5124689052802225
lpJL9-mBNmk_00,409,6,5,68.75181815777674,0.0,0.0,1.1071487177940904,0.5880026035475676,0.0,0.0,0.0,0.0,5_6,1.0,-0.0,9999.0,0.0,29.744881296942214,0.0
lpJL9-mBNmk_00,410,6,5,69.00181157042184,0.0,0.0,0.0,0.7853981633974483,0.0,0.0,0.25,0.0,5_6,1.0,-0.24999341264509667,9999.0,0.0,45.0,0.25
lpJL9-mBNmk_00,411,6,5,69.05181025867462,3.141592653589793,0.0,-1.5957911204138224,0.7853981633974483,-0.05000000000001137,0.0,0.0,0.0,5_6,1.0,-0.04999868825278497,9999.0,180.0,136.43209618416495,0.05000000000001137
lpJL9-mBNmk_00,412,6,5,69.05724074997495,-1.5707963267948966,0.0,-1.5791294672350344,0.7853981633974483,0.0,-0.5,0.0,0.0,5_6,1.0,-0.0054304913003306865,9999.0,90.0,135.4774537773097,0.5
lpJL9-mBNmk_00,413,6,5,68.82906362867362,-1.5707963267948966,2.0344439357957027,-1.5499660067586796,1.3258176636680323,0.0,-0.5,-0.25,0.5,5_6,1.0,0.2281771213013286,301.6475238013832,153.434948822922,164.77026710809147,1.0307764064044151
lpJL9-mBNmk_00,414,6,5,68.5664094145231,0.0,-2.0344439357957027,-1.542232668956138,0.7853981633974483,0.0,0.0,-0.25,-0.5,5_6,1.0,0.2626542141505297,261.0520057189222,116.56505117707799,133.36342295838335,0.5590169943749475
lpJL9-mBNmk_00,415,6,5,68.80181683647606,1.8157749899217608,0.0,-1.5779390624643115,1.5707963267948966,-0.25,1.0,0.0,0.0,5_6,1.0,-0.2354074219529707,9999.0,104.03624346792648,179.59075139196497,1.0307764064044151
lpJL9-mBNmk_00,416,6,5,69.05181025867462,0.0,0.0,-1.6207547225168426,1.1071487177940904,0.0,0.0,0.25,0.0,5_6,1.0,-0.2499934221985569,9999.0,0.0,156.29735404903394,0.25
lpJL9-mBNmk_00,417,6,5,68.95181288407143,3.141592653589793,3.141592653589793,-1.5638998844065466,1.5707963267948966,-0.14999999999997726,0.0,-0.25,0.0,5_6,1.0,0.09999737460319125,689.5362319029418,0.0,179.6048629574924,0.10000000000002274
lpJL9-mBNmk_00,418,6,5,68.75181815777674,0.0,0.0,-1.5624631863547587,1.0303768265242956,0.19999999999998863,0.0,0.0,0.0,5_6,1.0,0.1999947262946904,343.768155448617,0.0,148.5587896906158,0.19999999999998863
lpJL9-mBNmk_00,419,6,5,68.75181815777674,0.0,0.0,-1.5541312030809558,1.0303768265242956,0.0,0.0,0.0,0.0,5_6,1.0,-0.0,9999.0,0.0,148.0814022140533,0.0
lpJL9-mBNmk_00,420,6,5,68.95181288407143,3.141592653589793,0.0,-1.5980622952504868,1.0303768265242956,-0.19999999999998863,0.0,0.0,0.0,5_6,1.0,-0.1999947262946904,9999.0,180.0,150.59846838476767,0.19999999999998863
lpJL9-mBNmk_00,421,6,5,69.05724074997495,-1.768191886644821,0.0,-1.6456561745056661,0.7853981633974483,-0.10000000000002274,-0.5,0.0,0.0,5_6,1.0,-0.10542786590352193,9999.0,101.30993247402272,139.28915332881917,0.509901951359283
lpJL9-mBNmk_00,422,6,5,68.94999999999999,1.471127674303712,0.0,-1.7359450042095235,1.5707963267948966,0.10000000000002274,1.0,0.0,0.0,5_6,1.0,0.10724074997496302,642.9458952506152,84.28940686249906,170.53767779197437,1.0049875621120912
lpJL9-mBNmk_00,423,6,5,70.00714249274856,-2.3805798993650686,0.0,-2.0344439357957027,2.0344439357957027,-1.0500000000000114,-1.0,0.0,0.0,5_6,1.0,-1.057142492748568,9999.0,136.39718102729668,126.86989764584402,1.4500000000000082
lpJL9-mBNmk_00,424,6,5,69.50179853787958,0.7853981633974483,0.0,-2.0344439357957027,0.7853981633974483,0.5,0.5,0.0,0.0,5_6,1.0,0.5053439548689767,137.5336498403344,45.0,161.565051177078,0.7071067811865476
lpJL9-mBNmk_00,425,6,5,69.50179853787958,1.5707963267948966,-1.5707963267948966,-2.1112158270654806,0.0,0.0,0.5,0.0,-0.5,5_6,1.0,-0.0,9999.0,180.0,120.96375653207352,1.0
lpJL9-mBNmk_00,426,6,5,69.5,-1.5707963267948966,0.0,-2.1257920541334867,3.141592653589793,0.0,-0.5,0.0,0.0,5_6,1.0,0.0017985378795799534,38642.49999351231,90.0,58.201087175705396,0.5
lpJL9-mBNmk_00,427,6,5,70.20178060419833,3.141592653589793,1.5707963267948966,-2.233222620628045,3.141592653589793,-0.6999999999999886,0.0,0.0,0.5,5_6,1.0,-0.7017806041983334,9999.0,90.0,52.04576912486769,0.8602325267042534
lpJL9-mBNmk_00,428,6,5,69.95178696788237,0.0,0.0,3.141592653589793,3.141592653589793,0.25,0.0,0.0,0.0,5_6,1.0,0.24999363631596339,279.8142704699543,0.0,0.0,0.25
lpJL9-mBNmk_00,429,6,5,70.25711707720436,-2.1112158270654975,0.0,-2.8632929945846817,3.141592653589793,-0.30000000000001137,-0.5,0.0,0.0,5_6,1.0,-0.3053301093219858,9999.0,120.96375653207448,15.945395900922877,0.5830951894845359
lpJL9-mBNmk_00,430,6,5,70.5570868162795,3.141592653589793,0.0,-2.9023610536261337,3.141592653589793,-0.30000000000001137,0.0,0.0,0.0,5_6,1.0,-0.2999697390751379,9999.0,180.0,13.706961004079758,0.30000000000001137
lpJL9-mBNmk_00,431,6,5,70.7658992735908,-1.951302703907242,0.0,-2.7149651604629153,3.141592653589793,-0.19999999999998863,-0.5,0.0,0.0,5_6,1.0,-0.2088124573113106,9999.0,111.80140948635069,24.443954780416654,0.5385164807134462
lpJL9-mBNmk_00,432,6,5,71.70697316161099,3.141592653589793,-1.1071487177940904,-2.970857442114509,-2.0344439357957027,-0.6999999999999886,0.0,0.25,-0.5,5_6,1.0,-0.9410738880201848,9999.0,116.56505117707799,53.65254179111465,1.0735455276791843
lpJL9-mBNmk_00,433,6,5,70.45177428567713,0.46364760900080615,3.141592653589793,2.8842689386187015,-1.8157749899217608,1.0,0.5,-0.25,0.0,5_6,1.0,1.255198875933857,56.12797751532531,153.434948822922,90.70731936854443,1.346291201783626
lpJL9-mBNmk_00,434,6,5,70.5570868162795,3.141592653589793,1.5707963267948966,2.896613990462929,0.0,-0.10000000000002274,0.0,0.0,0.5,5_6,1.0,-0.10531253060236168,9999.0,90.0,165.96375653207352,0.509901951359283
lpJL9-mBNmk_00,435,6,5,70.25177933689652,1.0303768265242956,0.0,3.141592653589793,0.0,0.30000000000001137,0.5,0.0,0.0,5_6,1.0,0.3053074793829751,230.10173048781843,59.036243467925516,180.0,0.5830951894845359
lpJL9-mBNmk_00,436,6,5,69.75179209167317,0.0,0.0,3.141592653589793,3.141592653589793,0.5,0.0,0.0,0.0,5_6,1.0,0.4999872452233518,139.5071429482446,0.0,0.0,0.5
lpJL9-mBNmk_00,437,6,5,68.30183013653442,0.8110335719191317,3.141592653589793,1.4219063791854216,3.141592653589793,0.9499999999999886,1.0,-0.5,0.0,5_6,1.0,1.4499619551387468,47.10594639705469,133.53119928561384,98.53076560994685,1.7613914953808445
lpJL9-mBNmk_00,438,6,5,69.20180633480602,-2.3036114285813905,0.0,3.141592653589793,3.141592653589793,-0.8999999999999773,-1.0,0.0,0.0,5_6,1.0,-0.8999761982716024,9999.0,131.98721249581592,0.0,1.3453624047073558
lpJL9-mBNmk_00,439,6,5,68.25732561417858,1.006226933126802,0.0,1.5707963267948966,3.141592653589793,0.9499999999999886,1.5,0.0,0.0,5_6,1.0,0.944480720627439,72.26968653085238,57.65255650055827,90.0,1.7755280904564643
lpJL9-mBNmk_00,444,6,5,68.95181288407143,-2.007423486608432,0.0,3.141592653589793,3.141592653589793,-0.6999999999999886,-1.5,0.0,0.0,5_6,5.0,-0.13889745397856929,9999.0,115.01689347809968,0.0,0.331058907144936
lpJL9-mBNmk_00,445,6,5,68.26648152644165,1.1341691669813614,-1.5707963267948966,1.4219063791853936,3.141592653589793,0.6999999999999886,1.5,0.0,-0.5,5_6,1.0,0.6853313576297779,99.61091195730724,154.9831065219003,98.53076560994846,2.1189620100417055
lpJL9-mBNmk_00,446,6,5,69.25180503062718,-2.1587989303424644,1.5707963267948966,-2.582993338246237,2.356194490192345,-1.0,-1.5,0.0,0.5,5_6,1.0,-0.9853235041855299,9999.0,146.3099324740202,77.00538320808313,2.23606797749979
lpJL9-mBNmk_00,447,6,5,69.20180633480602,0.0,0.0,1.0303768265242956,3.141592653589793,0.05000000000001137,0.0,0.0,0.0,5_6,1.0,0.049998695821159345,1384.072228250401,0.0,120.96375653207448,0.05000000000001137
lpJL9-mBNmk_00,448,6,5,69.25180503062718,3.141592653589793,0.0,3.141592653589793,3.141592653589793,-0.05000000000001137,0.0,0.0,0.0,5_6,1.0,-0.049998695821159345,9999.0,180.0,0.0,0.05000000000001137
lpJL9-mBNmk_00,449,6,5,69.75179209167317,0.0,0.0,-2.0344439357957027,0.0,0.0,0.0,0.5,0.0,5_6,1.0,-0.4999870610459851,9999.0,0.0,116.56505117707799,0.5
lpJL9-mBNmk_00,0,7,5,113.339710604889,0.0,0.0,0.0,0.0,,,,,5_7,,0.0,9999.0,0.0,0.0,0.0
lpJL9-mBNmk_00,1,7,5,113.33971060488906,0.0,0.0,0.0,0.0,5.684341886080802e-14,0.0,0.0,0.0,5_7,1.0,-5.684341886080802e-14,9999.0,0.0,0.0,5.684341886080802e-14
lpJL9-mBNmk_00,2,7,5,113.33971060488906,0.0,0.0,0.0,0.0,0.0,0.0,0.0,0.0,5_7,1.0,-0.0,9999.0,0.0,0.0,0.0
lpJL9-mBNmk_00,3,7,5,113.33971060488906,0.0,0.0,0.0,0.0,0.0,0.0,0.0,0.0,5_7,1.0,-0.0,9999.0,0.0,0.0,0.0
lpJL9-mBNmk_00,4,7,5,113.33971060488906,0.0,0.0,0.0,0.0,0.0,0.0,0.0,0.0,5_7,1.0,-0.0,9999.0,0.0,0.0,0.0
lpJL9-mBNmk_00,5,7,5,113.33971060488906,0.0,0.0,0.0,0.0,0.0,0.0,0.0,0.0,5_7,1.0,-0.0,9999.0,0.0,0.0,0.0
lpJL9-mBNmk_00,6,7,5,113.33971060488906,0.0,0.0,0.0,0.0,0.0,0.0,0.0,0.0,5_7,1.0,-0.0,9999.0,0.0,0.0,0.0
lpJL9-mBNmk_00,7,7,5,113.08979839048261,0.0,0.0,0.0,0.0,0.0,0.0,0.25,0.0,5_7,1.0,0.24991221440645006,452.51809183906715,0.0,0.0,0.25
lpJL9-mBNmk_00,8,7,5,113.33971060488906,0.0,3.141592653589793,0.0,0.0,0.0,0.0,-0.25,0.0,5_7,1.0,-0.24991221440645006,9999.0,180.0,0.0,0.25
lpJL9-mBNmk_00,9,7,5,113.33971060488906,0.0,0.0,0.0,0.0,0.0,0.0,0.0,0.0,5_7,1.0,-0.0,9999.0,0.0,0.0,0.0
lpJL9-mBNmk_00,10,7,5,113.33971060488906,0.0,0.0,0.0,0.0,0.0,0.0,0.0,0.0,5_7,1.0,-0.0,9999.0,0.0,0.0,0.0
lpJL9-mBNmk_00,11,7,5,113.33971060488906,0.0,0.0,0.0,0.0,0.0,0.0,0.0,0.0,5_7,1.0,-0.0,9999.0,0.0,0.0,0.0
lpJL9-mBNmk_00,12,7,5,113.33971060488906,0.0,0.0,0.0,0.0,0.0,0.0,0.0,0.0,5_7,1.0,-0.0,9999.0,0.0,0.0,0.0
lpJL9-mBNmk_00,13,7,5,113.28972813101812,0.0,0.0,0.0,0.0,0.19999999999998863,0.0,0.25,0.0,5_7,1.0,0.04998247387094068,2266.589053265802,0.0,0.0,0.05000000000001137
lpJL9-mBNmk_00,14,7,5,113.28972813101812,0.0,0.0,0.0,0.0,0.0,0.0,0.0,0.0,5_7,1.0,-0.0,9999.0,0.0,0.0,0.0
lpJL9-mBNmk_00,27,7,5,112.53999289141616,2.819842099193151,0.0,2.774418819771562,2.5535900500422253,-1.5,0.5,0.0,0.0,5_7,13.0,0.05767194150784313,1951.382075044434,161.565051177078,12.652556500557306,0.12162606385262999
lpJL9-mBNmk_00,28,7,5,112.04017136723775,3.141592653589793,0.0,2.870645803251366,2.356194490192345,-0.5,0.0,0.0,0.0,5_7,1.0,0.4998215241784152,224.16035714229093,180.0,29.475889003245364,0.5
lpJL9-mBNmk_00,29,7,5,81.07558202072927,-3.125465019746157,0.0,3.141592653589793,2.356194490192345,-31.0,-0.5,0.0,0.0,5_7,1.0,30.964589346508475,2.6183322217987444,179.0759546472273,45.0,31.00403199585499
lpJL9-mBNmk_00,30,7,5,114.03946685248927,0.0,-1.5707963267948966,0.0,3.141592653589793,33.0,0.0,0.0,-0.5,5_7,1.0,-32.96388483176,9999.0,90.0,180.0,33.0037876614185
lpJL9-mBNmk_00,31,7,5,114.55348095976831,0.0,2.356194490192345,0.0,2.677945044588987,0.0,0.0,-0.5,0.5,5_7,1.0,-0.5140141072790385,9999.0,135.0,153.434948822922,0.7071067811865476
lpJL9-mBNmk_00,32,7,5,114.35357449594657,0.0,0.0,0.0,2.582993338246237,0.0,0.0,0.19999999999998863,0.0,5_7,1.0,0.19990646382173338,572.0354025066513,0.0,147.99461679191685,0.19999999999998863
lpJL9-mBNmk_00,33,7,5,114.03946685248927,0.0,-1.0303768265242956,0.0,3.141592653589793,0.0,0.0,0.30000000000001137,-0.5,5_7,1.0,0.31410764345730513,363.0585540590005,59.036243467925516,180.0,0.5830951894845359
lpJL9-mBNmk_00,34,7,5,114.0537154151499,0.0,1.5707963267948966,0.0,2.5535900500422253,0.0,0.0,0.0,0.5,5_7,1.0,-0.014248562660625907,9999.0,90.0,146.3099324740202,0.5
lpJL9-mBNmk_00,35,7,5,114.03946685248927,0.0,-1.5707963267948966,0.0,3.141592653589793,0.0,0.0,0.0,-0.5,5_7,1.0,0.014248562660625907,8003.576891837859,90.0,180.0,0.5
lpJL9-mBNmk_00,36,7,5,114.03946685248927,0.0,0.0,0.0,-1.5042281630190728,0.0,0.0,0.0,0.0,5_7,1.0,-0.0,9999.0,0.0,86.18592516570965,0.0
lpJL9-mBNmk_00,37,7,5,113.55395193475215,0.0,0.7853981633974483,0.0,1.5707963267948966,0.0,0.0,0.5,0.5,5_7,1.0,0.4855149177371203,233.88354875685897,45.0,90.0,0.7071067811865476
lpJL9-mBNmk_00,38,7,5,113.55395193475215,0.0,0.0,0.0,2.0344439357957027,0.0,0.0,0.0,0.0,5_7,1.0,-0.0,9999.0,0.0,116.56505117707799,0.0
lpJL9-mBNmk_00,39,7,5,113.55395193475215,0.0,0.0,0.0,2.1112158270654975,0.0,0.0,0.0,0.0,5_7,1.0,-0.0,9999.0,0.0,120.96375653207448,0.0
lpJL9-mBNmk_00,40,7,5,113.55395193475215,0.0,0.0,0.0,2.356194490192345,0.0,0.0,0.0,0.0,5_7,1.0,-0.0,9999.0,0.0,135.0,0.0
lpJL9-mBNmk_00,41,7,5,113.53964065470703,0.0,-1.5707963267948966,0.0,-2.0344439357957027,0.0,0.0,0.0,-0.5,5_7,1.0,0.014311280045120611,7933.576891566596,90.0,116.56505117707799,0.5
lpJL9-mBNmk_00,42,7,5,113.55395193475215,0.0,1.5707963267948966,0.0,0.0,0.0,0.0,0.0,0.5,5_7,1.0,-0.014311280045120611,9999.0,90.0,0.0,0.5
lpJL9-mBNmk_00,43,7,5,113.78955356270627,0.0,-2.0344439357957027,0.0,-1.1071487177940904,0.0,0.0,-0.25,-0.5,5_7,1.0,-0.2356016279541251,9999.0,116.56505117707799,63.43494882292201,0.5590169943749475
lpJL9-mBNmk_00,44,7,5,113.78955356270627,0.0,0.0,0.0,-2.0344439357957027,0.0,0.0,0.0,0.0,5_7,1.0,-0.0,9999.0,0.0,116.56505117707799,0.0
lpJL9-mBNmk_00,45,7,5,113.53964065470703,0.0,0.0,0.0,-1.5707963267948966,0.0,0.0,0.25,0.0,5_7,1.0,0.2499129079992457,454.31683206635216,0.0,90.0,0.25
lpJL9-mBNmk_00,46,7,5,113.28972813101812,0.0,0.0,0.0,-0.5880026035475676,0.0,0.0,0.25,0.0,5_7,1.0,0.2499125236889057,453.3175307054344,0.0,33.690067525979785,0.25
lpJL9-mBNmk_00,47,7,5,113.28972813101812,0.0,0.0,-0.32175055439664224,-0.5880026035475676,0.0,0.0,0.0,0.0,5_7,1.0,-0.0,9999.0,0.0,15.255118703057775,0.0
lpJL9-mBNmk_00,48,7,5,113.32061815927409,0.0,1.5707963267948966,-0.24497866312686417,0.5880026035475676,0.0,0.0,0.0,1.0,5_7,1.0,-0.03089002825596765,9999.0,90.0,47.726310993906274,1.0
lpJL9-mBNmk_00,49,7,5,113.55395193475215,0.0,-2.0344439357957027,0.0,0.0,0.0,0.0,-0.25,-0.5,5_7,1.0,-0.23333377547805867,9999.0,116.56505117707799,0.0,0.5590169943749475
lpJL9-mBNmk_00,50,7,5,113.28972813101812,1.5707963267948966,0.0,1.5707963267948966,0.5880026035475676,0.0,0.5,0.25,0.0,5_7,1.0,0.2642238037340263,428.7642768365341,90.0,56.30993247402021,0.5590169943749475
lpJL9-mBNmk_00,51,7,5,113.28972813101812,3.141592653589793,3.141592653589793,2.0344439357957027,0.0,-0.25,0.0,-0.25,0.0,5_7,1.0,-0.0,9999.0,0.0,116.56505117707799,0.0
lpJL9-mBNmk_00,52,7,5,113.53964065470703,0.0,0.0,1.5707963267948966,0.0,0.25,0.0,0.0,0.0,5_7,1.0,-0.2499125236889057,9999.0,0.0,90.0,0.25
lpJL9-mBNmk_00,53,7,5,113.80383341522376,-1.5707963267948966,3.141592653589793,0.0,1.1071487177940904,0.0,-0.5,-0.25,0.0,5_7,1.0,-0.26419276051673535,9999.0,90.00000000000001,63.43494882292201,0.5590169943749475
lpJL9-mBNmk_00,54,7,5,114.0537154151499,0.0,3.141592653589793,0.0,0.0,0.0,0.0,-0.25,0.0,5_7,1.0,-0.24988199992613147,9999.0,180.0,0.0,0.25
lpJL9-mBNmk_00,55,7,5,113.80383341522376,3.141592653589793,0.0,3.141592653589793,1.5707963267948966,-0.25,0.0,0.0,0.0,5_7,1.0,0.24988199992613147,455.4302968955976,180.0,90.0,0.25
lpJL9-mBNmk_00,56,7,5,113.80383341522376,0.0,0.0,3.141592653589793,1.5707963267948966,0.0,0.0,0.0,0.0,5_7,1.0,-0.0,9999.0,0.0,90.0,0.0
lpJL9-mBNmk_00,57,7,5,113.80383341522376,0.0,0.0,3.141592653589793,3.141592653589793,0.0,0.0,0.0,0.0,5_7,1.0,-0.0,9999.0,0.0,0.0,0.0
lpJL9-mBNmk_00,58,7,5,113.78955356270627,1.5707963267948966,0.0,2.0344439357957027,3.141592653589793,0.0,0.5,0.0,0.0,5_7,1.0,0.014279852517489644,7968.538430165114,90.0,63.43494882292201,0.5
lpJL9-mBNmk_00,59,7,5,114.78920898760475,0.0,3.141592653589793,2.0344439357957027,3.141592653589793,0.0,0.0,-1.0,0.0,5_7,1.0,-0.9996554248984779,9999.0,180.0,63.43494882292201,1.0
lpJL9-mBNmk_00,60,7,5,114.78920898760475,0.0,0.0,2.0344439357957027,3.141592653589793,0.0,0.0,0.0,0.0,5_7,1.0,-0.0,9999.0,0.0,63.43494882292201,0.0
lpJL9-mBNmk_00,61,7,5,114.27734902420514,0.0,-0.7853981633974483,2.0344439357957027,3.141592653589793,0.0,0.0,0.5,-0.5,5_7,1.0,0.5118599633996155,223.25901065832605,45.0,63.43494882292201,0.7071067811865476
lpJL9-mBNmk_00,62,7,5,114.52728932442258,0.0,3.141592653589793,2.0344439357957027,-2.761086276477428,0.0,0.0,-0.25,0.0,5_7,1.0,-0.24994030021744607,9999.0,180.0,85.23635830927384,0.25
lpJL9-mBNmk_00,63,7,5,114.53929456741035,0.0,1.5707963267948966,2.0344439357957027,2.677945044588987,0.0,0.0,0.0,0.5,5_7,1.0,-0.012005242987768838,9999.0,90.0,36.869897645844006,0.5
lpJL9-mBNmk_00,64,7,5,114.28938052155152,0.0,0.0,2.0344439357957027,2.5535900500422253,0.0,0.0,0.25,0.0,5_7,1.0,0.24991404585883004,457.3147544740668,0.0,29.744881296942204,0.25
lpJL9-mBNmk_00,65,7,5,114.28938052155152,0.0,0.0,2.0344439357957027,2.677945044588987,0.0,0.0,0.0,0.0,5_7,1.0,-0.0,9999.0,0.0,36.869897645844006,0.0
lpJL9-mBNmk_00,66,7,5,113.28972813101812,0.0,0.0,2.0344439357957027,2.0344439357957027,0.0,0.0,1.0,0.0,5_7,1.0,0.9996523905333987,113.32912240680834,0.0,0.0,1.0
lpJL9-mBNmk_00,67,7,5,113.28972813101812,0.0,0.0,2.0344439357957027,2.0344439357957027,0.0,0.0,0.0,0.0,5_7,1.0,-0.0,9999.0,0.0,0.0,0.0
lpJL9-mBNmk_00,68,7,5,114.03946685248927,0.0,3.141592653589793,2.0344439357957027,-2.677945044588987,0.0,0.0,-0.75,0.0,5_7,1.0,-0.7497387214711466,9999.0,180.0,90.00000000000001,0.75
lpJL9-mBNmk_00,69,7,5,114.03946685248927,0.0,0.0,2.0344439357957027,3.141592653589793,0.0,0.0,0.0,0.0,5_7,1.0,-0.0,9999.0,0.0,63.43494882292201,0.0
lpJL9-mBNmk_00,70,7,5,113.28972813101812,0.0,0.0,3.141592653589793,3.141592653589793,0.0,0.0,0.75,0.0,5_7,1.0,0.7497387214711466,151.10561171059646,0.0,0.0,0.75
lpJL9-mBNmk_00,71,7,5,113.28972813101812,0.0,0.0,0.0,0.0,0.0,0.0,0.0,0.0,5_7,1.0,-0.0,9999.0,0.0,0.0,0.0
lpJL9-mBNmk_00,72,7,5,114.28938052155152,0.0,3.141592653589793,3.141592653589793,3.141592653589793,0.0,0.0,-1.0,0.0,5_7,1.0,-0.9996523905333987,9999.0,180.0,0.0,1.0
lpJL9-mBNmk_00,73,7,5,114.28938052155152,0.0,0.0,2.0344439357957027,3.141592653589793,0.0,0.0,0.0,0.0,5_7,1.0,-0.0,9999.0,0.0,63.43494882292201,0.0
lpJL9-mBNmk_00,74,7,5,114.03946685248927,0.0,0.0,2.0344439357957027,3.141592653589793,0.0,0.0,0.25,0.0,5_7,1.0,0.2499136690622521,456.31544397070445,0.0,63.43494882292201,0.25
lpJL9-mBNmk_00,75,7,5,114.03946685248927,0.0,0.0,1.5707963267948966,3.141592653589793,0.0,0.0,0.0,0.0,5_7,1.0,-0.0,9999.0,0.0,90.0,0.0
lpJL9-mBNmk_00,76,7,5,114.28938052155152,0.0,3.141592653589793,1.5707963267948966,3.141592653589793,0.0,0.0,-0.25,0.0,5_7,1.0,-0.2499136690622521,9999.0,180.0,90.0,0.25
lpJL9-mBNmk_00,77,7,5,114.03946685248927,0.0,0.0,1.5707963267948966,3.141592653589793,0.0,0.0,0.25,0.0,5_7,1.0,0.2499136690622521,456.31544397070445,0.0,90.0,0.25
lpJL9-mBNmk_00,78,7,5,114.08944955603916,0.0,3.141592653589793,0.0,3.141592653589793,0.0,0.0,-0.05000000000001137,0.0,5_7,1.0,-0.049982703549886764,9999.0,180.0,180.0,0.05000000000001137
lpJL9-mBNmk_00,79,7,5,114.28938052155152,0.0,3.141592653589793,0.0,0.0,0.0,0.0,-0.19999999999998863,0.0,5_7,1.0,-0.19993096551236533,9999.0,180.0,0.0,0.19999999999998863
lpJL9-mBNmk_00,80,7,5,114.28938052155152,0.0,0.0,0.0,0.0,0.0,0.0,0.0,0.0,5_7,1.0,-0.0,9999.0,0.0,0.0,0.0
lpJL9-mBNmk_00,81,7,5,114.28938052155152,0.0,0.0,0.0,1.5707963267948966,0.0,0.0,0.0,0.0,5_7,1.0,-0.0,9999.0,0.0,90.0,0.0
lpJL9-mBNmk_00,82,7,5,114.28938052155152,0.0,0.0,0.0,1.1071487177940904,0.0,0.0,0.0,0.0,5_7,1.0,-0.0,9999.0,0.0,63.43494882292201,0.0
lpJL9-mBNmk_00,83,7,5,114.28938052155152,0.0,0.0,0.0,0.0,0.0,0.0,0.0,0.0,5_7,1.0,-0.0,9999.0,0.0,0.0,0.0
lpJL9-mBNmk_00,84,7,5,114.28938052155152,0.0,0.0,0.0,0.0,0.0,0.0,0.0,0.0,5_7,1.0,-0.0,9999.0,0.0,0.0,0.0
lpJL9-mBNmk_00,85,7,5,114.28938052155152,0.0,0.0,0.0,0.0,0.0,0.0,0.0,0.0,5_7,1.0,-0.0,9999.0,0.0,0.0,0.0
lpJL9-mBNmk_00,86,7,5,114.28938052155152,0.0,0.0,0.0,3.141592653589793,0.0,0.0,0.0,0.0,5_7,1.0,-0.0,9999.0,0.0,180.0,0.0
lpJL9-mBNmk_00,87,7,5,114.78920898760475,0.0,3.141592653589793,0.0,3.141592653589793,0.0,0.0,-0.5,0.0,5_7,1.0,-0.4998284660532306,9999.0,180.0,180.0,0.5
lpJL9-mBNmk_00,88,7,5,114.78920898760475,0.0,0.0,0.0,3.141592653589793,0.0,0.0,0.0,0.0,5_7,1.0,-0.0,9999.0,0.0,180.0,0.0
lpJL9-mBNmk_00,89,7,5,114.78920898760475,0.0,0.0,0.0,3.141592653589793,0.0,0.0,0.0,0.0,5_7,1.0,-0.0,9999.0,0.0,180.0,0.0
lpJL9-mBNmk_00,90,7,5,115.06954418958998,-0.5880026035475676,0.7853981633974483,-0.5880026035475676,2.677945044588987,0.75,-0.5,0.5,0.5,5_7,1.0,-0.2803352019852241,9999.0,78.69006752597979,172.87498365109818,1.0307764064044151
lpJL9-mBNmk_00,91,7,5,115.36936335093473,0.0,0.0,-0.3805063771123649,2.582993338246237,0.5,0.0,0.19999999999998863,0.0,5_7,1.0,-0.2998191613447574,9999.0,0.0,169.79602627826867,0.30000000000001137
lpJL9-mBNmk_00,92,7,5,114.86966527330009,3.141592653589793,0.0,-0.5880026035475676,1.1902899496825512,-0.5,0.0,0.0,0.0,5_7,1.0,0.4996980776346476,229.87814125089875,180.0,101.88865803962909,0.5
lpJL9-mBNmk_00,93,7,5,114.86966527330009,0.0,0.0,-0.5880026035475676,1.1902899496825512,0.0,0.0,0.0,0.0,5_7,1.0,-0.0,9999.0,0.0,101.88865803962909,0.0
lpJL9-mBNmk_00,94,7,5,114.86966527330009,0.0,0.0,-0.5880026035475676,1.670464979286081,0.0,0.0,0.0,0.0,5_7,1.0,-0.0,9999.0,0.0,129.40066066348072,0.0
lpJL9-mBNmk_00,95,7,5,114.56984769126649,0.0,0.0,-0.5880026035475676,1.1071487177940904,0.0,0.0,0.30000000000001137,0.0,5_7,1.0,0.2998175820335973,382.13185135496116,0.0,97.1250163489018,0.30000000000001137
lpJL9-mBNmk_00,96,7,5,114.55348095976831,0.0,-1.5707963267948966,-0.5880026035475676,0.0,0.0,0.0,0.0,-0.5,5_7,1.0,0.016366731498180798,6999.166630948959,90.0,33.690067525979785,0.5
lpJL9-mBNmk_00,97,7,5,114.0537154151499,3.141592653589793,0.0,-1.1071487177940904,0.0,-0.5,0.0,0.0,0.0,5_7,1.0,0.4997655446184126,228.2144430389527,180.0,63.43494882292201,0.5
lpJL9-mBNmk_00,98,7,5,114.55348095976831,0.0,0.0,-0.5880026035475676,0.0,0.5,0.0,0.0,0.0,5_7,1.0,-0.4997655446184126,9999.0,0.0,33.690067525979785,0.5
lpJL9-mBNmk_00,99,7,5,114.35357449594657,0.0,0.0,-0.5880026035475676,0.0,0.0,0.0,0.19999999999998863,0.0,5_7,1.0,0.19990646382173338,572.0354025066513,0.0,33.690067525979785,0.19999999999998863
lpJL9-mBNmk_00,100,7,5,114.55348095976831,0.0,3.141592653589793,-0.5880026035475676,0.0,0.0,0.0,-0.19999999999998863,0.0,5_7,1.0,-0.19990646382173338,9999.0,180.0,33.690067525979785,0.19999999999998863
lpJL9-mBNmk_00,101,7,5,114.55348095976831,0.0,0.0,-0.5880026035475676,0.0,0.0,0.0,0.0,0.0,5_7,1.0,-0.0,9999.0,0.0,33.690067525979785,0.0
lpJL9-mBNmk_00,102,7,5,114.0537154151499,3.141592653589793,0.0,-1.1071487177940904,0.0,-0.5,0.0,0.0,0.0,5_7,1.0,0.4997655446184126,228.2144430389527,180.0,63.43494882292201,0.5
lpJL9-mBNmk_00,103,7,5,114.55348095976831,0.0,0.0,-0.5880026035475676,0.0,0.5,0.0,0.0,0.0,5_7,1.0,-0.4997655446184126,9999.0,0.0,33.690067525979785,0.5
lpJL9-mBNmk_00,104,7,5,114.0537154151499,3.141592653589793,0.0,-1.1071487177940904,0.0,-0.5,0.0,0.0,0.0,5_7,1.0,0.4997655446184126,228.2144430389527,180.0,63.43494882292201,0.5
lpJL9-mBNmk_00,105,7,5,113.80383341522376,3.141592653589793,0.0,-1.5707963267948966,0.0,-0.25,0.0,0.0,0.0,5_7,1.0,0.24988199992613147,455.4302968955976,180.0,90.0,0.25
lpJL9-mBNmk_00,106,7,5,115.55301813453424,0.0,3.141592653589793,-0.3805063771123649,0.0,1.25,0.0,-0.5,0.0,5_7,1.0,-1.7491847193104775,9999.0,180.0,21.80140948635182,1.75
lpJL9-mBNmk_00,107,7,5,114.85334126615561,0.0,0.0,-0.3805063771123649,0.0,0.0,0.0,0.6999999999999886,0.0,5_7,1.0,0.6996768683786314,164.15197708666068,0.0,21.80140948635182,0.6999999999999886
lpJL9-mBNmk_00,108,7,5,113.82030794194857,3.141592653589793,1.951302703907242,-1.5707963267948966,0.46364760900080615,-1.25,0.0,-0.19999999999998863,0.5,5_7,1.0,1.0330333242070395,110.1806740158334,68.19859051364931,116.56505117707799,1.162970334961311
lpJL9-mBNmk_00,109,7,5,113.82030794194857,0.0,0.0,-1.5707963267948966,0.46364760900080615,0.0,0.0,0.0,0.0,5_7,1.0,-0.0,9999.0,0.0,116.56505117707799,0.0
lpJL9-mBNmk_00,110,7,5,113.82030794194857,3.141592653589793,3.141592653589793,3.141592653589793,0.0,-0.25,0.0,-0.25,0.0,5_7,1.0,-0.0,9999.0,0.0,180.0,0.0
lpJL9-mBNmk_00,111,7,5,114.6034576267226,0.0,-2.4037775934693384,3.141592653589793,-2.356194490192345,0.25,0.0,-0.5500000000000114,-0.5,5_7,1.0,-0.7831496847740311,9999.0,137.72631099390685,45.00000000000001,0.94339811320567
lpJL9-mBNmk_00,112,7,5,114.32000043736879,0.0,1.0303768265242956,3.141592653589793,3.141592653589793,0.0,0.0,0.30000000000001137,0.5,5_7,1.0,0.28345718935381115,403.30605372183595,59.036243467925516,0.0,0.5830951894845359
lpJL9-mBNmk_00,113,7,5,114.32000043736879,0.0,0.0,3.141592653589793,3.141592653589793,0.0,0.0,0.0,0.0,5_7,1.0,-0.0,9999.0,0.0,0.0,0.0
lpJL9-mBNmk_00,114,7,5,114.32000043736879,0.0,0.0,3.141592653589793,3.141592653589793,0.0,0.0,0.0,0.0,5_7,1.0,-0.0,9999.0,0.0,0.0,0.0
lpJL9-mBNmk_00,115,7,5,114.32000043736879,0.0,0.0,3.141592653589793,3.141592653589793,0.0,0.0,0.0,0.0,5_7,1.0,-0.0,9999.0,0.0,0.0,0.0
lpJL9-mBNmk_00,116,7,5,114.80336449773587,0.0,-2.356194490192345,3.141592653589793,3.141592653589793,0.0,0.0,-0.5,-0.5,5_7,1.0,-0.48336406036708013,9999.0,135.0,0.0,0.7071067811865476
lpJL9-mBNmk_00,117,7,5,114.80336449773587,0.0,0.0,3.141592653589793,3.141592653589793,0.0,0.0,0.0,0.0,5_7,1.0,-0.0,9999.0,0.0,0.0,0.0
lpJL9-mBNmk_00,118,7,5,115.10322541093278,0.0,3.141592653589793,3.141592653589793,3.141592653589793,0.0,0.0,-0.30000000000001137,0.0,5_7,1.0,-0.299860913196909,9999.0,180.0,0.0,0.30000000000001137
lpJL9-mBNmk_00,119,7,5,115.08910678252744,0.0,-1.5707963267948966,3.141592653589793,-2.819842099193151,0.0,0.0,0.0,-0.5,5_7,1.0,0.014118628405341838,8151.57843087527,90.0,18.434948822922024,0.5
lpJL9-mBNmk_00,120,7,5,114.58927742158077,0.0,0.0,3.141592653589793,-2.582993338246237,0.0,0.0,0.5,0.0,5_7,1.0,0.49982936094666286,229.25679516815876,0.0,32.00538320808318,0.5
lpJL9-mBNmk_00,121,7,5,114.78920898760475,0.0,3.141592653589793,3.141592653589793,-2.677945044588987,0.0,0.0,-0.19999999999998863,0.0,5_7,1.0,-0.19993156602397733,9999.0,180.0,26.565051177078008,0.19999999999998863
lpJL9-mBNmk_00,122,7,5,114.78920898760475,0.0,0.0,3.141592653589793,-2.677945044588987,0.0,0.0,0.0,0.0,5_7,1.0,-0.0,9999.0,0.0,26.565051177078008,0.0
lpJL9-mBNmk_00,123,7,5,114.78920898760475,0.0,0.0,3.141592653589793,-2.677945044588987,0.0,0.0,0.0,0.0,5_7,1.0,-0.0,9999.0,0.0,26.565051177078008,0.0
lpJL9-mBNmk_00,124,7,5,115.05324854170786,0.0,2.0344439357957027,3.141592653589793,3.141592653589793,0.0,0.0,-0.25,0.5,5_7,1.0,-0.26403955410310687,9999.0,116.56505117707799,0.0,0.5590169943749475
lpJL9-mBNmk_00,125,7,5,115.05324854170786,0.0,0.0,0.0,3.141592653589793,0.0,0.0,0.0,0.0,5_7,1.0,-0.0,9999.0,0.0,180.0,0.0
lpJL9-mBNmk_00,126,7,5,114.80336449773587,0.0,0.0,3.141592653589793,3.141592653589793,0.0,0.0,0.25,0.0,5_7,1.0,0.2498840439719885,459.42655110305924,0.0,0.0,0.25
lpJL9-mBNmk_00,127,7,5,115.05324854170786,0.0,3.141592653589793,3.141592653589793,3.141592653589793,0.0,0.0,-0.25,0.0,5_7,1.0,-0.2498840439719885,9999.0,180.0,0.0,0.25
lpJL9-mBNmk_00,128,7,5,137.5327233788381,0.0,-1.1071487177940904,0.0,-2.356194490192345,22.75,0.0,0.25,-0.5,5_7,1.0,-22.479474837130255,9999.0,63.43494882292201,135.0,22.5055548698538
lpJL9-mBNmk_00,129,7,5,137.03284277865654,3.141592653589793,0.0,0.0,-2.356194490192345,-0.5,0.0,0.0,0.0,5_7,1.0,0.49988060018156943,274.1311479759021,180.0,135.0,0.5
lpJL9-mBNmk_00,130,7,5,137.03284277865654,0.0,0.0,0.0,-2.214297435588181,0.0,0.0,0.0,0.0,5_7,1.0,-0.0,9999.0,0.0,126.86989764584402,0.0
lpJL9-mBNmk_00,131,7,5,137.28278297004326,0.0,0.0,0.0,-1.951302703907242,0.25,0.0,0.0,0.0,5_7,1.0,-0.2499401913867132,9999.0,0.0,111.80140948635069,0.25
lpJL9-mBNmk_00,132,7,5,137.28278297004326,0.0,0.0,0.0,-2.0344439357957027,0.0,0.0,0.0,0.0,5_7,1.0,-0.0,9999.0,0.0,116.56505117707799,0.0
lpJL9-mBNmk_00,133,7,5,137.7826640038579,0.0,0.0,0.0,-2.0344439357957027,0.5,0.0,0.0,0.0,5_7,1.0,-0.49988103381463134,9999.0,0.0,116.56505117707799,0.5
lpJL9-mBNmk_00,134,7,5,137.7826640038579,0.0,0.0,0.0,-2.0344439357957027,0.0,0.0,0.0,0.0,5_7,1.0,-0.0,9999.0,0.0,116.56505117707799,0.0
lpJL9-mBNmk_00,135,7,5,137.33277103444757,3.141592653589793,3.141592653589793,0.0,-2.245537269018456,-0.75,0.0,-0.30000000000001137,0.0,5_7,1.0,0.449892969410314,305.25653960419316,0.0,128.65980825409048,0.44999999999998863
lpJL9-mBNmk_00,136,7,5,136.83289078288158,3.141592653589793,0.0,0.0,-2.1112158270654975,-0.5,0.0,0.0,0.0,5_7,1.0,0.49988025156599747,273.7313393642157,180.0,120.96375653207448,0.5
lpJL9-mBNmk_00,137,7,5,137.08283079948416,0.0,0.0,0.0,-2.1112158270654975,0.25,0.0,0.0,0.0,5_7,1.0,-0.24994001660257936,9999.0,0.0,120.96375653207448,0.25
lpJL9-mBNmk_00,138,7,5,137.33277103444757,0.0,0.0,0.0,-1.5707963267948966,0.25,0.0,0.0,0.0,5_7,1.0,-0.2499402349634181,9999.0,0.0,90.0,0.25
lpJL9-mBNmk_00,139,7,5,137.03284277865654,0.0,0.0,0.0,0.0,0.0,0.0,0.30000000000001137,0.0,5_7,1.0,0.29992825579103055,456.8854055355546,0.0,0.0,0.30000000000001137
lpJL9-mBNmk_00,140,7,5,138.77252069484072,0.27829965900511133,0.0,0.020830320036217088,3.141592653589793,1.75,0.5,0.0,0.0,5_7,1.0,-1.7396779161841778,9999.0,15.945395900922854,178.80651057601796,1.8200274723201295
lpJL9-mBNmk_00,141,7,5,136.78290280586972,-2.896613990462929,0.0,0.0,0.0,-2.0,-0.5,0.0,0.0,5_7,1.0,1.9896178889709972,68.74832778901678,165.96375653207352,0.0,2.0615528128088303
lpJL9-mBNmk_00,142,7,5,138.77252069484072,0.24497866312686417,0.0,0.020830320036217088,0.0,2.0,0.5,0.0,0.0,5_7,1.0,-1.9896178889709972,9999.0,14.036243467926484,1.193489423982035,2.0615528128088303
lpJL9-mBNmk_00,143,7,5,137.7826640038579,-2.677945044588987,0.0,0.0,0.0,-1.0,-0.5,0.0,0.0,5_7,1.0,0.9898566909828332,139.1945574132078,153.434948822922,0.0,1.118033988749895
lpJL9-mBNmk_00,144,7,5,137.5445382412548,3.141592653589793,1.5707963267948966,0.0,0.0,-0.25,0.0,0.0,0.5,5_7,1.0,0.23812576260309015,577.6130089313986,90.0,0.0,0.5590169943749475
lpJL9-mBNmk_00,145,7,5,138.0825930376454,0.0,-2.1112158270654975,0.0,-1.670464979286081,0.25,0.0,-0.30000000000001137,-0.5,5_7,1.0,-0.538054796390611,9999.0,120.96375653207448,95.71059313750094,0.7433034373659336
lpJL9-mBNmk_00,146,7,5,138.77252069484072,0.46364760900080615,0.0,0.020830320036217088,-1.5707963267948966,1.0,0.5,0.30000000000001137,0.0,5_7,1.0,-0.6899276571953123,9999.0,26.565051177077994,91.19348942398203,0.8602325267042534
lpJL9-mBNmk_00,147,7,5,138.52256133929953,3.141592653589793,0.0,0.02104952213704643,-1.1071487177940904,-0.25,0.0,0.0,0.0,5_7,1.0,0.24995935554119342,554.1803427976552,180.0,64.64099760214195,0.25
lpJL9-mBNmk_00,148,7,5,138.77252069484072,0.0,0.0,0.3805063771123649,0.0,0.25,0.0,0.0,0.0,5_7,1.0,-0.24995935554119342,9999.0,0.0,21.80140948635182,0.25
lpJL9-mBNmk_00,149,7,5,138.52256133929953,3.141592653589793,0.0,0.32175055439664224,0.0,-0.25,0.0,0.0,0.0,5_7,1.0,0.24995935554119342,554.1803427976552,180.0,18.434948822922014,0.25
lpJL9-mBNmk_00,150,7,5,137.5327233788381,-2.677945044588987,0.0,0.0,0.0,-1.0,-0.5,0.0,0.0,5_7,1.0,0.9898379604614149,138.94468475903568,153.434948822922,0.0,1.118033988749895
lpJL9-mBNmk_00,151,7,5,137.7826640038579,0.0,0.0,0.0,0.0,0.25,0.0,0.0,0.0,5_7,1.0,-0.2499406250197751,9999.0,0.0,0.0,0.25
lpJL9-mBNmk_00,152,7,5,138.77252069484072,0.46364760900080615,0.0,0.32175055439664224,0.0,1.0,0.5,0.0,0.0,5_7,1.0,-0.9898566909828332,9999.0,26.565051177077994,18.434948822922014,1.118033988749895
lpJL9-mBNmk_00,153,7,5,137.8444413097605,-2.761086276477428,2.1112158270654975,3.141592653589793,2.1112158270654975,-1.25,-0.5,-0.30000000000001137,0.5,5_7,1.0,0.928079385080224,148.52656305672073,80.83765295427735,59.036243467925516,1.3793114224133645
lpJL9-mBNmk_00,154,7,5,137.8444413097605,0.0,0.0,3.141592653589793,2.1112158270654975,0.0,0.0,0.0,0.0,5_7,1.0,-0.0,9999.0,0.0,59.036243467925516,0.0
lpJL9-mBNmk_00,155,7,5,138.09436085517757,0.0,0.0,0.0,1.5707963267948966,0.25,0.0,0.0,0.0,5_7,1.0,-0.24991954541707173,9999.0,0.0,90.0,0.25
lpJL9-mBNmk_00,156,7,5,138.04437692278523,0.0,0.0,0.0,1.0303768265242956,0.25,0.0,0.30000000000001137,0.0,5_7,1.0,0.04998393239233678,2761.7750408119014,0.0,59.036243467925516,0.05000000000001137
lpJL9-mBNmk_00,157,7,5,138.04437692278523,0.0,0.0,0.0,1.0303768265242956,0.0,0.0,0.0,0.0,5_7,1.0,-0.0,9999.0,0.0,59.036243467925516,0.0
lpJL9-mBNmk_00,158,7,5,137.79445743570386,3.141592653589793,0.0,0.0,1.0303768265242956,-0.25,0.0,0.0,0.0,5_7,1.0,0.24991948708137102,551.3553946709226,180.0,59.036243467925516,0.25
lpJL9-mBNmk_00,159,7,5,138.8441212295285,0.0,3.141592653589793,0.0,2.1112158270654975,0.75,0.0,-0.30000000000001137,0.0,5_7,1.0,-1.0496637938246351,9999.0,180.0,120.96375653207448,1.0500000000000114
lpJL9-mBNmk_00,160,7,5,138.03260484392808,3.141592653589793,-1.0303768265242956,-2.5535900500422253,0.0,-0.5,0.0,0.30000000000001137,-0.5,5_7,1.0,0.8115163856004131,170.09219689606454,120.96375653207448,146.3099324740202,0.94339811320567
lpJL9-mBNmk_00,161,7,5,138.04437692278523,0.0,1.5707963267948966,0.0,1.5707963267948966,0.0,0.0,0.0,0.5,5_7,1.0,-0.011772078857148927,9999.0,90.0,90.0,0.5
lpJL9-mBNmk_00,162,7,5,138.03260484392808,0.0,-1.5707963267948966,-2.5535900500422253,0.0,0.0,0.0,0.0,-0.5,5_7,1.0,0.011772078857148927,11725.423055597686,90.0,146.3099324740202,0.5
lpJL9-mBNmk_00,163,7,5,138.04437692278523,0.0,1.5707963267948966,0.0,1.5707963267948966,0.0,0.0,0.0,0.5,5_7,1.0,-0.011772078857148927,9999.0,90.0,90.0,0.5
lpJL9-mBNmk_00,164,7,5,138.04437692278523,0.0,0.0,0.0,0.0,0.0,0.0,0.0,0.0,5_7,1.0,-0.0,9999.0,0.0,0.0,0.0
lpJL9-mBNmk_00,165,7,5,138.04437692278523,0.0,0.0,0.0,1.0303768265242956,0.0,0.0,0.0,0.0,5_7,1.0,-0.0,9999.0,0.0,59.036243467925516,0.0
lpJL9-mBNmk_00,169,7,5,114.03946685248927,3.141592653589793,-1.5707963267948966,-3.1213933810087253,0.0,-24.0,0.0,0.0,-0.5,5_7,4.0,6.001227517573991,19.002690119402434,90.00000000000001,178.8426669318705,6.001301942078902
lpJL9-mBNmk_00,170,7,5,142.03168660548954,0.0,0.0,-0.12435499454676144,0.0,28.5,0.0,0.5,0.0,5_7,1.0,-27.99221975300027,9999.0,0.0,7.1250163489017995,28.0
lpJL9-mBNmk_00,171,7,5,142.5315754490913,0.0,0.0,-0.11710874456686429,0.0,0.5,0.0,0.0,0.0,5_7,1.0,-0.49988884360175234,9999.0,0.0,6.709836807756936,0.5
lpJL9-mBNmk_00,172,7,5,142.5315754490913,0.0,0.0,-0.11065722117389566,0.0,0.0,0.0,0.0,0.0,5_7,1.0,-0.0,9999.0,0.0,6.340191745909912,0.0
lpJL9-mBNmk_00,173,7,5,141.0319112825179,3.141592653589793,0.0,0.0,-0.5585993153435561,-1.5,0.0,0.0,0.0,5_7,1.0,1.4996641665733819,94.04232922679286,180.0,32.00538320808313,1.5
lpJL9-mBNmk_00,174,7,5,141.0319112825179,0.0,0.0,0.0,-0.5585993153435561,0.0,0.0,0.0,0.0,5_7,1.0,-0.0,9999.0,0.0,32.00538320808313,0.0
lpJL9-mBNmk_00,175,7,5,140.78196795044457,3.141592653589793,0.0,-0.19739555984988078,-0.5585993153435561,-0.25,0.0,0.0,0.0,5_7,1.0,0.24994333207334307,563.2555458976344,180.0,20.695450734062927,0.25
lpJL9-mBNmk_00,176,7,5,138.58247544332582,3.141592653589793,3.141592653589793,0.0,-1.1902899496825512,-2.5,0.0,-0.30000000000001137,0.0,5_7,1.0,2.199492507118748,63.006568558336944,0.0,68.19859051364931,2.1999999999999886
lpJL9-mBNmk_00,177,7,5,138.03260484392808,3.141592653589793,0.0,0.0,-0.7853981633974483,-0.25,0.0,0.30000000000001137,0.0,5_7,1.0,0.5498705993977353,251.0274326270818,180.0,45.0,0.5500000000000114
lpJL9-mBNmk_00,178,7,5,137.83265215470536,3.141592653589793,3.141592653589793,0.0,-1.1902899496825512,-0.5,0.0,-0.30000000000001137,0.0,5_7,1.0,0.19995268922272658,689.3263235943482,0.0,68.19859051364931,0.19999999999998863
lpJL9-mBNmk_00,179,7,5,137.83265215470536,0.0,0.0,0.0,-0.7853981633974483,0.0,0.0,0.0,0.0,5_7,1.0,-0.0,9999.0,0.0,45.0,0.0
lpJL9-mBNmk_00,180,7,5,138.79413712401544,0.0,1.951302703907242,0.0,1.5707963267948966,0.75,0.0,-0.19999999999998863,0.5,5_7,1.0,-0.961484969310078,9999.0,111.80140948635069,90.0,1.0735455276791843
lpJL9-mBNmk_00,181,7,5,138.03260484392808,3.141592653589793,-1.5707963267948966,0.0,-1.5707963267948966,-0.75,0.0,0.0,-0.5,5_7,1.0,0.7615322800873514,181.25640692223195,90.00000000000001,90.0,0.9013878188659973
lpJL9-mBNmk_00,182,7,5,137.8444413097605,0.0,1.1902899496825512,3.141592653589793,1.1902899496825512,0.0,0.0,0.19999999999998863,0.5,5_7,1.0,0.18816353416758602,732.5778712627214,68.19859051364931,111.80140948635069,0.5385164807134462
lpJL9-mBNmk_00,189,7,5,123.73637298708896,3.141592653589793,0.0,3.141592653589793,0.0,-13.800000000000011,0.0,0.0,0.0,5_7,7.0,2.0154383318102203,61.39427390762773,180.0,180.0,1.971428571428573
lpJL9-mBNmk_00,190,7,5,124.53613933312691,0.0,0.0,3.141592653589793,0.0,1.0,0.0,0.19999999999998863,0.0,5_7,1.0,-0.7997663460379556,9999.0,0.0,180.0,0.8000000000000114
lpJL9-mBNmk_00,191,7,5,130.034610777285,0.0,3.141592653589793,3.141592653589793,0.0,5.300000000000011,0.0,-0.19999999999998863,0.0,5_7,1.0,-5.498471444158085,9999.0,180.0,180.0,5.5
lpJL9-mBNmk_00,192,7,5,129.0348790056394,3.141592653589793,0.0,3.141592653589793,0.0,-1.0,0.0,0.0,0.0,5_7,1.0,0.9997317716455996,129.0694991049876,180.0,180.0,1.0
lpJL9-mBNmk_00,193,7,5,132.23403495318442,0.0,0.0,3.141592653589793,0.0,3.1999999999999886,0.0,0.0,0.0,5_7,1.0,-3.199155947545023,9999.0,0.0,180.0,3.1999999999999886
lpJL9-mBNmk_00,194,7,5,131.03434664239754,3.141592653589793,0.0,3.141592653589793,0.0,-1.0,0.0,0.19999999999998863,0.0,5_7,1.0,1.1996883107868825,109.22365873220133,180.0,180.0,1.1999999999999886
lpJL9-mBNmk_00,195,7,5,134.03357788255897,0.0,3.141592653589793,0.0,0.0,2.8000000000000114,0.0,-0.19999999999998863,0.0,5_7,1.0,-2.9992312401614356,9999.0,180.0,0.0,3.0
lpJL9-mBNmk_00,196,7,5,134.03357788255897,0.0,0.0,3.141592653589793,0.0,0.0,0.0,0.0,0.0,5_7,1.0,-0.0,9999.0,0.0,180.0,0.0
lpJL9-mBNmk_00,197,7,5,135.03332921912278,0.0,0.0,3.141592653589793,0.0,1.0,0.0,0.0,0.0,5_7,1.0,-0.9997513365638042,9999.0,0.0,180.0,1.0
lpJL9-mBNmk_00,219,7,5,138.83241696376248,0.0,0.0,3.141592653589793,0.0,3.5,0.0,0.0,0.0,5_7,22.0,-0.1726858065745321,9999.0,0.0,180.0,0.1590909090909091
lpJL9-mBNmk_00,220,7,5,128.83493315091215,3.141592653589793,0.0,3.141592653589793,0.0,-10.0,0.0,0.0,0.0,5_7,1.0,9.997483812850334,12.886735859008173,180.0,180.0,10.0
lpJL9-mBNmk_00,221,7,5,138.0825930376454,0.0,0.0,3.141592653589793,0.0,9.25,0.0,0.0,0.0,5_7,1.0,-9.24765988673326,9999.0,0.0,180.0,9.25
lpJL9-mBNmk_00,222,7,5,138.78242864282208,0.0,3.141592653589793,3.141592653589793,3.141592653589793,0.5,0.0,-0.19999999999998863,0.0,5_7,1.0,-0.6998356051766734,9999.0,180.0,0.0,0.6999999999999886
lpJL9-mBNmk_00,223,7,5,114.28938052155152,3.141592653589793,0.0,3.141592653589793,3.141592653589793,-24.5,0.0,0.0,0.0,5_7,1.0,24.49304812127056,4.666196708375341,180.0,0.0,24.5
lpJL9-mBNmk_00,224,7,5,114.53929456741035,0.0,0.0,3.141592653589793,3.141592653589793,0.25,0.0,0.0,0.0,5_7,1.0,-0.24991404585883004,9999.0,0.0,0.0,0.25
lpJL9-mBNmk_00,236,7,5,143.30583554063665,0.0,3.141592653589793,0.0,1.7681918866447663,28.75,0.0,-0.5,0.0,5_7,12.0,-2.3972117477688584,9999.0,180.0,101.30993247401959,2.4375
lpJL9-mBNmk_00,237,7,5,152.54015864682978,0.052583061610941714,0.0,0.033885329904117606,1.8157749899217608,9.5,0.5,0.25,0.0,5_7,1.0,-9.23432310619313,9999.0,3.01278750418334,102.0947570770121,9.263503656824453
lpJL9-mBNmk_00,238,7,5,151.8027091326107,-2.677945044588987,3.141592653589793,0.0,1.7681918866447663,-1.0,-0.5,-0.25,0.0,5_7,1.0,0.7374495142190938,205.84827327923443,26.565051177078008,101.30993247401959,0.9013878188659973
lpJL9-mBNmk_00,239,7,5,167.28661781505417,0.03224688243525392,0.0,0.017092352397716833,1.7681918866447663,15.5,0.5,0.0,0.0,5_7,1.0,-15.483908682443484,9999.0,1.8476102659945954,100.3306128196801,15.508062419270823
lpJL9-mBNmk_00,240,7,5,151.8027091326107,-3.1098572800613353,3.141592653589793,0.0,1.9936502529278277,-15.75,-0.5,-0.25,0.0,5_7,1.0,15.483908682443484,9.803901085049219,1.8183029644518154,114.22774531795362,15.508062419270823
lpJL9-mBNmk_00,241,7,5,152.55244999671424,0.0,0.0,0.0,1.9936502529278277,0.75,0.0,0.0,0.0,5_7,1.0,-0.7497408641035577,9999.0,0.0,114.22774531795362,0.75
lpJL9-mBNmk_00,247,7,5,154.8016876522992,0.0,0.0,0.0,2.0344439357957027,2.5,0.0,0.25,0.0,5_7,6.0,-0.3748729425974915,9999.0,0.0,116.56505117707799,0.375
lpJL9-mBNmk_00,179,21,6,319.01622607635494,0.0,0.0,0.0,0.0,,,0.05000000000001137,0.0,6_21,,0.0,9999.0,0.0,0.0,0.0
lpJL9-mBNmk_00,180,21,6,319.06621569824654,0.0,3.141592653589793,0.0,0.0,0.0,0.0,-0.05000000000001137,0.0,6_21,1.0,-0.049989621891597835,9999.0,180.0,0.0,0.05000000000001137
lpJL9-mBNmk_00,181,21,6,318.81626762133703,0.0,0.0,0.0,0.0,0.0,0.0,0.25,0.0,6_21,1.0,0.24994807690950438,1275.529988321402,0.0,0.0,0.25
lpJL9-mBNmk_00,182,21,6,318.81626762133703,0.0,0.0,0.0,0.0,0.0,0.0,0.0,0.0,6_21,1.0,-0.0,9999.0,0.0,0.0,0.0
lpJL9-mBNmk_00,183,21,6,319.01622607635494,0.0,3.141592653589793,0.0,0.0,0.0,0.0,-0.19999999999998863,0.0,6_21,1.0,-0.19995845501790654,9999.0,180.0,0.0,0.19999999999998863
lpJL9-mBNmk_00,184,21,6,320.53775518649906,-0.24497866312686417,0.7853981633974483,-0.24497866312686417,0.7378150601204546,2.0,-0.5,0.5,0.5,6_21,1.0,-1.5215291101441153,9999.0,59.03624346792648,56.30993247401962,1.8027756377319946
lpJL9-mBNmk_00,185,21,6,320.5264458667958,0.0,-1.5707963267948966,-0.24497866312686417,0.0,0.0,0.0,0.0,-0.5,6_21,1.0,0.011309319703229903,28341.797232529785,90.0,14.036243467926484,0.5
lpJL9-mBNmk_00,186,21,6,320.5264458667958,0.0,0.0,-0.24497866312686417,0.0,0.0,0.0,0.0,0.0,6_21,1.0,-0.0,9999.0,0.0,14.036243467926484,0.0
lpJL9-mBNmk_00,187,21,6,320.5264458667958,0.0,0.0,-0.24497866312686417,0.0,0.0,0.0,0.0,0.0,6_21,1.0,-0.0,9999.0,0.0,14.036243467926484,0.0
lpJL9-mBNmk_00,188,21,6,320.5264458667958,0.0,0.0,-0.24497866312686417,0.0,0.0,0.0,0.0,0.0,6_21,1.0,-0.0,9999.0,0.0,14.036243467926484,0.0
lpJL9-mBNmk_00,192,21,6,320.5264458667958,0.0,0.0,-0.24497866312686417,-1.5707963267948966,0.0,0.0,0.0,0.0,6_21,4.0,-0.0,9999.0,0.0,75.96375653207352,0.0
lpJL9-mBNmk_00,193,21,6,320.5264458667958,0.0,0.0,-0.24497866312686417,0.0,0.0,0.0,0.0,0.0,6_21,1.0,-0.0,9999.0,0.0,14.036243467926484,0.0
lpJL9-mBNmk_00,194,21,6,320.7763862880184,0.0,3.141592653589793,-0.24497866312686417,-1.471127674303712,0.0,0.0,-0.25,0.0,6_21,1.0,-0.24994042122256133,9999.0,180.0,70.25316339457258,0.25
lpJL9-mBNmk_00,195,21,6,320.7763862880184,0.0,0.0,-0.24497866312686417,-1.471127674303712,0.0,0.0,0.0,0.0,6_21,1.0,-0.0,9999.0,0.0,70.25316339457258,0.0
lpJL9-mBNmk_00,196,21,6,321.02632680202413,0.0,3.141592653589793,-0.24497866312686417,0.0,0.0,0.0,-0.25,0.0,6_21,1.0,-0.24994051400574335,9999.0,180.0,14.036243467926484,0.25
lpJL9-mBNmk_00,197,21,6,320.5764339436073,0.0,0.0,-0.24497866312686417,0.0,0.0,0.0,0.44999999999998863,0.0,6_21,1.0,0.44989285841683113,712.5617309679305,0.0,14.036243467926484,0.44999999999998863
lpJL9-mBNmk_00,198,21,6,321.0763149159402,0.0,3.141592653589793,-0.24497866312686417,0.0,0.0,0.0,-0.5,0.0,6_21,1.0,-0.4998809723329032,9999.0,180.0,14.036243467926484,0.5
lpJL9-mBNmk_00,199,21,6,321.0763149159402,0.0,0.0,-0.24497866312686417,3.141592653589793,0.0,0.0,0.0,0.0,6_21,1.0,-0.0,9999.0,0.0,165.96375653207352,0.0
lpJL9-mBNmk_00,200,21,6,320.82637438340385,0.0,0.0,-0.24497866312686417,0.0,0.0,0.0,0.25,0.0,6_21,1.0,0.24994053253635684,1283.610829855041,0.0,14.036243467926484,0.25
lpJL9-mBNmk_00,201,21,6,321.0763149159402,0.0,3.141592653589793,-0.24497866312686417,3.141592653589793,0.0,0.0,-0.25,0.0,6_21,1.0,-0.24994053253635684,9999.0,180.0,165.96375653207352,0.25
lpJL9-mBNmk_00,202,21,6,321.0763149159402,0.0,0.0,-0.24497866312686417,3.141592653589793,0.0,0.0,0.0,0.0,6_21,1.0,-0.0,9999.0,0.0,165.96375653207352,0.0
lpJL9-mBNmk_00,203,21,6,320.82637438340385,0.0,0.0,-0.24497866312686417,0.0,0.0,0.0,0.25,0.0,6_21,1.0,0.24994053253635684,1283.610829855041,0.0,14.036243467926484,0.25
lpJL9-mBNmk_00,204,21,6,321.0763149159402,0.0,3.141592653589793,-0.24497866312686417,-2.4037775934693384,0.0,0.0,-0.25,0.0,6_21,1.0,-0.24994053253635684,9999.0,180.0,123.69006752598037,0.25
lpJL9-mBNmk_00,205,21,6,321.1263030335572,0.0,3.141592653589793,-0.24497866312686417,3.141592653589793,0.0,0.0,-0.05000000000001137,0.0,6_21,1.0,-0.049988117616976524,9999.0,180.0,165.96375653207352,0.05000000000001137
lpJL9-mBNmk_00,206,21,6,321.0658032241989,0.0,-1.471127674303712,-0.24497866312686417,-2.4037775934693384,0.0,0.0,0.05000000000001137,-0.5,6_21,1.0,0.0604998093583049,5306.889503117512,84.28940686249906,123.69006752598037,0.5024937810560456
lpJL9-mBNmk_00,207,21,6,321.0763149159402,0.0,1.5707963267948966,0.0,3.141592653589793,0.0,0.0,0.0,0.5,6_21,1.0,-0.010511691741328377,9999.0,90.0,180.0,0.5
lpJL9-mBNmk_00,208,21,6,321.11579297817167,0.0,-1.670464979286081,0.0,-2.4468543773931084,0.0,0.0,-0.05000000000001137,-0.5,6_21,1.0,-0.03947806223146699,9999.0,95.71059313750094,140.19442890773587,0.5024937810560456
lpJL9-mBNmk_00,209,21,6,321.1263030335572,0.0,1.5707963267948966,0.0,3.141592653589793,0.0,0.0,0.0,0.5,6_21,1.0,-0.010510055385509531,9999.0,90.0,180.0,0.5
lpJL9-mBNmk_00,210,21,6,321.1263030335572,0.0,0.0,0.0,3.141592653589793,0.0,0.0,0.0,0.0,6_21,1.0,-0.0,9999.0,0.0,180.0,0.0
lpJL9-mBNmk_00,211,21,6,321.1263030335572,0.0,0.0,0.0,3.141592653589793,0.0,0.0,0.0,0.0,6_21,1.0,-0.0,9999.0,0.0,180.0,0.0
lpJL9-mBNmk_00,212,21,6,321.0763149159402,0.0,0.0,0.0,3.141592653589793,0.0,0.0,0.05000000000001137,0.0,6_21,1.0,0.049988117616976524,6423.052721771205,0.0,180.0,0.05000000000001137
lpJL9-mBNmk_00,213,21,6,321.0763149159402,0.0,0.0,0.0,3.141592653589793,0.0,0.0,0.0,0.0,6_21,1.0,-0.0,9999.0,0.0,180.0,0.0
lpJL9-mBNmk_00,214,21,6,321.0763149159402,0.0,0.0,0.0,3.141592653589793,0.0,0.0,0.0,0.0,6_21,1.0,-0.0,9999.0,0.0,180.0,0.0
lpJL9-mBNmk_00,215,21,6,321.11579297817167,0.0,-1.670464979286081,0.0,-2.1815222911841357,0.0,0.0,-0.05000000000001137,-0.5,6_21,1.0,-0.03947806223146699,9999.0,95.71059313750094,124.99202019856041,0.5024937810560456
lpJL9-mBNmk_00,216,21,6,320.75612231101684,0.0,-0.9600703624056575,0.0,-1.3258176636680323,0.0,0.0,0.35000000000002274,-0.5,6_21,1.0,0.3596706671548304,891.8050639168144,55.00797980143959,75.96375653207352,0.6103277807866982
lpJL9-mBNmk_00,217,21,6,320.75612231101684,0.0,0.0,0.0,-1.7681918866447663,0.0,0.0,0.0,0.0,6_21,1.0,-0.0,9999.0,0.0,101.30993247401959,0.0
lpJL9-mBNmk_00,218,21,6,321.1060611386836,0.0,3.141592653589793,0.0,-1.6207547225168506,0.0,0.0,-0.35000000000002274,0.0,6_21,1.0,-0.34993882766673323,9999.0,180.0,92.86240522611239,0.35000000000002274
lpJL9-mBNmk_00,219,21,6,321.1060611386836,0.0,0.0,0.0,-1.6207547225168506,0.0,0.0,0.0,0.0,6_21,1.0,-0.0,9999.0,0.0,92.86240522611239,0.0
lpJL9-mBNmk_00,250,21,6,338.02248815722305,0.0,1.5707963267948966,0.0,1.5707963267948966,17.0,0.0,0.0,1.0,6_21,31.0,-0.5456911941464349,9999.0,90.0,90.0,0.5493350440621421
lpJL9-mBNmk_00,251,21,6,337.02270324119115,3.141592653589793,0.0,0.0,1.5707963267948966,-1.0,0.0,0.0,0.0,6_21,1.0,0.9997849160318992,337.0952070159439,180.0,90.0,1.0
lpJL9-mBNmk_00,252,21,6,338.3724131781431,0.0,3.141592653589793,0.0,1.7196862744043995,1.0,0.0,-0.35000000000002274,0.0,6_21,1.0,-1.3497099369519674,9999.0,180.0,98.53076560994846,1.3500000000000227
lpJL9-mBNmk_00,253,21,6,338.32242387994324,0.0,0.0,0.0,1.8157749899217608,0.0,0.0,0.05000000000001137,0.0,6_21,1.0,0.04998929819987552,6767.897051228971,0.0,104.03624346792648,0.05000000000001137
lpJL9-mBNmk_00,254,21,6,337.32263858211473,3.141592653589793,0.0,0.0,1.8157749899217608,-1.0,0.0,0.0,0.0,6_21,1.0,0.9997852978285096,337.3950780380197,180.0,104.03624346792648,1.0
lpJL9-mBNmk_00,255,21,6,337.87252033866264,0.0,3.141592653589793,0.0,2.1112158270654975,0.5,0.0,-0.05000000000001137,0.0,6_21,1.0,-0.5498817565479044,9999.0,180.0,120.96375653207448,0.5500000000000114
lpJL9-mBNmk_00,283,21,6,322.62594827446844,3.141592653589793,0.0,0.0,1.768191886644821,-15.5,0.0,0.0,0.0,6_21,28.0,0.5445204308640784,592.4955795735815,180.0,101.30993247402272,0.5535714285714286
lpJL9-mBNmk_00,284,21,6,322.62594827446844,0.0,0.0,0.0,3.141592653589793,0.0,0.0,0.0,0.0,6_21,1.0,-0.0,9999.0,0.0,180.0,0.0
lpJL9-mBNmk_00,285,21,6,322.62594827446844,0.0,0.0,0.0,3.141592653589793,0.0,0.0,0.0,0.0,6_21,1.0,-0.0,9999.0,0.0,180.0,0.0
lpJL9-mBNmk_00,204,22,6,260.68700101846275,0.0,3.141592653589793,0.0,-2.4037775934693384,,,-0.25,0.0,6_22,,0.0,9999.0,180.0,137.72631099390685,0.0
lpJL9-mBNmk_00,205,22,6,260.39189695533923,0.321750554396628,3.141592653589793,0.321750554396628,3.141592653589793,0.5999999999999943,0.19999999999998863,-0.05000000000001137,0.0,6_22,1.0,0.29510406312351734,882.3731337319841,161.5650511770788,161.5650511770788,0.6800735254367742
lpJL9-mBNmk_00,206,22,6,259.9123698479932,3.141592653589793,-1.471127674303712,0.34877100358389873,-2.4037775934693384,-0.05000000000001137,0.0,0.05000000000001137,-0.5,6_22,1.0,0.4795271073460299,542.0180963001092,95.71059313750092,157.70941751580634,0.509901951359283
lpJL9-mBNmk_00,207,22,6,260.38447054307983,0.0,1.5707963267948966,0.2782996590051007,3.141592653589793,0.15000000000000568,0.0,0.0,0.5,6_22,1.0,-0.472100695086624,9999.0,90.0,164.05460409907775,0.5220153254455291
lpJL9-mBNmk_00,211,22,6,260.77615400952595,-0.655695626241532,0.0,-0.21866894587395092,3.141592653589793,0.6500000000000057,-0.5,0.0,0.0,6_22,4.0,-0.09792086661153121,9999.0,37.56859202882725,167.471192290848,0.2050152433357102
lpJL9-mBNmk_00,212,22,6,260.78343505675355,0.0,0.0,-0.21866894587395092,3.141592653589793,0.0,0.0,0.05000000000001137,0.0,6_22,1.0,-0.0072810472275932625,9999.0,0.0,167.471192290848,0.05000000000001137
lpJL9-mBNmk_00,213,22,6,260.4997600766649,0.7853981633974483,0.0,-0.031239833430275487,3.141592653589793,0.25,0.25,0.0,0.0,6_22,1.0,0.2836749800886196,918.3036163262803,45.0,178.2100893917535,0.3535533905932738
lpJL9-mBNmk_00,214,22,6,260.71104694661483,-0.7853981633974483,0.0,-0.16076274062584117,3.141592653589793,0.25,-0.25,0.0,0.0,6_22,1.0,-0.21128686994990176,9999.0,45.0,170.78897345918296,0.3535533905932738
lpJL9-mBNmk_00,215,22,6,260.01958580076234,2.582993338246237,-1.670464979286081,-0.03446910099951612,-2.1815222911841357,-0.4000000000000057,0.25,-0.05000000000001137,-0.5,6_22,1.0,0.691461145852486,376.04366833973063,116.29479007058221,123.01708618767798,0.82764726786234
lpJL9-mBNmk_00,216,22,6,259.9123698479932,-2.7468015338900282,-0.9600703624056575,-0.33929261445405867,-1.3258176636680323,-0.5999999999999943,-0.25,0.35000000000002274,-0.5,6_22,1.0,0.10721595276913831,2424.1949368080227,102.3721552505198,56.52372170389652,0.9823441352194415
lpJL9-mBNmk_00,217,22,6,259.9498076552472,3.141592653589793,0.0,-0.46364760900082513,-1.7681918866447663,-0.25,0.0,0.0,0.0,6_22,1.0,-0.03743780725397983,9999.0,180.0,74.74488129694049,0.25
lpJL9-mBNmk_00,218,22,6,260.3696458883024,-1.2793395323170191,3.141592653589793,-0.8176450458327092,-1.6207547225168506,0.15000000000000568,-0.5,-0.35000000000002274,0.0,6_22,1.0,-0.4198382330552022,9999.0,106.69924423399422,46.014794960117385,0.7071067811865677
lpJL9-mBNmk_00,219,22,6,260.1298185521991,1.768191886644821,0.0,-0.6659692373791278,-1.6207547225168506,-0.05000000000001137,0.25,0.0,0.0,6_22,1.0,0.23982733610330342,1084.6545801607476,101.30993247402272,54.705178638742304,0.2549509756796415
lpJL9-mBNmk_00,220,22,6,260.39189695533923,-1.951302703907242,0.0,-0.9272952180016235,-1.862253121272774,-0.09999999999999432,-0.25,0.0,0.0,6_22,1.0,-0.2620784031401513,9999.0,111.80140948635069,53.56914187983759,0.2692582403567231
lpJL9-mBNmk_00,221,22,6,260.39189695533923,0.0,0.0,-0.9272952180016235,-1.6207547225168506,0.0,0.0,0.0,0.0,6_22,1.0,-0.0,9999.0,0.0,39.73230287195576,0.0
lpJL9-mBNmk_00,222,22,6,260.4666773312855,3.141592653589793,0.0,-1.0584068664841757,-1.2793395323170191,-0.15000000000000568,0.0,0.35000000000002274,0.0,6_22,1.0,-0.0747803759462613,9999.0,180.0,12.658509308796093,0.5000000000000284
lpJL9-mBNmk_00,223,22,6,259.95732342059534,2.0344439357957027,3.141592653589793,-0.9827937232473727,-1.862253121272774,-0.25,0.5,-0.35000000000002274,0.0,6_22,1.0,0.5093539106901517,510.3667959834938,63.43494882292201,50.3893117599715,0.509901951359283
lpJL9-mBNmk_00,224,22,6,259.7596004000622,1.5707963267948966,0.0,-0.46364760900091984,-1.6207547225168506,0.0,0.19999999999998863,0.0,0.0,6_22,1.0,0.1977230205331466,1313.754967426849,90.0,66.29735404902789,0.19999999999998863
lpJL9-mBNmk_00,225,22,6,259.93480432600785,-0.9272952180015667,0.0,-0.708626272127697,-1.5707963267948966,0.15000000000000568,-0.19999999999998863,0.0,0.0,6_22,1.0,-0.17520392594565237,9999.0,53.13010235415337,49.39870535499399,0.2499999999999943
lpJL9-mBNmk_00,226,22,6,260.4666773312855,2.0344439357957027,1.5707963267948966,1.1071487177940904,1.670464979286081,-0.25,0.5,0.0,1.0,6_22,1.0,-0.5318730052776459,9999.0,26.565051177077994,32.275644314578926,0.5590169943749475
lpJL9-mBNmk_00,227,22,6,260.42916983318133,0.0,0.0,0.5191461142465055,3.141592653589793,0.25,0.0,0.0,0.0,6_22,1.0,0.037507498104162096,6943.3895353388625,0.0,150.25511870305877,0.25
lpJL9-mBNmk_00,228,22,6,261.0289686988783,-2.1815222911840975,0.0,-2.4468543773930853,0.9600703624056575,-0.3499999999999943,-0.5,0.35000000000002274,0.0,6_22,1.0,-0.5997988656969824,9999.0,124.9920201985582,164.79759129082586,0.8602325267042765
lpJL9-mBNmk_00,229,22,6,261.24945932958406,2.0344439357957027,1.5707963267948966,-2.8632929945846923,0.9600703624056575,-0.15000000000000568,0.30000000000001137,0.0,0.5,6_22,1.0,-0.22049063070573993,9999.0,26.565051177077994,140.93741609948265,0.2499999999999943
lpJL9-mBNmk_00,230,22,6,259.7782997095793,-1.5707963267948966,-1.7359450042095235,-2.855541211872473,-1.471127674303712,0.0,-0.05000000000001137,-0.25,-1.5,6_22,1.0,1.4711596200047552,176.58063487953783,9.462322208025622,79.32105280346605,1.471393896956205
lpJL9-mBNmk_00,231,22,6,258.0949873593054,-2.4468543773931084,-1.5707963267948966,3.141592653589793,-1.5374753309166418,-0.30000000000001137,-0.25,0.0,-2.0,6_22,1.0,1.6833123502739227,153.32566609952454,50.19442890773586,91.90915243299679,1.7755280904564723
lpJL9-mBNmk_00,232,22,6,259.1526384199088,3.141592653589793,1.6207547225168506,3.141592653589793,-1.5707963267948966,-0.5,0.0,-0.05000000000001137,1.0,6_22,1.0,-1.0576510606034049,9999.0,87.1375947738876,90.00000000000001,1.0965856099730606
lpJL9-mBNmk_00,236,22,6,260.3797707196164,-1.3734007669449722,-1.5707963267948966,-2.9441970937399122,3.141592653589793,0.05000000000001137,-0.25,0.0,-0.5,6_22,4.0,-0.3067830749268978,9999.0,11.309932474022714,11.309932474020211,0.06373774391991037
lpJL9-mBNmk_00,237,22,6,260.42916983318133,-1.5707963267948966,0.0,-3.0329314377492014,3.141592653589793,0.0,-0.05000000000001137,0.0,0.0,6_22,1.0,-0.04939911356495941,9999.0,90.0,6.225829064425983,0.05000000000001137
lpJL9-mBNmk_00,264,22,6,260.0320941730078,0.2186689458739453,1.5707963267948966,0.19739555984988078,2.0344439357957027,3.5999999999999943,0.8000000000000114,0.0,0.5,6_22,27.0,0.014706505932352868,17681.43265090335,77.4711922908483,105.25511870305778,0.13379549531991422
lpJL9-mBNmk_00,265,22,6,259.97671049538263,0.0,0.0,0.21866894587394198,2.0344439357957027,0.4000000000000057,0.0,0.0,0.0,6_22,1.0,0.05538367762517282,4694.103418968674,0.0,104.03624346792648,0.4000000000000057
lpJL9-mBNmk_00,266,22,6,259.9974086409324,3.141592653589793,0.0,0.20963984587421303,2.3036114285813905,-0.15000000000000568,0.0,0.0,0.0,6_22,1.0,-0.020698145549772562,9999.0,180.0,119.97573410945046,0.15000000000000568
lpJL9-mBNmk_00,267,22,6,259.99049982643595,0.0,0.0,0.4182243295792291,2.3036114285813905,0.05000000000001137,0.0,0.0,0.0,6_22,1.0,0.006908814496455307,37631.70945750951,0.0,108.02472352123775,0.05000000000001137
lpJL9-mBNmk_00,268,22,6,259.9698299803268,0.0,0.0,0.2970642123410408,2.356194490192345,0.15000000000000568,0.0,0.0,0.0,6_22,1.0,0.020669846109171885,12577.250387218397,0.0,117.97947438848024,0.15000000000000568
lpJL9-mBNmk_00,269,22,6,259.9698299803268,0.0,0.0,0.373726819965552,2.0344439357957027,0.0,0.0,0.0,0.0,6_22,1.0,-0.0,9999.0,0.0,95.15208170220632,0.0
lpJL9-mBNmk_00,270,22,6,259.94240227404225,0.0,0.0,0.348771003583907,3.141592653589793,0.19999999999998863,0.0,0.0,0.0,6_22,1.0,0.027427706284527176,9477.365681893854,0.0,160.0168934781,0.19999999999998863
lpJL9-mBNmk_00,271,22,6,259.9629588999171,3.141592653589793,0.0,0.348771003583907,3.141592653589793,-0.15000000000000568,0.0,0.0,0.0,6_22,1.0,-0.0205566258748604,9999.0,180.0,160.0168934781,0.15000000000000568
lpJL9-mBNmk_00,272,22,6,260.00432688707315,3.141592653589793,0.0,0.17073521147528248,0.0,-0.09999999999999432,0.0,0.19999999999998863,0.0,6_22,1.0,-0.04136798715603618,9999.0,180.0,9.782407031807269,0.29999999999998295
lpJL9-mBNmk_00,273,22,6,260.00432688707315,0.0,0.0,0.1030816085227039,0.0,0.0,0.0,0.0,0.0,6_22,1.0,-0.0,9999.0,0.0,5.906141113770712,0.0
lpJL9-mBNmk_00,274,22,6,259.97671049538263,3.141592653589793,3.141592653589793,0.1831108172624849,3.141592653589793,-0.05000000000001137,0.0,-0.25,0.0,6_22,1.0,0.027616391690514774,9413.855126652015,0.0,169.50852298766836,0.19999999999998863
lpJL9-mBNmk_00,275,22,6,259.9698299803268,0.0,0.0,0.0,0.0,0.30000000000001137,0.0,0.25,0.0,6_22,1.0,0.00688051505585463,37783.48392089026,0.0,0.0,0.05000000000001137
lpJL9-mBNmk_00,276,22,6,259.89476716548177,0.0,3.141592653589793,0.0,3.141592653589793,0.25,0.0,-0.30000000000001137,0.0,6_22,1.0,0.07506281484501187,3462.3637243301764,180.0,180.0,0.5500000000000114
lpJL9-mBNmk_00,277,22,6,259.9015438584388,0.0,0.0,0.12914729012802023,0.0,0.25,0.0,0.30000000000001137,0.0,6_22,1.0,-0.006776692957032537,9999.0,0.0,7.399594659887122,0.05000000000001137
lpJL9-mBNmk_00,278,22,6,259.8879999153482,3.141592653589793,3.141592653589793,0.05190139845817008,3.141592653589793,-0.15000000000000568,0.0,-0.25,0.0,6_22,1.0,0.013543943090610355,19188.503538199406,0.0,177.02626891752007,0.09999999999999432
lpJL9-mBNmk_00,279,22,6,259.86775482925924,0.0,0.0,0.06241880999595735,1.4876550949064553,0.15000000000000568,0.0,0.0,0.0,6_22,1.0,0.020245086088948483,12836.090382007193,0.0,81.66002393427647,0.15000000000000568
lpJL9-mBNmk_00,280,22,6,259.8879999153482,3.141592653589793,0.0,0.11990398536502374,1.4711276743037345,-0.15000000000000568,0.0,0.0,0.0,6_22,1.0,-0.020245086088948483,9999.0,180.0,77.4194145542861,0.15000000000000568
lpJL9-mBNmk_00,281,22,6,259.8879999153482,0.0,0.0,0.10711532335223162,3.141592653589793,0.0,0.0,0.0,0.0,6_22,1.0,-0.0,9999.0,0.0,173.86274405073803,0.0
lpJL9-mBNmk_00,282,22,6,260.05920960427454,-0.9272952180015667,3.141592653589793,0.11527612597095442,3.141592653589793,0.15000000000000568,-0.19999999999998863,-0.05000000000001137,0.0,6_22,1.0,-0.17120968892635346,9999.0,126.8698976458466,173.3951645032459,0.28284271247462306
lpJL9-mBNmk_00,283,22,6,260.3699339401537,-1.8925468811915103,0.0,0.06442683942555591,1.768191886644821,-0.09999999999999432,-0.30000000000001137,0.0,0.0,6_22,1.0,-0.31072433587917203,9999.0,108.43494882292038,97.61854648757131,0.31622776601684693
lpJL9-mBNmk_00,284,22,6,260.3766694617626,3.141592653589793,0.0,-0.46364760900080615,3.141592653589793,-0.05000000000001137,0.0,0.0,0.0,6_22,1.0,-0.006735521608902673,9999.0,180.0,153.434948822922,0.05000000000001137
lpJL9-mBNmk_00,285,22,6,260.0794109498097,1.5707963267948966,0.0,-0.321750554396628,3.141592653589793,0.0,0.30000000000001137,0.0,0.0,6_22,1.0,0.2972585119529185,874.9267068624852,90.0,161.5650511770788,0.30000000000001137
lpJL9-mBNmk_00,286,22,6,259.93556893968935,0.9272952180015667,0.0,0.0,0.0,0.15000000000000568,0.19999999999998863,0.5500000000000114,0.0,6_22,1.0,0.14384201012035192,1807.09077078527,53.13010235415337,0.0,0.4472135954999579
lpJL9-mBNmk_00,287,22,6,259.93556893968935,0.0,0.0,0.0,0.0,0.0,0.0,0.0,0.0,6_22,1.0,-0.0,9999.0,0.0,0.0,0.0
lpJL9-mBNmk_00,288,22,6,259.93556893968935,0.0,0.0,0.0,0.0,0.0,0.0,0.0,0.0,6_22,1.0,-0.0,9999.0,0.0,0.0,0.0
lpJL9-mBNmk_00,289,22,6,259.93556893968935,0.0,0.0,0.0,0.0,0.0,0.0,0.0,0.0,6_22,1.0,-0.0,9999.0,0.0,0.0,0.0
lpJL9-mBNmk_00,290,22,6,260.1900555363329,-1.951302703907242,3.141592653589793,-0.5585993153435561,0.0,-0.09999999999999432,-0.25,-0.05000000000001137,0.0,6_22,1.0,-0.25448659664357365,9999.0,68.19859051364932,32.00538320808313,0.25495097567963587
lpJL9-mBNmk_00,291,22,6,260.1885854529364,2.9764439761751356,0.0,-0.6747409422235249,0.0,-0.30000000000001137,0.05000000000001137,0.05000000000001137,0.0,6_22,1.0,0.001470083396498012,176988.99672817867,170.5376777919726,38.659808254088496,0.3535533905932979
lpJL9-mBNmk_00,292,22,6,259.9974086409324,2.0344439357957027,3.141592653589793,0.0,0.0,-0.09999999999999432,0.19999999999998863,-0.05000000000001137,0.0,6_22,1.0,0.19117681200401648,1359.984016447926,63.43494882292201,0.0,0.20615528128086788
lpJL9-mBNmk_00,293,22,6,259.9974086409324,0.0,0.0,0.0,0.0,0.0,0.0,0.0,0.0,6_22,1.0,-0.0,9999.0,0.0,0.0,0.0
lpJL9-mBNmk_00,294,22,6,260.2371082301677,-2.4668517113662682,0.0,-1.3258176636679655,0.0,-0.25,-0.19999999999998863,0.05000000000001137,0.0,6_22,1.0,-0.23969958923527201,9999.0,141.3401917459115,75.96375653206968,0.36055512754640207
lpJL9-mBNmk_00,295,22,6,260.03905956605826,1.5707963267948966,0.0,3.141592653589793,0.0,0.0,0.19999999999998863,0.0,0.0,6_22,1.0,0.19804866410942168,1313.005875275114,90.0,180.0,0.19999999999998863
lpJL9-mBNmk_00,296,22,6,260.0181916712752,0.0,0.0,3.141592653589793,0.0,0.15000000000000568,0.0,0.0,0.0,6_22,1.0,0.020867894783066276,12460.20235267205,0.0,180.0,0.15000000000000568
lpJL9-mBNmk_00,297,22,6,260.00432688707315,0.0,0.0,3.141592653589793,0.0,0.09999999999999432,0.0,0.0,0.0,6_22,1.0,0.013864784202041847,18752.857822971575,0.0,180.0,0.09999999999999432
lpJL9-mBNmk_00,298,22,6,260.20240198737594,-1.5707963267948966,0.0,-2.6224465393432874,0.0,0.0,-0.19999999999998863,0.0,0.0,6_22,1.0,-0.19807510030278763,9999.0,90.0,150.25511870305877,0.19999999999998863
lpJL9-mBNmk_00,299,22,6,260.20240198737594,0.0,0.0,-2.7610862764774478,0.0,0.0,0.0,0.0,0.0,6_22,1.0,-0.0,9999.0,0.0,158.1985905136493,0.0
lpJL9-mBNmk_00,300,22,6,260.1885854529364,0.0,0.0,-2.4668517113662682,0.0,0.09999999999999432,0.0,0.0,0.0,6_22,1.0,0.013816534439513362,18831.682184269983,0.0,141.3401917459115,0.09999999999999432
lpJL9-mBNmk_00,301,22,6,260.1885854529364,0.0,0.0,-2.4668517113662682,0.0,0.0,0.0,0.0,0.0,6_22,1.0,-0.0,9999.0,0.0,141.3401917459115,0.0
lpJL9-mBNmk_00,302,22,6,260.4582308163825,-1.1071487177940904,3.141592653589793,-2.2655346029915813,0.0,0.15000000000000568,-0.30000000000001137,-0.05000000000001137,0.0,6_22,1.0,-0.26964536344610224,9999.0,116.56505117707799,129.8055710922641,0.3605551275464179
lpJL9-mBNmk_00,303,22,6,260.4582308163825,0.0,0.0,3.141592653589793,0.0,0.0,0.0,0.0,0.0,6_22,1.0,-0.0,9999.0,0.0,180.0,0.0
lpJL9-mBNmk_00,304,22,6,260.4582308163825,0.0,0.0,3.141592653589793,0.0,0.0,0.0,0.0,0.0,6_22,1.0,-0.0,9999.0,0.0,180.0,0.0
lpJL9-mBNmk_00,305,22,6,260.4650888314977,0.0,0.0,-1.8925468811915103,0.0,0.0,0.0,0.05000000000001137,0.0,6_22,1.0,-0.006858015115199123,9999.0,0.0,108.43494882292038,0.05000000000001137
lpJL9-mBNmk_00,306,22,6,260.72529604930935,-2.7233683240105755,0.0,-2.356194490192345,0.0,-0.44999999999998863,-0.19999999999998863,0.0,0.0,6_22,1.0,-0.2602072178116259,9999.0,156.03751102542248,135.0,0.49244289008979025
lpJL9-mBNmk_00,307,22,6,260.7322429236553,3.141592653589793,0.0,-2.390663591191861,0.0,-0.05000000000001137,0.0,0.0,0.0,6_22,1.0,-0.006946874345942433,9999.0,180.0,136.97493401088244,0.05000000000001137
lpJL9-mBNmk_00,308,22,6,260.7671183259116,3.141592653589793,0.0,-2.530866689200592,0.0,-0.25,0.0,0.0,0.0,6_22,1.0,-0.034875402256318466,9999.0,180.0,145.0079798014418,0.25
lpJL9-mBNmk_00,309,22,6,260.7391992010407,0.0,3.141592653589793,-2.4526682653749363,3.141592653589793,0.15000000000000568,0.0,-0.05000000000001137,0.0,6_22,1.0,0.02791912487089121,9339.089258950602,180.0,39.472459848343576,0.20000000000001705
lpJL9-mBNmk_00,310,22,6,260.7601244439034,3.141592653589793,0.0,-2.6779450445889994,0.0,-0.15000000000000568,0.0,0.0,0.0,6_22,1.0,-0.020925242862688265,9999.0,180.0,153.4349488229227,0.15000000000000568
lpJL9-mBNmk_00,311,22,6,260.7601244439034,0.0,0.0,-2.4468543773930853,3.141592653589793,0.0,0.0,0.0,0.0,6_22,1.0,-0.0,9999.0,0.0,39.80557109226544,0.0
lpJL9-mBNmk_00,312,22,6,260.78815636450975,3.141592653589793,0.0,-2.356194490192345,0.0,-0.19999999999998863,0.0,0.0,0.0,6_22,1.0,-0.02803192060633819,9999.0,180.0,135.0,0.19999999999998863
lpJL9-mBNmk_00,313,22,6,260.4995201531089,0.2782996590051006,0.0,-1.5707963267948966,0.0,0.6999999999999886,0.19999999999998863,0.05000000000001137,0.0,6_22,1.0,0.28863621140084206,902.5184985931704,15.945395900922241,90.0,0.6800735254367472
lpJL9-mBNmk_00,314,22,6,260.506434661411,3.141592653589793,3.141592653589793,-1.1071487177940904,3.141592653589793,-0.09999999999999432,0.0,-0.05000000000001137,0.0,6_22,1.0,-0.006914508302088507,9999.0,0.0,116.56505117707799,0.04999999999998295
lpJL9-mBNmk_00,315,22,6,260.506434661411,0.0,0.0,-1.2793395323170191,3.141592653589793,0.0,0.0,0.0,0.0,6_22,1.0,-0.0,9999.0,0.0,106.69924423399422,0.0
lpJL9-mBNmk_00,316,22,6,260.49261505846954,0.0,0.0,-1.3734007669450268,3.141592653589793,0.09999999999999432,0.0,0.0,0.0,6_22,1.0,0.013819602941453013,18849.500681173766,0.0,101.3099324740196,0.09999999999999432
lpJL9-mBNmk_00,317,22,6,260.506434661411,3.141592653589793,0.0,-1.7681918866447663,3.141592653589793,-0.09999999999999432,0.0,0.0,0.0,6_22,1.0,-0.013819602941453013,9999.0,180.0,78.69006752598042,0.09999999999999432
lpJL9-mBNmk_00,318,22,6,260.5202919160041,3.141592653589793,0.0,-2.1587989303424204,3.141592653589793,-0.09999999999999432,0.0,0.0,0.0,6_22,1.0,-0.013857254593119706,9999.0,180.0,56.30993247402271,0.09999999999999432
lpJL9-mBNmk_00,319,22,6,260.5202919160041,0.0,0.0,-2.1587989303424204,3.141592653589793,0.0,0.0,0.0,0.0,6_22,1.0,-0.0,9999.0,0.0,56.30993247402271,0.0
lpJL9-mBNmk_00,320,22,6,260.4995201531089,0.0,0.0,-1.8925468811915103,0.0,0.19999999999998863,0.0,0.05000000000001137,0.0,6_22,1.0,0.020771762895208212,12541.040520600343,0.0,108.43494882292038,0.14999999999997726
lpJL9-mBNmk_00,328,22,6,260.00432688707315,1.5707963267948966,0.0,2.0344439357957027,0.0,0.0,0.5,0.0,0.0,6_22,8.0,0.061899158254469455,4200.450122733283,90.0,116.56505117707799,0.0625
lpJL9-mBNmk_00,329,22,6,260.00432688707315,0.0,0.0,2.0344439357957027,0.0,0.0,0.0,0.0,0.0,6_22,1.0,-0.0,9999.0,0.0,116.56505117707799,0.0
lpJL9-mBNmk_00,330,22,6,259.7706151588359,1.951302703907242,0.0,2.007423486608432,0.0,-0.09999999999999432,0.25,0.0,0.0,6_22,1.0,0.23371172823726738,1111.5001250391385,111.80140948635069,115.01689347809968,0.2692582403567231
lpJL9-mBNmk_00,331,22,6,259.50915205441214,1.1902899496825512,0.0,1.8157749899217608,0.0,0.09999999999999432,0.25,0.0,0.0,6_22,1.0,0.2614631044237399,992.5268524075922,68.19859051364931,104.03624346792648,0.2692582403567231
lpJL9-mBNmk_00,332,22,6,259.75673715998204,-1.5707963267948966,0.0,1.8925468811915387,0.0,0.0,-0.25,0.0,0.0,6_22,1.0,-0.24758510556989677,9999.0,90.0,108.43494882292201,0.25
lpJL9-mBNmk_00,333,22,6,259.50915205441214,1.5707963267948966,0.0,1.4056476493802774,0.0,0.0,0.25,0.0,0.0,6_22,1.0,0.24758510556989677,1048.161404770567,90.0,80.53767779197483,0.25
lpJL9-mBNmk_00,334,22,6,259.51609294993636,0.0,0.0,1.3654009376051273,0.0,0.0,0.0,0.05000000000001137,0.0,6_22,1.0,-0.0069408955242238335,9999.0,0.0,78.23171106797925,0.05000000000001137
lpJL9-mBNmk_00,335,22,6,259.4608303771496,0.0,0.0,0.9272952180016045,0.0,0.4000000000000057,0.0,0.0,0.0,6_22,1.0,0.05526257278677349,4695.0552117481,0.0,53.13010235415554,0.4000000000000057
lpJL9-mBNmk_00,239,25,6,182.5828579029258,0.0,-1.5707963267948966,0.0,-1.471127674303712,,,0.0,-0.5,6_25,,0.0,9999.0,90.0,84.28940686249906,0.0
lpJL9-mBNmk_00,240,25,6,182.53288059963333,1.5707963267948966,1.471127674303712,1.5707963267948966,0.0,0.0,0.5,0.05000000000001137,0.5,6_25,1.0,0.04997730329247929,3652.3155227365246,5.710593137500933,90.0,0.05000000000001137
lpJL9-mBNmk_00,241,25,6,182.53288059963333,0.0,0.0,1.5707963267948966,0.0,0.0,0.0,0.0,0.0,6_25,1.0,-0.0,9999.0,0.0,90.0,0.0
lpJL9-mBNmk_00,242,25,6,182.53288059963333,0.0,0.0,1.5707963267948966,3.141592653589793,0.0,0.0,0.0,0.0,6_25,1.0,-0.0,9999.0,0.0,90.0,0.0
lpJL9-mBNmk_00,243,25,6,182.53288059963333,0.0,0.0,1.5707963267948966,0.0,0.0,0.0,0.0,0.0,6_25,1.0,-0.0,9999.0,0.0,90.0,0.0
lpJL9-mBNmk_00,244,25,6,182.54863050705146,-1.5707963267948966,0.0,0.0,0.0,0.0,-0.5,0.0,0.0,6_25,1.0,-0.015749907418125986,9999.0,90.0,0.0,0.5
lpJL9-mBNmk_00,245,25,6,182.53288059963333,1.5707963267948966,0.0,1.5707963267948966,0.0,0.0,0.5,0.0,0.0,6_25,1.0,0.015749907418125986,11589.457369734313,90.0,90.0,0.5
lpJL9-mBNmk_00,246,25,6,182.59860349958868,0.0,1.670464979286081,1.5707963267948966,-1.471127674303712,0.0,0.0,-0.05000000000001137,0.5,6_25,1.0,-0.06572289995534675,9999.0,95.71059313750094,174.28940686249908,0.5024937810560456
lpJL9-mBNmk_00,247,25,6,182.61571673872982,-1.5707963267948966,0.0,0.0,-1.471127674303712,0.0,-0.5,0.0,0.0,6_25,1.0,-0.017113239141139047,9999.0,90.0,84.28940686249906,0.5
lpJL9-mBNmk_00,248,25,6,182.56574843053116,0.0,0.0,0.0,-2.0344439357957027,0.0,0.0,0.05000000000001137,0.0,6_25,1.0,0.049968308198657496,3653.6307714223585,0.0,116.56505117707799,0.05000000000001137
lpJL9-mBNmk_00,249,25,6,182.54863050705146,0.0,-1.5707963267948966,0.0,-1.7359450042095235,0.0,0.0,0.0,-0.5,6_25,1.0,0.017117923479702313,10664.180776570807,90.0,99.46232220802563,0.5
lpJL9-mBNmk_00,250,25,6,182.58423398530334,0.0,1.5707963267948966,0.0,1.5707963267948966,0.0,0.0,0.0,1.0,6_25,1.0,-0.035603478251886145,9999.0,90.0,90.0,1.0
lpJL9-mBNmk_00,251,25,6,182.58423398530334,0.0,0.0,0.0,1.5707963267948966,0.0,0.0,0.0,0.0,6_25,1.0,-0.0,9999.0,0.0,90.0,0.0
lpJL9-mBNmk_00,252,25,6,182.93397716116053,0.0,3.141592653589793,0.0,1.7196862744043995,0.0,0.0,-0.35000000000002274,0.0,6_25,1.0,-0.34974317585718495,9999.0,180.0,98.53076560994846,0.35000000000002274
lpJL9-mBNmk_00,253,25,6,182.88401379016156,0.0,0.0,0.0,1.8157749899217608,0.0,0.0,0.05000000000001137,0.0,6_25,1.0,0.04996337099896664,3660.3617837143943,0.0,104.03624346792648,0.05000000000001137
lpJL9-mBNmk_00,254,25,6,182.88401379016156,0.0,0.0,0.0,1.8157749899217608,0.0,0.0,0.0,0.0,6_25,1.0,-0.0,9999.0,0.0,104.03624346792648,0.0
lpJL9-mBNmk_00,255,25,6,182.93397716116053,0.0,3.141592653589793,0.0,2.1112158270654975,0.0,0.0,-0.05000000000001137,0.0,6_25,1.0,-0.04996337099896664,9999.0,180.0,120.96375653207448,0.05000000000001137
lpJL9-mBNmk_00,256,25,6,182.76562176733344,2.1112158270654975,3.141592653589793,2.1112158270654975,1.9936502529278277,-0.30000000000001137,0.5,-0.14999999999997726,0.0,6_25,1.0,0.16835539382708475,1085.594097181402,59.036243467925516,6.736011214120862,0.5220153254455373
lpJL9-mBNmk_00,257,25,6,182.76562176733344,0.0,0.0,2.1112158270654975,1.9936502529278277,0.0,0.0,0.0,0.0,6_25,1.0,-0.0,9999.0,0.0,6.736011214120862,0.0
lpJL9-mBNmk_00,258,25,6,182.76562176733344,0.0,0.0,2.1112158270654975,1.9936502529278277,0.0,0.0,0.0,0.0,6_25,1.0,-0.0,9999.0,0.0,6.736011214120862,0.0
lpJL9-mBNmk_00,259,25,6,182.98347602994102,0.0,-1.6704649792860624,2.1112158270654975,-2.0344439357957027,0.0,0.0,-0.30000000000001137,-3.0,6_25,1.0,-0.2178542626075739,9999.0,95.71059313749986,122.47119229084755,3.0149626863362684
lpJL9-mBNmk_00,260,25,6,182.99372256992862,0.0,1.5707963267948966,3.141592653589793,-2.060753653048631,0.0,0.0,0.0,0.5,6_25,1.0,-0.010246539987605274,9999.0,90.0,61.92751306414673,0.5
lpJL9-mBNmk_00,261,25,6,182.76562176733344,0.0,1.4513674007765536,3.141592653589793,2.0344439357957027,0.0,0.0,0.30000000000001137,2.5,6_25,1.0,0.22810080259517918,801.249358564055,83.1572265873688,63.43494882292201,2.5179356624028357
lpJL9-mBNmk_00,262,25,6,182.76562176733344,0.0,0.0,3.141592653589793,2.0344439357957027,0.0,0.0,0.0,0.0,6_25,1.0,-0.0,9999.0,0.0,63.43494882292201,0.0
lpJL9-mBNmk_00,263,25,6,182.74852256584728,0.0,-1.5707963267948966,3.141592653589793,2.356194490192345,0.0,0.0,0.0,-0.5,6_25,1.0,0.017099201486161064,10687.54717661825,90.0,45.0,0.5
lpJL9-mBNmk_00,264,25,6,182.76562176733344,0.0,1.5707963267948966,2.1112158270654975,2.0344439357957027,0.0,0.0,0.0,0.5,6_25,1.0,-0.017099201486161064,9999.0,90.0,4.398705354996491,0.5
lpJL9-mBNmk_00,265,25,6,182.76562176733344,0.0,0.0,3.141592653589793,2.0344439357957027,0.0,0.0,0.0,0.0,6_25,1.0,-0.0,9999.0,0.0,63.43494882292201,0.0
lpJL9-mBNmk_00,266,25,6,182.56574843053116,3.141592653589793,0.0,3.141592653589793,2.3036114285813905,-0.19999999999998863,0.0,0.0,0.0,6_25,1.0,0.19987333680228403,913.407217547613,180.0,48.01278750418407,0.19999999999998863
lpJL9-mBNmk_00,267,25,6,182.56574843053116,0.0,0.0,2.356194490192345,2.3036114285813905,0.0,0.0,0.0,0.0,6_25,1.0,-0.0,9999.0,0.0,3.0127875041840655,0.0
lpJL9-mBNmk_00,268,25,6,182.58423398530334,-1.5707963267948966,0.0,3.141592653589793,2.356194490192345,0.0,-0.5,0.0,0.0,6_25,1.0,-0.018485554772183832,9999.0,90.0,45.0,0.5
lpJL9-mBNmk_00,269,25,6,182.58423398530334,0.0,0.0,3.141592653589793,2.0344439357957027,0.0,0.0,0.0,0.0,6_25,1.0,-0.0,9999.0,0.0,63.43494882292201,0.0
lpJL9-mBNmk_00,270,25,6,182.58423398530334,0.0,0.0,3.141592653589793,3.141592653589793,0.0,0.0,0.0,0.0,6_25,1.0,-0.0,9999.0,0.0,0.0,0.0
lpJL9-mBNmk_00,271,25,6,182.83405043918924,0.0,0.0,3.141592653589793,3.141592653589793,0.25,0.0,0.0,0.0,6_25,1.0,-0.24981645388589868,9999.0,0.0,0.0,0.25
lpJL9-mBNmk_00,272,25,6,182.3843811843547,3.141592653589793,0.0,3.141592653589793,0.0,-0.25,0.0,0.19999999999998863,0.0,6_25,1.0,0.44966925483453224,405.5967340961923,180.0,180.0,0.44999999999998863
lpJL9-mBNmk_00,273,25,6,182.3843811843547,0.0,0.0,3.141592653589793,0.0,0.0,0.0,0.0,0.0,6_25,1.0,-0.0,9999.0,0.0,180.0,0.0
lpJL9-mBNmk_00,274,25,6,182.63419723589556,0.0,3.141592653589793,3.141592653589793,3.141592653589793,0.0,0.0,-0.25,0.0,6_25,1.0,-0.24981605154084718,9999.0,180.0,0.0,0.25
lpJL9-mBNmk_00,275,25,6,182.3843811843547,0.0,0.0,3.141592653589793,0.0,0.0,0.0,0.25,0.0,6_25,1.0,0.24981605154084718,730.0747092087204,0.0,180.0,0.25
lpJL9-mBNmk_00,276,25,6,182.66568506427254,1.5707963267948966,3.141592653589793,3.141592653589793,3.141592653589793,0.0,0.5,-0.30000000000001137,0.0,6_25,1.0,-0.2813038799178287,9999.0,90.0,0.0,0.5830951894845359
lpJL9-mBNmk_00,277,25,6,182.3843811843547,-1.5707963267948966,0.0,-1.951302703907242,0.0,0.0,-0.5,0.30000000000001137,0.0,6_25,1.0,0.2813038799178287,648.353592697089,90.0,111.80140948635069,0.5830951894845359
lpJL9-mBNmk_00,278,25,6,182.83405043918924,0.0,3.141592653589793,-1.5707963267948966,3.141592653589793,0.19999999999998863,0.0,-0.25,0.0,6_25,1.0,-0.44966925483453224,9999.0,180.0,90.00000000000001,0.44999999999998863
lpJL9-mBNmk_00,279,25,6,182.63419723589556,3.141592653589793,0.0,-1.951302703907242,1.4876550949064553,-0.19999999999998863,0.0,0.0,0.0,6_25,1.0,0.19985320329368506,913.8417309604685,180.0,162.96223220437548,0.19999999999998863
lpJL9-mBNmk_00,280,25,6,182.63419723589556,0.0,0.0,-1.951302703907242,1.4711276743037345,0.0,0.0,0.0,0.0,6_25,1.0,-0.0,9999.0,0.0,163.90918365114894,0.0
lpJL9-mBNmk_00,281,25,6,182.63419723589556,0.0,0.0,-1.951302703907242,3.141592653589793,0.0,0.0,0.0,0.0,6_25,1.0,-0.0,9999.0,0.0,68.19859051364932,0.0
lpJL9-mBNmk_00,282,25,6,182.68416050659675,0.0,3.141592653589793,-1.951302703907242,3.141592653589793,0.0,0.0,-0.05000000000001137,0.0,6_25,1.0,-0.049963270701198326,9999.0,180.0,68.19859051364932,0.05000000000001137
lpJL9-mBNmk_00,283,25,6,182.68416050659675,0.0,0.0,-1.951302703907242,1.768191886644821,0.0,0.0,0.0,0.0,6_25,1.0,-0.0,9999.0,0.0,146.88865803962662,0.0
lpJL9-mBNmk_00,284,25,6,182.68416050659675,0.0,0.0,-1.951302703907242,3.141592653589793,0.0,0.0,0.0,0.0,6_25,1.0,-0.0,9999.0,0.0,68.19859051364932,0.0
lpJL9-mBNmk_00,285,25,6,182.68416050659675,0.0,0.0,-1.951302703907242,3.141592653589793,0.0,0.0,0.0,0.0,6_25,1.0,-0.0,9999.0,0.0,68.19859051364932,0.0
lpJL9-mBNmk_00,286,25,6,182.3843811843547,0.0,0.0,-1.1071487177940904,0.0,0.25,0.0,0.5500000000000114,0.0,6_25,1.0,0.2997793222420455,608.3954684409331,0.0,63.43494882292201,0.30000000000001137
lpJL9-mBNmk_00,287,25,6,182.3843811843547,0.0,0.0,-1.1071487177940904,0.0,0.0,0.0,0.0,0.0,6_25,1.0,-0.0,9999.0,0.0,63.43494882292201,0.0
lpJL9-mBNmk_00,288,25,6,182.3843811843547,0.0,0.0,0.0,0.0,0.0,0.0,0.0,0.0,6_25,1.0,-0.0,9999.0,0.0,0.0,0.0
lpJL9-mBNmk_00,289,25,6,182.3843811843547,0.0,0.0,0.0,0.0,0.0,0.0,0.0,0.0,6_25,1.0,-0.0,9999.0,0.0,0.0,0.0
lpJL9-mBNmk_00,290,25,6,182.68416050659675,0.0,3.141592653589793,0.0,0.0,0.25,0.0,-0.05000000000001137,0.0,6_25,1.0,-0.2997793222420455,9999.0,180.0,0.0,0.30000000000001137
lpJL9-mBNmk_00,291,25,6,182.63419723589556,0.0,0.0,0.0,0.0,0.0,0.0,0.05000000000001137,0.0,6_25,1.0,0.049963270701198326,3655.369127616284,0.0,0.0,0.05000000000001137
lpJL9-mBNmk_00,292,25,6,182.68416050659675,0.0,3.141592653589793,0.0,0.0,0.0,0.0,-0.05000000000001137,0.0,6_25,1.0,-0.049963270701198326,9999.0,180.0,0.0,0.05000000000001137
lpJL9-mBNmk_00,293,25,6,182.68416050659675,0.0,0.0,0.0,0.0,0.0,0.0,0.0,0.0,6_25,1.0,-0.0,9999.0,0.0,0.0,0.0
lpJL9-mBNmk_00,294,25,6,182.3843811843547,3.141592653589793,0.0,0.0,0.0,-0.25,0.0,0.05000000000001137,0.0,6_25,1.0,0.2997793222420455,608.3954684409331,180.0,0.0,0.30000000000001137
lpJL9-mBNmk_00,295,25,6,182.3843811843547,0.0,0.0,0.0,0.0,0.0,0.0,0.0,0.0,6_25,1.0,-0.0,9999.0,0.0,0.0,0.0
lpJL9-mBNmk_00,296,25,6,182.3843811843547,0.0,0.0,-1.1071487177940904,0.0,0.0,0.0,0.0,0.0,6_25,1.0,-0.0,9999.0,0.0,63.43494882292201,0.0
lpJL9-mBNmk_00,297,25,6,182.63419723589556,0.0,0.0,0.0,0.0,0.25,0.0,0.0,0.0,6_25,1.0,-0.24981605154084718,9999.0,0.0,0.0,0.25
lpJL9-mBNmk_00,298,25,6,182.63419723589556,0.0,0.0,0.0,0.0,0.0,0.0,0.0,0.0,6_25,1.0,-0.0,9999.0,0.0,0.0,0.0
lpJL9-mBNmk_00,299,25,6,182.63419723589556,0.0,0.0,0.0,0.0,0.0,0.0,0.0,0.0,6_25,1.0,-0.0,9999.0,0.0,0.0,0.0
lpJL9-mBNmk_00,300,25,6,182.63419723589556,0.0,0.0,0.0,0.0,0.0,0.0,0.0,0.0,6_25,1.0,-0.0,9999.0,0.0,0.0,0.0
lpJL9-mBNmk_00,301,25,6,182.63419723589556,0.0,0.0,0.0,0.0,0.0,0.0,0.0,0.0,6_25,1.0,-0.0,9999.0,0.0,0.0,0.0
lpJL9-mBNmk_00,302,25,6,182.68416050659675,0.0,3.141592653589793,0.0,0.0,0.0,0.0,-0.05000000000001137,0.0,6_25,1.0,-0.049963270701198326,9999.0,180.0,0.0,0.05000000000001137
lpJL9-mBNmk_00,303,25,6,182.68416050659675,0.0,0.0,0.0,0.0,0.0,0.0,0.0,0.0,6_25,1.0,-0.0,9999.0,0.0,0.0,0.0
lpJL9-mBNmk_00,304,25,6,182.68416050659675,0.0,0.0,0.0,0.0,0.0,0.0,0.0,0.0,6_25,1.0,-0.0,9999.0,0.0,0.0,0.0
lpJL9-mBNmk_00,305,25,6,182.63419723589556,0.0,0.0,0.0,0.0,0.0,0.0,0.05000000000001137,0.0,6_25,1.0,0.049963270701198326,3655.369127616284,0.0,0.0,0.05000000000001137
lpJL9-mBNmk_00,306,25,6,182.3843811843547,3.141592653589793,0.0,0.0,0.0,-0.25,0.0,0.0,0.0,6_25,1.0,0.24981605154084718,730.0747092087204,180.0,0.0,0.25
lpJL9-mBNmk_00,307,25,6,182.3843811843547,0.0,0.0,0.0,0.0,0.0,0.0,0.0,0.0,6_25,1.0,-0.0,9999.0,0.0,0.0,0.0
lpJL9-mBNmk_00,308,25,6,182.63419723589556,0.0,0.0,0.0,0.0,0.25,0.0,0.0,0.0,6_25,1.0,-0.24981605154084718,9999.0,0.0,0.0,0.25
lpJL9-mBNmk_00,309,25,6,182.68416050659675,0.0,3.141592653589793,0.0,3.141592653589793,0.0,0.0,-0.05000000000001137,0.0,6_25,1.0,-0.049963270701198326,9999.0,180.0,180.0,0.05000000000001137
lpJL9-mBNmk_00,310,25,6,182.68416050659675,0.0,0.0,0.0,0.0,0.0,0.0,0.0,0.0,6_25,1.0,-0.0,9999.0,0.0,0.0,0.0
lpJL9-mBNmk_00,311,25,6,182.68416050659675,0.0,0.0,0.0,3.141592653589793,0.0,0.0,0.0,0.0,6_25,1.0,-0.0,9999.0,0.0,180.0,0.0
lpJL9-mBNmk_00,312,25,6,182.68416050659675,0.0,0.0,0.0,0.0,0.0,0.0,0.0,0.0,6_25,1.0,-0.0,9999.0,0.0,0.0,0.0
lpJL9-mBNmk_00,313,25,6,182.63419723589556,0.0,0.0,0.0,0.0,0.0,0.0,0.05000000000001137,0.0,6_25,1.0,0.049963270701198326,3655.369127616284,0.0,0.0,0.05000000000001137
lpJL9-mBNmk_00,314,25,6,182.68416050659675,0.0,3.141592653589793,0.0,3.141592653589793,0.0,0.0,-0.05000000000001137,0.0,6_25,1.0,-0.049963270701198326,9999.0,180.0,180.0,0.05000000000001137
lpJL9-mBNmk_00,315,25,6,182.68416050659675,0.0,0.0,0.0,3.141592653589793,0.0,0.0,0.0,0.0,6_25,1.0,-0.0,9999.0,0.0,180.0,0.0
lpJL9-mBNmk_00,316,25,6,182.68416050659675,0.0,0.0,0.0,3.141592653589793,0.0,0.0,0.0,0.0,6_25,1.0,-0.0,9999.0,0.0,180.0,0.0
lpJL9-mBNmk_00,317,25,6,182.68416050659675,0.0,0.0,0.0,3.141592653589793,0.0,0.0,0.0,0.0,6_25,1.0,-0.0,9999.0,0.0,180.0,0.0
lpJL9-mBNmk_00,318,25,6,182.68416050659675,0.0,0.0,0.0,3.141592653589793,0.0,0.0,0.0,0.0,6_25,1.0,-0.0,9999.0,0.0,180.0,0.0
lpJL9-mBNmk_00,319,25,6,182.68416050659675,0.0,0.0,0.0,3.141592653589793,0.0,0.0,0.0,0.0,6_25,1.0,-0.0,9999.0,0.0,180.0,0.0
lpJL9-mBNmk_00,320,25,6,182.63419723589556,0.0,0.0,0.0,0.0,0.0,0.0,0.05000000000001137,0.0,6_25,1.0,0.049963270701198326,3655.369127616284,0.0,0.0,0.05000000000001137
lpJL9-mBNmk_00,321,25,6,182.68416050659675,0.0,3.141592653589793,0.0,3.141592653589793,0.0,0.0,-0.05000000000001137,0.0,6_25,1.0,-0.049963270701198326,9999.0,180.0,180.0,0.05000000000001137
lpJL9-mBNmk_00,322,25,6,182.68416050659675,0.0,0.0,0.0,0.0,0.0,0.0,0.0,0.0,6_25,1.0,-0.0,9999.0,0.0,0.0,0.0
lpJL9-mBNmk_00,323,25,6,182.68416050659675,0.0,0.0,0.0,0.0,0.0,0.0,0.0,0.0,6_25,1.0,-0.0,9999.0,0.0,0.0,0.0
lpJL9-mBNmk_00,324,25,6,182.3843811843547,3.141592653589793,0.0,3.141592653589793,0.0,-0.25,0.0,0.05000000000001137,0.0,6_25,1.0,0.2997793222420455,608.3954684409331,180.0,180.0,0.30000000000001137
lpJL9-mBNmk_00,325,25,6,182.63419723589556,0.0,0.0,0.0,0.0,0.25,0.0,0.0,0.0,6_25,1.0,-0.24981605154084718,9999.0,0.0,0.0,0.25
lpJL9-mBNmk_00,326,25,6,182.43434435434574,3.141592653589793,3.141592653589793,0.0,3.141592653589793,-0.25,0.0,-0.05000000000001137,0.0,6_25,1.0,0.19985288154981617,912.84320215754,0.0,180.0,0.19999999999998863
lpJL9-mBNmk_00,327,25,6,182.13456563760764,3.141592653589793,0.0,3.141592653589793,0.0,-0.25,0.0,0.05000000000001137,0.0,6_25,1.0,0.2997787167381034,607.5633641354412,180.0,180.0,0.30000000000001137
lpJL9-mBNmk_00,328,25,6,182.3843811843547,0.0,0.0,3.141592653589793,0.0,0.25,0.0,0.0,0.0,6_25,1.0,-0.2498155467470724,9999.0,0.0,180.0,0.25
lpJL9-mBNmk_00,329,25,6,182.3843811843547,0.0,0.0,3.141592653589793,0.0,0.0,0.0,0.0,0.0,6_25,1.0,-0.0,9999.0,0.0,180.0,0.0
lpJL9-mBNmk_00,330,25,6,182.63419723589556,0.0,0.0,0.0,0.0,0.25,0.0,0.0,0.0,6_25,1.0,-0.24981605154084718,9999.0,0.0,0.0,0.25
lpJL9-mBNmk_00,331,25,6,182.63419723589556,0.0,0.0,0.0,0.0,0.0,0.0,0.0,0.0,6_25,1.0,-0.0,9999.0,0.0,0.0,0.0
lpJL9-mBNmk_00,332,25,6,182.63419723589556,0.0,0.0,0.0,0.0,0.0,0.0,0.0,0.0,6_25,1.0,-0.0,9999.0,0.0,0.0,0.0
lpJL9-mBNmk_00,333,25,6,182.63419723589556,0.0,0.0,0.0,0.0,0.0,0.0,0.0,0.0,6_25,1.0,-0.0,9999.0,0.0,0.0,0.0
lpJL9-mBNmk_00,334,25,6,182.3344180345554,3.141592653589793,0.0,3.141592653589793,0.0,-0.25,0.0,0.05000000000001137,0.0,6_25,1.0,0.2997792013401579,608.2290473102618,180.0,180.0,0.30000000000001137
lpJL9-mBNmk_00,335,25,6,182.3344180345554,0.0,0.0,3.141592653589793,0.0,0.0,0.0,0.0,0.0,6_25,1.0,-0.0,9999.0,0.0,180.0,0.0
lpJL9-mBNmk_00,336,25,6,182.0846025890163,0.0,0.0,3.141592653589793,0.0,0.0,0.0,0.25,0.0,6_25,1.0,0.24981544553909885,728.8764799793697,0.0,180.0,0.25
lpJL9-mBNmk_00,337,25,6,182.3344180345554,0.0,0.0,0.0,0.0,0.25,0.0,0.0,0.0,6_25,1.0,-0.24981544553909885,9999.0,0.0,0.0,0.25
lpJL9-mBNmk_00,338,25,6,182.18452870647388,0.0,0.0,0.0,0.0,0.0,0.0,0.14999999999997726,0.0,6_25,1.0,0.1498893280815139,1215.460306869859,0.0,0.0,0.14999999999997726
lpJL9-mBNmk_00,339,25,6,182.3344180345554,0.0,3.141592653589793,0.0,0.0,0.0,0.0,-0.14999999999997726,0.0,6_25,1.0,-0.1498893280815139,9999.0,180.0,0.0,0.14999999999997726
lpJL9-mBNmk_00,340,25,6,182.3344180345554,0.0,0.0,0.0,0.0,0.0,0.0,0.0,0.0,6_25,1.0,-0.0,9999.0,0.0,0.0,0.0
lpJL9-mBNmk_00,341,25,6,182.3344180345554,0.0,0.0,0.0,0.0,0.0,0.0,0.0,0.0,6_25,1.0,-0.0,9999.0,0.0,0.0,0.0
lpJL9-mBNmk_00,342,25,6,182.3344180345554,0.0,0.0,0.0,0.0,0.0,0.0,0.0,0.0,6_25,1.0,-0.0,9999.0,0.0,0.0,0.0
lpJL9-mBNmk_00,343,25,6,182.3344180345554,0.0,0.0,0.0,0.0,0.0,0.0,0.0,0.0,6_25,1.0,-0.0,9999.0,0.0,0.0,0.0
lpJL9-mBNmk_00,344,25,6,182.3344180345554,0.0,0.0,0.0,0.0,0.0,0.0,0.0,0.0,6_25,1.0,-0.0,9999.0,0.0,0.0,0.0
lpJL9-mBNmk_00,345,25,6,182.3344180345554,0.0,0.0,0.0,0.0,0.0,0.0,0.0,0.0,6_25,1.0,-0.0,9999.0,0.0,0.0,0.0
lpJL9-mBNmk_00,346,25,6,182.06606630561336,2.1112158270654975,3.141592653589793,1.670464979286081,0.0,-0.30000000000001137,0.5,-0.05000000000001137,0.0,6_25,1.0,0.2683517289420365,678.4605674925214,59.036243467925516,95.71059313750094,0.5590169943749475
lpJL9-mBNmk_00,347,25,6,182.06606630561336,0.0,0.0,1.1902899496825512,0.0,0.0,0.0,0.0,0.0,6_25,1.0,-0.0,9999.0,0.0,68.19859051364931,0.0
lpJL9-mBNmk_00,348,25,6,182.06606630561336,0.0,0.0,1.670464979286081,0.0,0.0,0.0,0.0,0.0,6_25,1.0,-0.0,9999.0,0.0,95.71059313750094,0.0
lpJL9-mBNmk_00,349,25,6,182.06606630561336,0.0,0.0,1.670464979286081,0.0,0.0,0.0,0.0,0.0,6_25,1.0,-0.0,9999.0,0.0,95.71059313750094,0.0
lpJL9-mBNmk_00,350,25,6,182.36587537146306,0.0,3.141592653589793,2.1112158270654975,3.141592653589793,0.0,0.0,-0.30000000000001137,0.0,6_25,1.0,-0.2998090658497006,9999.0,180.0,59.036243467925516,0.30000000000001137
lpJL9-mBNmk_00,351,25,6,182.06606630561336,0.0,0.0,2.1112158270654975,0.0,0.0,0.0,0.30000000000001137,0.0,6_25,1.0,0.2998090658497006,607.2733851113302,0.0,120.96375653207448,0.30000000000001137
lpJL9-mBNmk_00,352,25,6,182.0160981891437,0.0,0.0,2.1112158270654975,0.0,0.0,0.0,0.05000000000001137,0.0,6_25,1.0,0.04996811646967103,3642.6447712837316,0.0,120.96375653207448,0.05000000000001137
lpJL9-mBNmk_00,353,25,6,182.36587537146306,0.0,3.141592653589793,2.1112158270654975,3.141592653589793,0.0,0.0,-0.35000000000002274,0.0,6_25,1.0,-0.3497771823193716,9999.0,180.0,59.036243467925516,0.35000000000002274
lpJL9-mBNmk_00,354,25,6,182.0160981891437,0.0,0.0,1.670464979286081,0.0,0.0,0.0,0.35000000000002274,0.0,6_25,1.0,0.3497771823193716,520.3772784210663,0.0,95.71059313750094,0.35000000000002274
lpJL9-mBNmk_00,355,25,6,182.06606630561336,0.0,3.141592653589793,1.670464979286081,0.0,0.0,0.0,-0.05000000000001137,0.0,6_25,1.0,-0.04996811646967103,9999.0,180.0,95.71059313750094,0.05000000000001137
lpJL9-mBNmk_00,356,25,6,182.06606630561336,0.0,0.0,1.670464979286081,3.141592653589793,0.0,0.0,0.0,0.0,6_25,1.0,-0.0,9999.0,0.0,84.28940686249906,0.0
lpJL9-mBNmk_00,357,25,6,182.0160981891437,0.0,0.0,2.1112158270654975,0.0,0.0,0.0,0.05000000000001137,0.0,6_25,1.0,0.04996811646967103,3642.6447712837316,0.0,120.96375653207448,0.05000000000001137
lpJL9-mBNmk_00,358,25,6,182.06606630561336,0.0,3.141592653589793,2.1112158270654975,3.141592653589793,0.0,0.0,-0.05000000000001137,0.0,6_25,1.0,-0.04996811646967103,9999.0,180.0,59.036243467925516,0.05000000000001137
lpJL9-mBNmk_00,359,25,6,182.06606630561336,0.0,0.0,2.1112158270654975,3.141592653589793,0.0,0.0,0.0,0.0,6_25,1.0,-0.0,9999.0,0.0,59.036243467925516,0.0
lpJL9-mBNmk_00,360,25,6,182.31590715019902,0.0,3.141592653589793,2.1112158270654975,3.141592653589793,0.0,0.0,-0.25,0.0,6_25,1.0,-0.24984084458566258,9999.0,180.0,59.036243467925516,0.25
lpJL9-mBNmk_00,361,25,6,182.31590715019902,0.0,0.0,2.1112158270654975,3.141592653589793,0.0,0.0,0.0,0.0,6_25,1.0,-0.0,9999.0,0.0,59.036243467925516,0.0
lpJL9-mBNmk_00,362,25,6,182.31590715019902,0.0,0.0,2.1112158270654975,3.141592653589793,0.0,0.0,0.0,0.0,6_25,1.0,-0.0,9999.0,0.0,59.036243467925516,0.0
lpJL9-mBNmk_00,363,25,6,182.31590715019902,0.0,0.0,2.1112158270654975,3.141592653589793,0.0,0.0,0.0,0.0,6_25,1.0,-0.0,9999.0,0.0,59.036243467925516,0.0
lpJL9-mBNmk_00,364,25,6,182.31590715019902,0.0,0.0,2.1112158270654975,3.141592653589793,0.0,0.0,0.0,0.0,6_25,1.0,-0.0,9999.0,0.0,59.036243467925516,0.0
lpJL9-mBNmk_00,365,25,6,182.31590715019902,0.0,0.0,2.1112158270654975,3.141592653589793,0.0,0.0,0.0,0.0,6_25,1.0,-0.0,9999.0,0.0,59.036243467925516,0.0
lpJL9-mBNmk_00,366,25,6,182.31590715019902,0.0,0.0,0.0,3.141592653589793,0.0,0.0,0.0,0.0,6_25,1.0,-0.0,9999.0,0.0,180.0,0.0
lpJL9-mBNmk_00,367,25,6,182.0160981891437,0.0,0.0,0.0,0.0,0.0,0.0,0.30000000000001137,0.0,6_25,1.0,0.2998089610553336,607.1069308550462,0.0,0.0,0.30000000000001137
lpJL9-mBNmk_00,368,25,6,182.0160981891437,0.0,0.0,0.0,0.0,0.0,0.0,0.0,0.0,6_25,1.0,-0.0,9999.0,0.0,0.0,0.0
lpJL9-mBNmk_00,369,25,6,182.0160981891437,0.0,0.0,0.0,0.0,0.0,0.0,0.0,0.0,6_25,1.0,-0.0,9999.0,0.0,0.0,0.0
lpJL9-mBNmk_00,370,25,6,182.0160981891437,0.0,0.0,0.0,0.0,0.0,0.0,0.0,0.0,6_25,1.0,-0.0,9999.0,0.0,0.0,0.0
lpJL9-mBNmk_00,371,25,6,182.0160981891437,0.0,0.0,0.0,0.0,0.0,0.0,0.0,0.0,6_25,1.0,-0.0,9999.0,0.0,0.0,0.0
lpJL9-mBNmk_00,372,25,6,182.36587537146306,0.0,3.141592653589793,0.0,3.141592653589793,0.0,0.0,-0.35000000000002274,0.0,6_25,1.0,-0.3497771823193716,9999.0,180.0,180.0,0.35000000000002274
lpJL9-mBNmk_00,373,25,6,182.36587537146306,0.0,0.0,0.0,0.0,0.0,0.0,0.0,0.0,6_25,1.0,-0.0,9999.0,0.0,0.0,0.0
lpJL9-mBNmk_00,374,25,6,182.16600259104334,3.141592653589793,0.0,3.141592653589793,3.141592653589793,-0.19999999999998863,0.0,0.0,0.0,6_25,1.0,0.19987278041972445,911.4097587900783,180.0,0.0,0.19999999999998863
lpJL9-mBNmk_00,375,25,6,182.16600259104334,0.0,0.0,3.141592653589793,3.141592653589793,0.0,0.0,0.0,0.0,6_25,1.0,-0.0,9999.0,0.0,0.0,0.0
lpJL9-mBNmk_00,376,25,6,182.16600259104334,0.0,0.0,3.141592653589793,3.141592653589793,0.0,0.0,0.0,0.0,6_25,1.0,-0.0,9999.0,0.0,0.0,0.0
lpJL9-mBNmk_00,377,25,6,182.16600259104334,0.0,0.0,3.141592653589793,3.141592653589793,0.0,0.0,0.0,0.0,6_25,1.0,-0.0,9999.0,0.0,0.0,0.0
lpJL9-mBNmk_00,378,25,6,182.16600259104334,0.0,0.0,3.141592653589793,3.141592653589793,0.0,0.0,0.0,0.0,6_25,1.0,-0.0,9999.0,0.0,0.0,0.0
lpJL9-mBNmk_00,379,25,6,182.16600259104334,0.0,0.0,3.141592653589793,3.141592653589793,0.0,0.0,0.0,0.0,6_25,1.0,-0.0,9999.0,0.0,0.0,0.0
lpJL9-mBNmk_00,380,25,6,182.16600259104334,0.0,0.0,3.141592653589793,3.141592653589793,0.0,0.0,0.0,0.0,6_25,1.0,-0.0,9999.0,0.0,0.0,0.0
lpJL9-mBNmk_00,381,25,6,182.16600259104334,0.0,0.0,3.141592653589793,3.141592653589793,0.0,0.0,0.0,0.0,6_25,1.0,-0.0,9999.0,0.0,0.0,0.0
lpJL9-mBNmk_00,382,25,6,181.81622589857045,0.0,0.0,3.141592653589793,0.0,0.0,0.0,0.35000000000002274,0.0,6_25,1.0,0.34977669247288645,519.806578915101,0.0,180.0,0.35000000000002274
lpJL9-mBNmk_00,383,25,6,181.81622589857045,0.0,0.0,3.141592653589793,0.0,0.0,0.0,0.0,0.0,6_25,1.0,-0.0,9999.0,0.0,180.0,0.0
lpJL9-mBNmk_00,384,25,6,182.5246558687346,-1.5707963267948966,-1.76819188664478,-1.951302703907242,-1.695151321341658,0.0,-0.5,-0.8000000000000114,-4.0,6_25,1.0,-0.7084299701641612,9999.0,11.309932474020375,14.676393137448894,3.590264614203251
lpJL9-mBNmk_00,385,25,6,182.5246558687346,0.0,0.0,-1.951302703907242,-1.695151321341658,0.0,0.0,0.0,0.0,6_25,1.0,-0.0,9999.0,0.0,14.676393137448894,0.0
lpJL9-mBNmk_00,386,25,6,182.5246558687346,0.0,0.0,-1.951302703907242,-1.695151321341658,0.0,0.0,0.0,0.0,6_25,1.0,-0.0,9999.0,0.0,14.676393137448894,0.0
lpJL9-mBNmk_00,387,25,6,182.5246558687346,0.0,0.0,-1.951302703907242,-1.76819188664478,0.0,0.0,0.0,0.0,6_25,1.0,-0.0,9999.0,0.0,10.49147701233032,0.0
lpJL9-mBNmk_00,388,25,6,182.5171224844398,0.0,-1.5707963267948966,-1.951302703907242,-1.7467359522474268,0.0,0.0,0.0,-0.5,6_25,1.0,0.0075333842948168694,24227.772716973366,90.0,11.720811498808233,0.5
lpJL9-mBNmk_00,389,25,6,182.5246558687346,0.0,1.5707963267948966,-1.951302703907242,-1.76819188664478,0.0,0.0,0.0,0.5,6_25,1.0,-0.0075333842948168694,9999.0,90.0,10.49147701233032,0.5
lpJL9-mBNmk_00,390,25,6,182.54383035315107,0.0,1.5707963267948966,-1.951302703907242,-1.8313987185422411,0.0,0.0,0.0,1.0,6_25,1.0,-0.019174484416453197,9999.0,90.0,6.869992308212938,1.0
lpJL9-mBNmk_00,391,25,6,182.0988742414406,0.0,1.3258176636680323,-1.951302703907242,-1.862253121272774,0.0,0.0,0.5,2.0,6_25,1.0,0.4449561117104679,409.25131591389845,75.96375653207352,5.10216525235648,2.0615528128088303
lpJL9-mBNmk_00,392,25,6,182.24777090543523,0.0,1.5707963267948966,-1.951302703907242,1.5507989928217414,0.0,0.0,0.0,3.5,6_25,1.0,-0.14889666399463408,9999.0,90.0,159.34435335182465,3.5
lpJL9-mBNmk_00,393,25,6,182.91607365127865,0.0,1.6252877830356298,-1.951302703907242,1.602036160225165,0.0,0.0,-0.30000000000001137,5.5,6_25,1.0,-0.6683027458434196,9999.0,93.12213046211582,156.40867990540323,5.508175741568166
lpJL9-mBNmk_00,394,25,6,182.52414223877344,0.0,-1.560796660108229,-1.5707963267948966,1.6373644905707165,0.0,0.0,0.05000000000001137,-5.0,6_25,1.0,0.39193141250521535,465.7042952288103,89.42706130231639,176.18592516570988,5.000249993750312
lpJL9-mBNmk_00,395,25,6,182.58165981280814,0.0,1.5707963267948966,-1.5707963267948966,1.6207547225168364,0.0,0.0,0.0,1.0,6_25,1.0,-0.05751757403470492,9999.0,90.0,177.13759477388842,1.0
lpJL9-mBNmk_00,396,25,6,182.28220565924696,0.0,0.0,-1.5707963267948966,1.5458015331759707,0.0,0.0,0.30000000000001137,0.0,6_25,1.0,0.2994541535611859,608.7149017353744,0.0,178.56790381583505,0.30000000000001137
lpJL9-mBNmk_00,397,25,6,183.48501982450776,0.0,1.650626312507137,-1.5707963267948966,1.6142472221864275,0.0,0.0,-0.6000000000000227,7.5,6_25,1.0,-1.2028141652608042,9999.0,94.57392125990104,177.51044707800085,7.523961722390673
lpJL9-mBNmk_00,398,25,6,182.57406716179602,0.0,-1.5413930385908914,-1.5707963267948966,1.6539375586833378,0.0,0.0,0.25,-8.5,6_25,1.0,0.9109526627117361,200.42102585035218,88.3153156821037,175.2363583092738,8.503675675847475
lpJL9-mBNmk_00,399,25,6,183.68530153498943,0.0,1.5930148921216143,-1.1902899496825512,1.6082787634865572,0.19999999999998863,0.0,-0.19999999999998863,9.0,6_25,1.0,-1.1112343731934118,9999.0,91.27303002005664,160.34617594194773,9.008884503644165
lpJL9-mBNmk_00,400,25,6,183.04668803340857,0.0,-1.5497468046578513,-0.7853981633974483,1.6704649792860586,0.30000000000001137,0.0,0.19999999999998863,-9.5,6_25,1.0,0.6386135015808634,286.6314094210089,88.79395122078012,140.71059313749964,9.500526301210897
lpJL9-mBNmk_00,411,25,6,182.2938904626263,3.141592653589793,3.141592653589793,-1.1902899496825512,-1.5957911204138224,-0.30000000000001137,0.0,-0.05000000000001137,0.0,6_25,11.0,0.06843614279838758,2663.707845131817,0.0,23.233505670515672,0.022727272727272728
lpJL9-mBNmk_00,412,25,6,182.28360458362678,0.0,-1.5707963267948966,-1.1902899496825512,-1.5791294672350344,0.0,0.0,0.0,-0.5,6_25,1.0,0.010285878999525266,17721.733319246698,90.0,22.278863263660387,0.5
lpJL9-mBNmk_00,413,25,6,182.27468968565,0.0,-1.5707963267948966,-1.1902899496825512,-1.5499660067586796,0.0,0.0,0.0,-0.5,6_25,1.0,0.008914897976779912,20446.076910853015,90.0,20.60792006236867,0.5
lpJL9-mBNmk_00,414,25,6,182.27468968565,0.0,0.0,0.0,-1.542232668956138,0.0,0.0,0.0,0.0,6_25,1.0,-0.0,9999.0,0.0,88.36342295838337,0.0
lpJL9-mBNmk_00,415,25,6,182.54383035315107,0.0,1.8157749899217608,0.0,-1.5779390624643115,0.0,0.0,-0.25,1.0,6_25,1.0,-0.2691406675010626,9999.0,104.03624346792648,90.40924860803503,1.0307764064044151
lpJL9-mBNmk_00,416,25,6,182.84375843872823,0.0,0.0,0.0,-1.6207547225168426,0.30000000000001137,0.0,0.0,0.0,6_25,1.0,-0.29992808557716444,9999.0,0.0,92.86240522611193,0.30000000000001137
lpJL9-mBNmk_00,417,25,6,182.99372256992862,0.0,3.141592653589793,0.0,-1.5638998844065466,0.0,0.0,-0.14999999999997726,0.0,6_25,1.0,-0.14996413120039165,9999.0,180.0,89.60486295749243,0.14999999999997726
lpJL9-mBNmk_00,418,25,6,182.7937704080749,0.0,0.0,0.0,-1.5624631863547587,0.0,0.0,0.19999999999998863,0.0,6_25,1.0,0.1999521618537301,914.1875172212092,0.0,89.52254622269031,0.19999999999998863
lpJL9-mBNmk_00,419,25,6,182.7937704080749,0.0,0.0,0.0,-1.5541312030809558,0.0,0.0,0.0,0.0,6_25,1.0,-0.0,9999.0,0.0,89.04515874612781,0.0
lpJL9-mBNmk_00,420,25,6,182.99372256992862,0.0,3.141592653589793,0.0,-1.5980622952504868,0.0,0.0,-0.19999999999998863,0.0,6_25,1.0,-0.1999521618537301,9999.0,180.0,91.56222491684215,0.19999999999998863
lpJL9-mBNmk_00,421,25,6,183.08345774536815,0.0,-1.768191886644821,0.0,-1.6456561745056661,0.0,0.0,-0.10000000000002274,-0.5,6_25,1.0,-0.0897351754395288,9999.0,101.30993247402272,94.28915332881917,0.509901951359283
lpJL9-mBNmk_00,422,25,6,183.00533462169895,0.0,1.471127674303712,0.0,-1.7359450042095235,0.0,0.0,0.10000000000002274,1.0,6_25,1.0,0.07812312366920082,2342.524543649895,84.28940686249906,99.46232220802563,1.0049875621120912
lpJL9-mBNmk_00,423,25,6,183.73333938074492,3.141592653589793,-2.3805798993650686,0.0,-2.0344439357957027,-0.30000000000001137,0.0,-1.0500000000000114,-1.0,6_25,1.0,-0.7280047590459731,9999.0,43.60281897270333,116.56505117707799,1.25
lpJL9-mBNmk_00,424,25,6,183.54359155252465,0.0,0.7853981633974483,0.0,-2.0344439357957027,0.30000000000001137,0.0,0.5,0.5,6_25,1.0,0.18974782822027692,967.302726329232,45.0,116.56505117707799,0.5385164807134462
lpJL9-mBNmk_00,425,25,6,183.5551688185326,0.0,1.5707963267948966,0.0,-2.1112158270654806,0.0,0.0,0.0,0.5,6_25,1.0,-0.011577266007947173,9999.0,90.0,120.96375653207352,0.5
lpJL9-mBNmk_00,426,25,6,183.54359155252465,0.0,-1.5707963267948966,0.0,-2.1257920541334867,0.0,0.0,0.0,-0.5,6_25,1.0,0.011577266007947173,15853.79410186583,90.0,121.79891282429462,0.5
lpJL9-mBNmk_00,427,25,6,184.24342593427858,0.0,3.141592653589793,0.0,-2.233222620628045,0.0,0.0,-0.6999999999999886,0.0,6_25,1.0,-0.6998343817539308,9999.0,180.0,127.95423087513232,0.6999999999999886
lpJL9-mBNmk_00,428,25,6,183.99348493900536,0.0,0.0,0.0,3.141592653589793,0.0,0.0,0.25,0.0,6_25,1.0,0.24994099527322078,736.1476845280004,0.0,180.0,0.25
lpJL9-mBNmk_00,429,25,6,184.28323987818317,0.0,-2.1112158270654975,0.0,-2.8632929945846817,0.0,0.0,-0.30000000000001137,-0.5,6_25,1.0,-0.28975493917781137,9999.0,120.96375653207448,164.05460409907712,0.5830951894845359
lpJL9-mBNmk_00,430,25,6,184.58318585396668,0.0,3.141592653589793,0.0,-2.9023610536261337,0.0,0.0,-0.30000000000001137,0.0,6_25,1.0,-0.29994597578351545,9999.0,180.0,166.29303899592026,0.30000000000001137
lpJL9-mBNmk_00,431,25,6,184.7743556341085,0.0,-1.951302703907242,0.0,-2.7149651604629153,0.0,0.0,-0.19999999999998863,-0.5,6_25,1.0,-0.19116978014181996,9999.0,111.80140948635069,155.55604521958335,0.5385164807134462
lpJL9-mBNmk_00,432,25,6,185.17430302285464,3.141592653589793,3.141592653589793,0.0,-2.970857442114509,-0.30000000000001137,0.0,-0.6999999999999886,0.0,6_25,1.0,-0.399947388746142,9999.0,0.0,170.21759296819263,0.39999999999997726
lpJL9-mBNmk_00,433,25,6,184.48320384251787,0.0,0.46364760900080615,0.0,2.8842689386187015,0.30000000000001137,0.0,1.0,0.5,6_25,1.0,0.6910991803367779,266.9417199317438,26.565051177077994,165.25643716352909,0.8602325267042534
lpJL9-mBNmk_00,434,25,6,184.58318585396668,0.0,3.141592653589793,0.0,2.896613990462929,0.0,0.0,-0.10000000000002274,0.0,6_25,1.0,-0.09998201144881591,9999.0,180.0,165.96375653207352,0.10000000000002274
lpJL9-mBNmk_00,435,25,6,184.293414152541,0.0,1.0303768265242956,0.0,3.141592653589793,0.0,0.0,0.30000000000001137,0.5,6_25,1.0,0.28977170142567843,635.9952101803466,59.036243467925516,180.0,0.5830951894845359
lpJL9-mBNmk_00,436,25,6,183.7935322583469,0.0,0.0,0.0,3.141592653589793,0.0,0.0,0.5,0.0,6_25,1.0,0.4998818941941181,367.67391336437305,0.0,180.0,0.5
lpJL9-mBNmk_00,437,25,6,182.8683679590322,0.0,0.8110335719191317,0.0,1.4219063791854216,0.0,0.0,0.9499999999999886,1.0,6_25,1.0,0.9251642993146731,197.6604243100325,46.46880071438617,81.46923439005315,1.3793114224133645
lpJL9-mBNmk_00,438,25,6,183.74354410427594,0.0,-2.3036114285813905,0.0,3.141592653589793,0.0,0.0,-0.8999999999999773,-1.0,6_25,1.0,-0.8751761452437279,9999.0,131.98721249581592,180.0,1.3453624047073558
lpJL9-mBNmk_00,439,25,6,182.83274460555472,0.0,1.006226933126802,0.0,1.5707963267948966,0.0,0.0,0.9499999999999886,1.5,6_25,1.0,0.910799498721218,200.7387409218558,57.65255650055827,90.0,1.7755280904564643
lpJL9-mBNmk_00,444,25,6,183.4936034307463,0.0,-2.007423486608432,0.0,3.141592653589793,0.0,0.0,-0.6999999999999886,-1.5,6_25,5.0,-0.13217176503831637,9999.0,115.01689347809968,180.0,0.331058907144936
lpJL9-mBNmk_00,445,25,6,182.83274460555472,0.0,1.1341691669813614,0.0,1.4219063791853936,0.0,0.0,0.6999999999999886,1.5,6_25,1.0,0.6608588251915819,276.6593070048687,64.98310652190031,81.46923439005154,1.65529453572468
lpJL9-mBNmk_00,446,25,6,183.7935322583469,0.0,-2.1587989303424644,0.0,-2.582993338246237,0.0,0.0,-1.0,-1.5,6_25,1.0,-0.9607876527921633,9999.0,123.6900675259798,147.99461679191685,1.8027756377319946
lpJL9-mBNmk_00,447,25,6,183.73333938074492,1.5707963267948966,0.0,1.5707963267948966,1.0303768265242956,0.0,0.5,0.05000000000001137,0.0,6_25,1.0,0.060192877601963346,3052.409964443235,90.0,30.963756532074484,0.5024937810560456
lpJL9-mBNmk_00,448,25,6,183.78333031045008,0.0,3.141592653589793,1.5707963267948966,3.141592653589793,0.0,0.0,-0.05000000000001137,0.0,6_25,1.0,-0.04999092970516017,9999.0,180.0,90.0,0.05000000000001137
lpJL9-mBNmk_00,449,25,6,183.78333031045008,0.0,0.0,1.5707963267948966,-2.0344439357957027,0.0,0.0,0.0,0.0,6_25,1.0,-0.0,9999.0,0.0,153.434948822922,0.0
lpJL9-mBNmk_00,253,33,6,861.9080939984262,0.0,0.0,0.0,1.8157749899217608,,,0.05000000000001137,0.0,6_33,,0.0,9999.0,0.0,104.03624346792648,0.0
lpJL9-mBNmk_00,254,33,6,861.754968073872,1.5707963267948966,0.0,1.5707963267948966,1.8157749899217608,0.0,0.25,0.0,0.0,6_33,1.0,0.1531259245542742,5627.753566760866,90.0,14.036243467926486,0.25
lpJL9-mBNmk_00,255,33,6,863.0207138302069,-1.5707963267948966,3.141592653589793,-1.5707963267948966,2.1112158270654975,0.0,-2.0,-0.05000000000001137,0.0,6_33,1.0,-1.2657457563349226,9999.0,90.00000000000001,149.03624346792552,2.000624902374256
lpJL9-mBNmk_00,256,33,6,862.5257474417793,1.5707963267948966,3.141592653589793,-1.5707963267948966,1.9936502529278277,0.0,1.0,-0.14999999999997726,0.0,6_33,1.0,0.49496638842754237,1742.5945834058257,90.0,155.77225468204637,1.0111874208078309
lpJL9-mBNmk_00,257,33,6,862.5563996052664,-1.5707963267948966,0.0,-1.5707963267948966,1.9936502529278277,0.0,-0.05000000000001137,0.0,0.0,6_33,1.0,-0.0306521634870478,9999.0,90.0,155.77225468204637,0.05000000000001137
lpJL9-mBNmk_00,258,33,6,862.5870535777824,-1.5707963267948966,0.0,-1.5707963267948966,1.9936502529278277,0.0,-0.04999999999998295,0.0,0.0,6_33,1.0,-0.030653972516006434,9999.0,90.0,155.77225468204637,0.04999999999998295
lpJL9-mBNmk_00,259,33,6,860.9580143653928,1.5707963267948966,-1.6704649792860624,-1.5707963267948966,-2.0344439357957027,0.0,0.04999999999998295,-0.30000000000001137,-3.0,6_33,1.0,1.6290392123895572,528.5066239151457,174.28940686250013,26.565051177077994,3.064718584144375
lpJL9-mBNmk_00,260,33,6,861.3245744201195,-1.5707963267948966,1.5707963267948966,-1.5707963267948966,-2.060753653048631,0.0,-0.09999999999999432,0.0,0.5,6_33,1.0,-0.36656005472661946,9999.0,180.0,28.072486935853302,0.5999999999999943
lpJL9-mBNmk_00,261,33,6,862.5870535777824,1.5707963267948966,1.4513674007765536,-1.5707963267948966,2.0344439357957027,0.0,0.05000000000001137,0.30000000000001137,2.5,6_33,1.0,-1.2624791576629377,9999.0,6.842773412631201,153.434948822922,2.4682990094394865
lpJL9-mBNmk_00,262,33,6,862.5563996052664,1.5707963267948966,0.0,-1.5707963267948966,2.0344439357957027,0.0,0.04999999999998295,0.0,0.0,6_33,1.0,0.030653972516006434,28138.48675420028,90.0,153.434948822922,0.04999999999998295
lpJL9-mBNmk_00,263,33,6,862.3725137665277,-1.5707963267948966,-1.5707963267948966,-1.5707963267948966,2.356194490192345,0.0,-0.19999999999998863,0.0,-0.5,6_33,1.0,0.18388583873866082,4689.716835629384,0.0,135.0,0.30000000000001137
lpJL9-mBNmk_00,264,33,6,861.607024692812,1.5707963267948966,1.5707963267948966,1.5707963267948966,2.0344439357957027,0.0,1.75,0.0,0.5,6_33,1.0,0.7654890737156848,1125.5641057168466,0.0,26.565051177077994,1.25
lpJL9-mBNmk_00,265,33,6,862.709687554278,-1.5707963267948966,0.0,-1.5707963267948966,2.0344439357957027,0.0,-1.8000000000000114,0.0,0.0,6_33,1.0,-1.1026628614660012,9999.0,90.0,153.434948822922,1.8000000000000114
lpJL9-mBNmk_00,266,33,6,861.4540629075935,1.5707963267948966,0.0,1.5707963267948966,2.3036114285813905,0.0,2.0500000000000114,0.0,0.0,6_33,1.0,1.2556246466845096,686.0761017890754,90.0,41.987212495815925,2.0500000000000114
lpJL9-mBNmk_00,267,33,6,862.6177093591343,-1.5707963267948966,0.0,-1.5707963267948966,2.3036114285813905,0.0,-1.9000000000000057,0.0,0.0,6_33,1.0,-1.1636464515407852,9999.0,90.0,138.0127875041841,1.9000000000000057
lpJL9-mBNmk_00,268,33,6,862.5563996052664,1.5707963267948966,0.0,-1.5707963267948966,2.356194490192345,0.0,0.09999999999999432,0.0,0.0,6_33,1.0,0.06130975386793125,14068.828288942717,90.0,135.0,0.09999999999999432
lpJL9-mBNmk_00,269,33,6,862.6177093591343,-1.5707963267948966,0.0,-1.5707963267948966,2.0344439357957027,0.0,-0.09999999999999432,0.0,0.0,6_33,1.0,-0.06130975386793125,9999.0,90.0,153.434948822922,0.09999999999999432
lpJL9-mBNmk_00,270,33,6,862.679026347575,-1.5707963267948966,0.0,-1.5707963267948966,3.141592653589793,0.0,-0.09999999999999432,0.0,0.0,6_33,1.0,-0.06131698844069433,9999.0,90.0,90.00000000000001,0.09999999999999432
lpJL9-mBNmk_00,271,33,6,861.5152421750878,1.5707963267948966,0.0,1.5707963267948966,3.141592653589793,0.0,1.9000000000000057,0.0,0.0,6_33,1.0,1.163784172487226,740.2706296768648,90.0,90.0,1.9000000000000057
lpJL9-mBNmk_00,272,33,6,860.5926940196506,1.5707963267948966,0.0,1.5707963267948966,0.0,0.0,1.25,0.19999999999998863,0.0,6_33,1.0,0.9225481554371981,932.8431138771432,90.0,90.0,1.2658988901172143
lpJL9-mBNmk_00,273,33,6,860.5315944228893,1.5707963267948966,0.0,1.5707963267948966,0.0,0.0,0.09999999999999432,0.0,0.0,6_33,1.0,0.06109959676132348,14084.079765443108,90.0,90.0,0.09999999999999432
lpJL9-mBNmk_00,274,33,6,860.7600652911356,-1.5707963267948966,3.141592653589793,1.5707963267948966,3.141592653589793,0.0,-0.05000000000001137,-0.25,0.0,6_33,1.0,-0.2284708682462906,9999.0,90.00000000000001,90.0,0.2549509756796415
lpJL9-mBNmk_00,275,33,6,860.5315944228893,1.5707963267948966,0.0,1.5707963267948966,0.0,0.0,0.05000000000001137,0.25,0.0,6_33,1.0,0.2284708682462906,3766.48279506357,90.0,90.0,0.2549509756796415
lpJL9-mBNmk_00,276,33,6,860.7691124802283,0.0,3.141592653589793,1.5707963267948966,3.141592653589793,0.0,0.0,-0.30000000000001137,0.0,6_33,1.0,-0.23751805733900255,9999.0,180.0,90.0,0.30000000000001137
lpJL9-mBNmk_00,277,33,6,860.6843570670958,-1.5707963267948966,0.0,1.5707963267948966,0.0,0.0,-0.25,0.30000000000001137,0.0,6_33,1.0,0.08475541313248414,10154.919022360615,90.0,90.0,0.3905124837953415
lpJL9-mBNmk_00,278,33,6,860.5768414267259,1.5707963267948966,3.141592653589793,1.5707963267948966,3.141592653589793,0.0,0.5,-0.25,0.0,6_33,1.0,0.10751564036991113,8004.20142098287,90.0,90.0,0.5590169943749475
lpJL9-mBNmk_00,279,33,6,860.4242049710131,1.5707963267948966,0.0,1.5707963267948966,1.4876550949064553,0.0,0.25,0.0,0.0,6_33,1.0,0.15263645571280904,5637.081920913652,90.0,4.763641690726179,0.25
lpJL9-mBNmk_00,280,33,6,860.271614084761,1.5707963267948966,0.0,1.5707963267948966,1.4711276743037345,0.0,0.25,0.0,0.0,6_33,1.0,0.1525908862520282,5637.7653686596,90.0,5.7105931374996475,0.25
lpJL9-mBNmk_00,281,33,6,860.5157813776572,-1.5707963267948966,0.0,1.5707963267948966,3.141592653589793,0.0,-0.4000000000000057,0.0,0.0,6_33,1.0,-0.2441672928961225,9999.0,90.0,90.0,0.4000000000000057
lpJL9-mBNmk_00,282,33,6,860.5553802632344,0.0,3.141592653589793,1.5707963267948966,3.141592653589793,0.0,0.0,-0.05000000000001137,0.0,6_33,1.0,-0.039598885577220244,9999.0,180.0,90.0,0.05000000000001137
lpJL9-mBNmk_00,283,33,6,860.5553802632344,0.0,0.0,1.5707963267948966,1.768191886644821,0.0,0.0,0.0,0.0,6_33,1.0,-0.0,9999.0,0.0,11.309932474022714,0.0
lpJL9-mBNmk_00,284,33,6,860.5553802632344,0.0,0.0,1.5707963267948966,3.141592653589793,0.0,0.0,0.0,0.0,6_33,1.0,-0.0,9999.0,0.0,90.0,0.0
lpJL9-mBNmk_00,285,33,6,860.4332876522153,1.5707963267948966,0.0,1.5707963267948966,3.141592653589793,0.0,0.20000000000001705,0.0,0.0,6_33,1.0,0.12209261101907032,7047.382150897071,90.0,90.0,0.20000000000001705
lpJL9-mBNmk_00,286,33,6,860.486490306501,-1.5707963267948966,0.0,1.5707963267948966,0.0,0.0,-0.8000000000000114,0.5500000000000114,0.0,6_33,1.0,-0.053202654285655626,9999.0,90.0,90.0,0.9708243919473958
lpJL9-mBNmk_00,287,33,6,860.486490306501,0.0,0.0,1.5707963267948966,0.0,0.0,0.0,0.0,0.0,6_33,1.0,-0.0,9999.0,0.0,90.0,0.0
lpJL9-mBNmk_00,288,33,6,860.5476221569611,-1.5707963267948966,0.0,1.5707963267948966,0.0,0.0,-0.09999999999999432,0.0,0.0,6_33,1.0,-0.06113185046012859,9999.0,90.0,90.0,0.09999999999999432
lpJL9-mBNmk_00,289,33,6,860.486490306501,1.5707963267948966,0.0,1.5707963267948966,0.0,0.0,0.09999999999999432,0.0,0.0,6_33,1.0,0.06113185046012859,14075.91106485035,90.0,90.0,0.09999999999999432
lpJL9-mBNmk_00,290,33,6,860.5260614879714,0.0,3.141592653589793,1.5707963267948966,0.0,0.0,0.0,-0.05000000000001137,0.0,6_33,1.0,-0.03957118147047822,9999.0,180.0,90.0,0.05000000000001137
lpJL9-mBNmk_00,291,33,6,860.486490306501,0.0,0.0,1.5707963267948966,0.0,0.0,0.0,0.05000000000001137,0.0,6_33,1.0,0.03957118147047822,21745.28175127802,0.0,90.0,0.05000000000001137
lpJL9-mBNmk_00,292,33,6,860.5566250979653,-1.5707963267948966,3.141592653589793,-1.5707963267948966,0.0,0.0,-0.05000000000001137,-0.05000000000001137,0.0,6_33,1.0,-0.07013479146428381,9999.0,90.00000000000001,90.0,0.07071067811867082
lpJL9-mBNmk_00,293,33,6,860.5566250979653,0.0,0.0,-1.5707963267948966,0.0,0.0,0.0,0.0,0.0,6_33,1.0,-0.0,9999.0,0.0,90.0,0.0
lpJL9-mBNmk_00,294,33,6,860.4253657348788,1.5707963267948966,0.0,-1.5707963267948966,0.0,0.0,0.15000000000000568,0.05000000000001137,0.0,6_33,1.0,0.1312593630864285,6555.154203882025,90.0,90.0,0.15811388300842796
lpJL9-mBNmk_00,295,33,6,860.486490306501,-1.5707963267948966,0.0,-1.5707963267948966,0.0,0.0,-0.09999999999999432,0.0,0.0,6_33,1.0,-0.061124571622144686,9999.0,90.0,90.0,0.09999999999999432
lpJL9-mBNmk_00,296,33,6,860.5476221569611,-1.5707963267948966,0.0,-1.5707963267948966,0.0,0.0,-0.09999999999999432,0.0,0.0,6_33,1.0,-0.06113185046012859,9999.0,90.0,90.0,0.09999999999999432
lpJL9-mBNmk_00,297,33,6,860.5476221569611,0.0,0.0,-1.5707963267948966,0.0,0.0,0.0,0.0,0.0,6_33,1.0,-0.0,9999.0,0.0,90.0,0.0
lpJL9-mBNmk_00,298,33,6,860.5476221569611,0.0,0.0,-1.5707963267948966,0.0,0.0,0.0,0.0,0.0,6_33,1.0,-0.0,9999.0,0.0,90.0,0.0
lpJL9-mBNmk_00,299,33,6,860.5476221569611,0.0,0.0,-1.5707963267948966,0.0,0.0,0.0,0.0,0.0,6_33,1.0,-0.0,9999.0,0.0,90.0,0.0
lpJL9-mBNmk_00,300,33,6,860.6699076881914,-1.5707963267948966,0.0,-1.5707963267948966,0.0,0.0,-0.20000000000001705,0.0,0.0,6_33,1.0,-0.12228553123031816,9999.0,90.0,90.0,0.20000000000001705
lpJL9-mBNmk_00,301,33,6,860.5476221569611,1.5707963267948966,0.0,-1.5707963267948966,0.0,0.0,0.20000000000001705,0.0,0.0,6_33,1.0,0.12228553123031816,7037.199033270473,90.0,90.0,0.20000000000001705
lpJL9-mBNmk_00,302,33,6,860.4343815771194,1.5707963267948966,3.141592653589793,-1.5707963267948966,0.0,0.0,0.25,-0.05000000000001137,0.0,6_33,1.0,0.11324057984165847,7598.28661050874,90.0,90.0,0.2549509756796415
lpJL9-mBNmk_00,303,33,6,860.4343815771194,0.0,0.0,-1.5707963267948966,0.0,0.0,0.0,0.0,0.0,6_33,1.0,-0.0,9999.0,0.0,90.0,0.0
lpJL9-mBNmk_00,304,33,6,860.4038252471917,1.5707963267948966,0.0,-1.5707963267948966,0.0,0.0,0.04999999999998295,0.0,0.0,6_33,1.0,0.03055632992777646,28157.95703478981,90.0,90.0,0.04999999999998295
lpJL9-mBNmk_00,305,33,6,860.364248443646,0.0,0.0,-1.5707963267948966,0.0,0.0,0.0,0.05000000000001137,0.0,6_33,1.0,0.039576803545628536,21739.104004488956,0.0,90.0,0.05000000000001137
lpJL9-mBNmk_00,306,33,6,860.486490306501,-1.5707963267948966,0.0,0.0,0.0,0.0,-0.19999999999998863,0.0,0.0,6_33,1.0,-0.12224186285493488,9999.0,90.0,0.0,0.19999999999998863
lpJL9-mBNmk_00,307,33,6,860.486490306501,0.0,0.0,0.0,0.0,0.0,0.0,0.0,0.0,6_33,1.0,-0.0,9999.0,0.0,0.0,0.0
lpJL9-mBNmk_00,308,33,6,860.6087612847083,-1.5707963267948966,0.0,-1.5707963267948966,0.0,0.0,-0.19999999999998863,0.0,0.0,6_33,1.0,-0.12227097820732524,9999.0,90.0,90.0,0.19999999999998863
lpJL9-mBNmk_00,309,33,6,860.7706213039569,-1.5707963267948966,3.141592653589793,-1.5707963267948966,3.141592653589793,0.0,-0.20000000000001705,-0.05000000000001137,0.0,6_33,1.0,-0.16186001924859283,9999.0,90.00000000000001,90.00000000000001,0.20615528128090232
lpJL9-mBNmk_00,310,33,6,860.8317794435798,-1.5707963267948966,0.0,-1.5707963267948966,0.0,0.0,-0.09999999999999432,0.0,0.0,6_33,1.0,-0.06115813962287575,9999.0,90.0,90.0,0.09999999999999432
lpJL9-mBNmk_00,311,33,6,861.0152974831515,-1.5707963267948966,0.0,-1.5707963267948966,3.141592653589793,0.0,-0.30000000000001137,0.0,0.0,6_33,1.0,-0.18351803957170887,9999.0,90.0,90.00000000000001,0.30000000000001137
lpJL9-mBNmk_00,312,33,6,860.8011994647777,1.5707963267948966,0.0,-1.5707963267948966,0.0,0.0,0.35000000000002274,0.0,0.0,6_33,1.0,0.21409801837376108,4020.593959735004,90.0,90.0,0.35000000000002274
lpJL9-mBNmk_00,313,33,6,860.7616409320294,0.0,0.0,-1.5707963267948966,0.0,0.0,0.0,0.05000000000001137,0.0,6_33,1.0,0.03955853274828769,21759.190271517033,0.0,90.0,0.05000000000001137
lpJL9-mBNmk_00,314,33,6,860.8317794435798,-1.5707963267948966,3.141592653589793,-1.5707963267948966,3.141592653589793,0.0,-0.05000000000001137,-0.05000000000001137,0.0,6_33,1.0,-0.0701385115503399,9999.0,90.00000000000001,90.00000000000001,0.07071067811867082
lpJL9-mBNmk_00,315,33,6,860.8317794435798,0.0,0.0,-1.5707963267948966,3.141592653589793,0.0,0.0,0.0,0.0,6_33,1.0,-0.0,9999.0,0.0,90.00000000000001,0.0
lpJL9-mBNmk_00,316,33,6,860.8317794435798,0.0,0.0,-1.5707963267948966,3.141592653589793,0.0,0.0,0.0,0.0,6_33,1.0,-0.0,9999.0,0.0,90.00000000000001,0.0
lpJL9-mBNmk_00,317,33,6,860.7706213039569,1.5707963267948966,0.0,-1.5707963267948966,3.141592653589793,0.0,0.09999999999999432,0.0,0.0,6_33,1.0,0.06115813962287575,14074.506298128008,90.0,90.00000000000001,0.09999999999999432
lpJL9-mBNmk_00,318,33,6,860.8317794435798,-1.5707963267948966,0.0,-1.5707963267948966,3.141592653589793,0.0,-0.09999999999999432,0.0,0.0,6_33,1.0,-0.06115813962287575,9999.0,90.0,90.00000000000001,0.09999999999999432
lpJL9-mBNmk_00,319,33,6,860.7400449613111,1.5707963267948966,0.0,-1.5707963267948966,3.141592653589793,0.0,0.15000000000000568,0.0,0.0,6_33,1.0,0.09173448226863457,9382.949831675362,90.0,90.00000000000001,0.15000000000000568
lpJL9-mBNmk_00,320,33,6,860.7310613658601,-1.5707963267948966,0.0,-1.5707963267948966,0.0,0.0,-0.05000000000001137,0.05000000000001137,0.0,6_33,1.0,0.00898359545101357,95811.4227270495,90.0,90.0,0.07071067811867082
lpJL9-mBNmk_00,321,33,6,860.8929448543529,-1.5707963267948966,3.141592653589793,-1.5707963267948966,3.141592653589793,0.0,-0.19999999999998863,-0.05000000000001137,0.0,6_33,1.0,-0.16188348849277645,9999.0,90.00000000000001,90.00000000000001,0.20615528128087476
lpJL9-mBNmk_00,322,33,6,860.7094704370342,1.5707963267948966,0.0,-1.5707963267948966,0.0,0.0,0.29999999999998295,0.0,0.0,6_33,1.0,0.1834744173187346,4691.168845309896,90.0,90.0,0.29999999999998295
lpJL9-mBNmk_00,323,33,6,860.7706213039569,-1.5707963267948966,0.0,-1.5707963267948966,0.0,0.0,-0.09999999999999432,0.0,0.0,6_33,1.0,-0.06115086692273053,9999.0,90.0,90.0,0.09999999999999432
lpJL9-mBNmk_00,324,33,6,860.7922223161638,-1.5707963267948966,0.0,-1.5707963267948966,0.0,0.0,-0.09999999999999432,0.05000000000001137,0.0,6_33,1.0,-0.021601012206929227,9999.0,90.0,90.0,0.11180339887498948
lpJL9-mBNmk_00,325,33,6,860.9451564995298,-1.5707963267948966,0.0,-1.5707963267948966,0.0,0.0,-0.25,0.0,0.0,6_33,1.0,-0.15293418336602826,9999.0,90.0,90.0,0.25
lpJL9-mBNmk_00,326,33,6,860.8317794435798,1.5707963267948966,3.141592653589793,-1.5707963267948966,3.141592653589793,0.0,0.25,-0.05000000000001137,0.0,6_33,1.0,0.11337705595008174,7592.645374586119,90.0,90.00000000000001,0.2549509756796415
lpJL9-mBNmk_00,327,33,6,860.8533905375526,-1.5707963267948966,0.0,-1.5707963267948966,0.0,0.0,-0.09999999999999432,0.05000000000001137,0.0,6_33,1.0,-0.021611093972865092,9999.0,90.0,90.0,0.11180339887498948
lpJL9-mBNmk_00,328,33,6,860.9451564995298,-1.5707963267948966,0.0,-1.5707963267948966,0.0,0.0,-0.15000000000000568,0.0,0.0,6_33,1.0,-0.09176596197721665,9999.0,90.0,90.0,0.15000000000000568
lpJL9-mBNmk_00,329,33,6,860.8533905375526,1.5707963267948966,0.0,-1.5707963267948966,0.0,0.0,0.15000000000000568,0.0,0.0,6_33,1.0,0.09176596197721665,9380.96623180698,90.0,90.0,0.15000000000000568
lpJL9-mBNmk_00,330,33,6,860.8533905375526,0.0,0.0,-1.5707963267948966,0.0,0.0,0.0,0.0,0.0,6_33,1.0,-0.0,9999.0,0.0,90.0,0.0
lpJL9-mBNmk_00,331,33,6,860.7922223161638,1.5707963267948966,0.0,1.5707963267948966,0.0,0.0,0.09999999999999432,0.0,0.0,6_33,1.0,0.06116822138881162,14072.539674557429,90.0,90.0,0.09999999999999432
lpJL9-mBNmk_00,332,33,6,860.7004836178495,1.5707963267948966,0.0,1.5707963267948966,0.0,0.0,0.15000000000000568,0.0,0.0,6_33,1.0,0.09173869831431603,9382.08737896966,90.0,90.0,0.15000000000000568
lpJL9-mBNmk_00,333,33,6,860.9451564995298,-1.5707963267948966,0.0,-1.5707963267948966,0.0,0.0,-0.4000000000000057,0.0,0.0,6_33,1.0,-0.2446728816803443,9999.0,90.0,90.0,0.4000000000000057
lpJL9-mBNmk_00,334,33,6,860.5080548722366,1.5707963267948966,0.0,1.5707963267948966,0.0,0.0,0.6500000000000057,0.05000000000001137,0.0,6_33,1.0,0.4371016272932593,1968.6681566502298,90.0,90.0,0.6519202405202714
lpJL9-mBNmk_00,335,33,6,860.5997705089167,-1.5707963267948966,0.0,1.5707963267948966,0.0,0.0,-0.15000000000000568,0.0,0.0,6_33,1.0,-0.0917156366800782,9999.0,90.0,90.0,0.15000000000000568
lpJL9-mBNmk_00,336,33,6,860.3102347409335,1.5707963267948966,0.0,1.5707963267948966,0.0,0.0,0.15000000000000568,0.25,0.0,6_33,1.0,0.28953576798312497,2971.343543265007,90.0,90.0,0.29154759474226793
lpJL9-mBNmk_00,337,33,6,860.6466827333967,-1.5707963267948966,0.0,-1.5707963267948966,0.0,0.0,-0.5500000000000114,0.0,0.0,6_33,1.0,-0.3364479924631496,9999.0,90.0,90.0,0.5500000000000114
lpJL9-mBNmk_00,338,33,6,860.4668529350796,1.5707963267948966,0.0,-1.5707963267948966,0.0,0.0,0.09999999999999432,0.14999999999997726,0.0,6_33,1.0,0.1798297983170869,4784.895834770675,90.0,90.0,0.18027756377317739
lpJL9-mBNmk_00,339,33,6,860.677279820956,-1.5707963267948966,3.141592653589793,-1.5707963267948966,0.0,0.0,-0.14999999999997726,-0.14999999999997726,0.0,6_33,1.0,-0.21042688587635894,9999.0,90.00000000000001,90.0,0.2121320343559321
lpJL9-mBNmk_00,340,33,6,860.4631383737482,1.5707963267948966,0.0,1.5707963267948966,0.0,0.0,0.3499999999999943,0.0,0.0,6_33,1.0,0.21414144720779404,4018.1998842045286,90.0,90.0,0.3499999999999943
lpJL9-mBNmk_00,341,33,6,860.5549023740438,-1.5707963267948966,0.0,1.5707963267948966,0.0,0.0,-0.15000000000000568,0.0,0.0,6_33,1.0,-0.09176400029559773,9999.0,90.0,90.0,0.15000000000000568
lpJL9-mBNmk_00,342,33,6,860.1573765887264,1.5707963267948966,0.0,1.5707963267948966,0.0,0.0,0.6500000000000057,0.0,0.0,6_33,1.0,0.39752578531738436,2163.777567037512,90.0,90.0,0.6500000000000057
lpJL9-mBNmk_00,343,33,6,860.1268104180917,1.5707963267948966,0.0,1.5707963267948966,0.0,0.0,0.04999999999998295,0.0,0.0,6_33,1.0,0.03056617063464273,28139.82885521326,90.0,90.0,0.04999999999998295
lpJL9-mBNmk_00,344,33,6,859.5463992711504,1.5707963267948966,0.0,1.5707963267948966,0.0,0.0,0.950000000000017,0.0,0.0,6_33,1.0,0.5804111469412874,1480.9267599371235,90.0,90.0,0.950000000000017
lpJL9-mBNmk_00,345,33,6,859.7296159258444,-1.5707963267948966,0.0,1.5707963267948966,0.0,0.0,-0.30000000000001137,0.0,0.0,6_33,1.0,-0.18321665469397885,9999.0,90.0,90.0,0.30000000000001137
lpJL9-mBNmk_00,346,33,6,860.2886506865007,-1.5707963267948966,3.141592653589793,1.5707963267948966,0.0,0.0,-0.8499999999999943,-0.05000000000001137,0.0,6_33,1.0,-0.5590347606562318,9999.0,90.00000000000001,90.0,0.8514693182963151
lpJL9-mBNmk_00,347,33,6,860.2886506865007,0.0,0.0,1.5707963267948966,0.0,0.0,0.0,0.0,0.0,6_33,1.0,-0.0,9999.0,0.0,90.0,0.0
lpJL9-mBNmk_00,348,33,6,860.3497965943852,-1.5707963267948966,0.0,1.5707963267948966,0.0,0.0,-0.09999999999999432,0.0,0.0,6_33,1.0,-0.06114590788456553,9999.0,90.0,90.0,0.09999999999999432
lpJL9-mBNmk_00,349,33,6,860.2886506865007,1.5707963267948966,0.0,1.5707963267948966,0.0,0.0,0.09999999999999432,0.0,0.0,6_33,1.0,0.06114590788456553,14069.439484169552,90.0,90.0,0.09999999999999432
lpJL9-mBNmk_00,350,33,6,860.3427180490343,1.5707963267948966,3.141592653589793,1.5707963267948966,3.141592653589793,0.0,0.30000000000001137,-0.30000000000001137,0.0,6_33,1.0,-0.054067362533601226,9999.0,90.0,90.0,0.4242640687119446
lpJL9-mBNmk_00,351,33,6,860.1052566401394,0.0,0.0,1.5707963267948966,0.0,0.0,0.0,0.30000000000001137,0.0,6_33,1.0,0.23746140889488743,3622.0843658047443,0.0,90.0,0.30000000000001137
lpJL9-mBNmk_00,352,33,6,860.0656835381819,0.0,0.0,1.5707963267948966,0.0,0.0,0.0,0.05000000000001137,0.0,6_33,1.0,0.03957310195744412,21733.59279399108,0.0,90.0,0.05000000000001137
lpJL9-mBNmk_00,353,33,6,860.4649397273545,-1.5707963267948966,3.141592653589793,1.5707963267948966,3.141592653589793,0.0,-0.20000000000001705,-0.35000000000002274,0.0,6_33,1.0,-0.39925618917254724,9999.0,90.00000000000001,90.0,0.4031128874149557
lpJL9-mBNmk_00,354,33,6,860.0045639413783,1.5707963267948966,0.0,1.5707963267948966,0.0,0.0,0.30000000000001137,0.35000000000002274,0.0,6_33,1.0,0.4603757859762254,1868.0490810735,90.0,90.0,0.460977222864669
lpJL9-mBNmk_00,355,33,6,860.1969454723726,-1.5707963267948966,3.141592653589793,1.5707963267948966,0.0,0.0,-0.25,-0.05000000000001137,0.0,6_33,1.0,-0.1923815309943393,9999.0,90.00000000000001,90.0,0.2549509756796415
lpJL9-mBNmk_00,356,33,6,860.4415291000313,-1.5707963267948966,0.0,-1.5707963267948966,3.141592653589793,0.0,-0.4000000000000057,0.0,0.0,6_33,1.0,-0.2445836276586988,9999.0,90.0,90.00000000000001,0.4000000000000057
lpJL9-mBNmk_00,357,33,6,860.3102347409335,1.5707963267948966,0.0,1.5707963267948966,0.0,0.0,0.15000000000000568,0.05000000000001137,0.0,6_33,1.0,0.1312943590977511,6552.530060338818,90.0,90.0,0.15811388300842796
lpJL9-mBNmk_00,358,33,6,860.2886506865007,1.5707963267948966,3.141592653589793,1.5707963267948966,3.141592653589793,0.0,0.09999999999999432,-0.05000000000001137,0.0,6_33,1.0,0.021584054432878474,39857.60197935952,90.0,90.0,0.11180339887498948
lpJL9-mBNmk_00,409,33,6,856.8294302251761,1.7804361726691096,0.0,1.7332854360121008,1.1071487177940904,-0.5,2.3499999999999943,0.0,0.0,6_33,51.0,0.06782785218283428,12632.412831170563,102.01147838636547,35.874991352064065,0.04710985794797622
lpJL9-mBNmk_00,410,33,6,857.0421518221843,-1.5707963267948966,0.0,1.7804361726691096,0.0,0.0,-0.3499999999999943,0.0,0.0,6_33,1.0,-0.21272159700822613,9999.0,90.0,102.01147838636547,0.3499999999999943
lpJL9-mBNmk_00,411,33,6,857.4789224814799,0.0,3.141592653589793,1.5707963267948966,-1.5957911204138224,0.5,0.0,-0.05000000000001137,0.0,6_33,1.0,-0.43677065929557557,9999.0,180.0,178.56790381583505,0.5500000000000114
lpJL9-mBNmk_00,412,33,6,857.2359433084919,-1.5707963267948966,-1.5707963267948966,1.5707963267948966,-1.5791294672350344,0.0,-0.09999999999999432,0.0,-0.5,6_33,1.0,0.2429791729880435,3528.0223105816344,0.0,179.5225462226903,0.4000000000000057
lpJL9-mBNmk_00,413,33,6,856.2618904283898,2.408777551803299,-1.5707963267948966,1.7992929660867583,-1.5499660067586796,-0.5,0.44999999999998863,0.0,-0.5,6_33,1.0,0.9740528801020218,879.0712577521514,131.98721249581592,168.1015963596352,1.0735455276791843
lpJL9-mBNmk_00,414,33,6,857.0234331685452,-0.8760580505981886,0.0,1.5707963267948966,-1.542232668956138,0.5,-0.5999999999999943,0.0,0.0,6_33,1.0,-0.7615427401553916,9999.0,50.19442890773453,178.36342295838335,0.7810249675906611
lpJL9-mBNmk_00,415,33,6,857.6774976644775,1.5707963267948966,1.8157749899217608,1.5707963267948966,-1.5779390624643115,0.0,0.25,-0.25,1.0,6_33,1.0,-0.654064495932289,9999.0,14.036243467926486,179.59075139196497,0.7905694150420949
lpJL9-mBNmk_00,416,33,6,857.8293842600636,-1.5707963267948966,0.0,1.5707963267948966,-1.6207547225168426,0.0,-0.25,0.0,0.0,6_33,1.0,-0.15188659558612017,9999.0,90.0,177.13759477388805,0.25
lpJL9-mBNmk_00,417,33,6,857.3994999415384,2.677945044588987,3.141592653589793,1.8157749899217608,-1.5638998844065466,-0.5,0.25,-0.14999999999997726,0.0,6_33,1.0,0.4298843185252963,1994.4888961821603,26.565051177077994,166.35889357458112,0.43011626335214986
lpJL9-mBNmk_00,418,33,6,857.1495114622653,1.5707963267948966,0.0,1.7894652726688385,-1.5624631863547587,0.0,0.15000000000000568,0.19999999999998863,0.0,6_33,1.0,0.24998847927304269,3428.756052898216,90.0,167.94864606815818,0.2499999999999943
lpJL9-mBNmk_00,419,33,6,857.6377804761169,-0.29145679447787753,0.0,1.5707963267948966,-1.5541312030809558,0.5,-0.15000000000000568,0.0,0.0,6_33,1.0,-0.48826901385154997,9999.0,16.699244233994225,179.04515874612778,0.5220153254455291
lpJL9-mBNmk_00,420,33,6,857.7966556824525,0.0,3.141592653589793,1.5707963267948966,-1.5980622952504868,0.0,0.0,-0.19999999999998863,0.0,6_33,1.0,-0.1588752063356651,9999.0,180.0,178.43777508315785,0.19999999999998863
lpJL9-mBNmk_00,421,33,6,856.9627325619241,2.530866689200592,-1.768191886644821,1.810027926758559,-1.6456561745056661,-0.5,0.3499999999999943,-0.10000000000002274,-0.5,6_33,1.0,0.833923120528425,1027.6279808849763,113.68208772453555,162.00388566710092,0.939414711402782
lpJL9-mBNmk_00,422,33,6,857.6730175305739,-1.5707963267948966,1.471127674303712,1.849095985800008,-1.7359450042095235,0.0,-0.29999999999998295,0.10000000000002274,1.0,6_33,1.0,-0.7102849686498303,9999.0,174.28940686249908,154.59228189105153,1.3038404810405144
lpJL9-mBNmk_00,423,33,6,857.930212779571,-1.5707963267948966,-2.3805798993650686,1.8281200417659846,-2.0344439357957027,0.0,-0.05000000000001137,-1.0500000000000114,-1.0,6_33,1.0,-0.25719524899704993,9999.0,46.397181027296675,138.6913859864513,1.4159802258506304
lpJL9-mBNmk_00,424,33,6,857.5327982065759,1.5707963267948966,0.7853981633974483,1.8045395076637987,-2.0344439357957027,0.0,0.5,0.5,0.5,6_33,1.0,0.3974145729951033,2157.7789454065687,45.0,140.0424510691709,0.5
lpJL9-mBNmk_00,425,33,6,857.7756466582623,1.5707963267948966,1.5707963267948966,1.7721134351695382,-2.1112158270654806,0.0,0.09999999999999432,0.0,0.5,6_33,1.0,-0.24284845168642732,9999.0,0.0,137.50162281428172,0.4000000000000057
lpJL9-mBNmk_00,426,33,6,857.3810777594756,1.5707963267948966,-1.5707963267948966,1.7359450042095235,-2.1257920541334867,0.0,0.15000000000000568,0.0,-0.5,6_33,1.0,0.39456889878670154,2172.9565619488017,180.0,138.73876496767977,0.6500000000000057
lpJL9-mBNmk_00,427,33,6,858.2712158752616,-1.5707963267948966,3.141592653589793,1.7848570103587196,-2.233222620628045,0.0,-0.5500000000000114,-0.6999999999999886,0.0,6_33,1.0,-0.8901381157860442,9999.0,90.00000000000001,129.78099539697516,0.8902246907382408
lpJL9-mBNmk_00,428,33,6,858.0725158749697,0.0,0.0,1.7942729279355307,3.141592653589793,0.0,0.0,0.25,0.0,6_33,1.0,0.19870000029197854,4318.432383563563,0.0,77.19573393471319,0.25
lpJL9-mBNmk_00,429,33,6,857.9773452720066,1.5707963267948966,-2.1112158270654975,-1.5707963267948966,-2.8632929945846817,0.0,0.05000000000001137,-0.30000000000001137,-0.5,6_33,1.0,0.0951706029630941,9015.150882302583,149.03624346792552,74.05460409907714,0.6264982043070988
lpJL9-mBNmk_00,430,33,6,858.3068580059231,-1.5707963267948966,3.141592653589793,1.5707963267948966,-2.9023610536261337,0.0,-0.15000000000000568,-0.30000000000001137,0.0,6_33,1.0,-0.3295127339165447,9999.0,90.00000000000001,103.70696100407976,0.33541019662498117
lpJL9-mBNmk_00,431,33,6,858.2234921627349,-1.5707963267948966,-1.951302703907242,3.141592653589793,-2.7149651604629153,0.0,-0.09999999999999432,-0.19999999999998863,-0.5,6_33,1.0,0.08336584318817586,10294.665768875238,21.801409486350696,24.443954780416654,0.4472135954999579
lpJL9-mBNmk_00,432,33,6,859.5720010563397,-0.9151007005533646,3.141592653589793,-1.5707963267948966,-2.970857442114509,0.5,-0.6500000000000057,-0.6999999999999886,0.0,6_33,1.0,-1.3485088936047305,9999.0,127.56859202882725,80.21759296819265,1.3647344063956108
lpJL9-mBNmk_00,433,33,6,858.6855958381974,1.5707963267948966,0.46364760900080615,-0.610725964389201,2.8842689386187015,0.0,0.6500000000000057,1.0,0.5,6_33,1.0,0.8864052181422721,968.7280470187557,63.43494882292201,159.75154263791268,1.011187420807835
lpJL9-mBNmk_00,434,33,6,858.2462306937327,2.7610862764774478,3.141592653589793,2.408777551803299,2.896613990462929,-0.5,0.19999999999998863,-0.10000000000002274,0.0,6_33,1.0,0.43936514446465935,1953.378053553737,21.801409486350696,27.950969027889457,0.44721359549993256
lpJL9-mBNmk_00,435,33,6,858.3109590934977,0.0,1.0303768265242956,2.7610862764774478,3.141592653589793,0.0,0.0,0.30000000000001137,0.5,6_33,1.0,-0.06472839976493105,9999.0,59.036243467925516,21.801409486350696,0.5830951894845359
lpJL9-mBNmk_00,436,33,6,857.6101401569364,1.5707963267948966,0.0,2.055274255831925,3.141592653589793,0.0,0.5,0.5,0.0,6_33,1.0,0.7008189365612907,1223.725694920536,90.0,62.24145939893968,0.7071067811865476
lpJL9-mBNmk_00,437,33,6,857.4323311492283,1.5707963267948966,0.8110335719191317,1.5707963267948966,1.4219063791854216,0.0,0.05000000000001137,0.9499999999999886,1.0,6_33,1.0,0.17780900770810604,4822.209753044695,43.53119928561383,8.530765609946856,1.3435028842544243
lpJL9-mBNmk_00,438,33,6,857.540058831073,0.0,-2.3036114285813905,1.5707963267948966,3.141592653589793,0.0,0.0,-0.8999999999999773,-1.0,6_33,1.0,-0.1077276818447217,9999.0,131.98721249581592,90.0,1.3453624047073558
lpJL9-mBNmk_00,439,33,6,857.635869702288,1.5707963267948966,1.006226933126802,2.102520394053705,1.5707963267948966,0.0,0.09999999999999432,0.9499999999999886,1.5,6_33,1.0,-0.09581087121500786,9999.0,32.347443499441724,30.465544919460033,1.6918924315688615
lpJL9-mBNmk_00,444,33,6,857.4930626541535,-1.5707963267948966,-2.007423486608432,0.0,3.141592653589793,0.0,-0.3499999999999943,-0.6999999999999886,-1.5,6_33,5.0,0.02856140962690006,30022.785074534237,25.016893478099686,180.0,0.269258240356725
lpJL9-mBNmk_00,445,33,6,857.8487993230509,0.0,1.1341691669813614,-1.5707963267948966,1.4219063791853936,0.0,0.0,0.6999999999999886,1.5,6_33,1.0,-0.35573666889740707,9999.0,64.98310652190031,171.46923439005155,1.65529453572468
lpJL9-mBNmk_00,446,33,6,858.1896191984614,-0.19739555984986984,-2.1587989303424644,-0.610725964389201,-2.582993338246237,0.5,-0.09999999999999432,-1.0,-1.5,6_33,1.0,-0.34081987541048875,9999.0,112.38013505196022,113.00259659335863,2.051828452868323
lpJL9-mBNmk_00,447,33,6,857.7524409758331,3.141592653589793,0.0,1.5707963267948966,1.0303768265242956,-0.5,0.0,0.05000000000001137,0.0,6_33,1.0,0.4371782226282903,1962.0200563035248,180.0,30.963756532074484,0.5500000000000114
lpJL9-mBNmk_00,448,33,6,857.7921790853541,0.0,3.141592653589793,1.5707963267948966,3.141592653589793,0.0,0.0,-0.05000000000001137,0.0,6_33,1.0,-0.03973810952095391,9999.0,180.0,90.0,0.05000000000001137
lpJL9-mBNmk_00,449,33,6,858.3109590934977,-0.3805063771123943,0.0,-0.09966865249118455,-2.0344439357957027,0.5,-0.20000000000001705,0.0,0.0,6_33,1.0,-0.518780008143608,9999.0,21.801409486353503,110.85445803957707,0.5385164807134567
lpJL9-mBNmk_00,405,39,6,658.706051664929,0.0,0.0,0.0,1.3258176636680323,,,0.0,0.0,6_39,,0.0,9999.0,0.0,75.96375653207352,0.0
lpJL9-mBNmk_00,406,39,6,658.2198796754775,0.0,-1.471127674303712,0.0,1.2793395323170265,0.09999999999999432,0.0,0.05000000000001137,-0.5,6_39,1.0,0.48617198945146356,1353.8827697953795,84.28940686249906,73.3007557660062,0.5024937810560428
lpJL9-mBNmk_00,407,39,6,658.1745968965986,-0.7853981633974483,3.141592653589793,-0.46364760900082036,1.35970299357215,0.10000000000000142,-0.10000000000000142,-0.30000000000001137,0.0,6_39,1.0,0.04528277887891363,14534.766045532688,135.0,104.47029410006671,0.41231056256177884
lpJL9-mBNmk_00,408,39,6,655.8013761803188,2.9764439761751738,-1.6704649792860586,-2.6779450445889585,1.2490457723982544,-0.29999999999999716,0.04999999999999716,-0.25,-2.5,6_39,1.0,2.373220716279775,276.33391689262817,93.75172907052554,135.00000000000162,2.5504901489713667
lpJL9-mBNmk_00,409,39,6,655.8188107244256,3.141592653589793,0.0,-2.8198420991931368,1.1071487177940904,-0.05000000000000426,0.0,0.0,0.0,6_39,1.0,-0.01743454410677714,9999.0,180.0,135.00000000000082,0.05000000000000426
lpJL9-mBNmk_00,410,39,6,655.8188107244256,0.0,0.0,-2.8198420991931368,0.0,0.0,0.0,0.0,0.0,6_39,1.0,-0.0,9999.0,0.0,161.56505117707718,0.0
lpJL9-mBNmk_00,411,39,6,655.8656722225978,-2.356194490192345,3.141592653589793,-2.677945044588987,-1.5957911204138224,-0.04999999999999716,-0.04999999999999716,-0.05000000000001137,0.0,6_39,1.0,-0.04686149817223395,9999.0,45.00000000000001,62.00285263875702,0.04999999999999716
lpJL9-mBNmk_00,412,39,6,655.3796323505942,0.0,-1.5707963267948966,-2.5535900500422364,-1.5791294672350344,0.04999999999999716,0.0,0.0,-0.5,6_39,1.0,0.4860398720036301,1348.4071371529358,90.0,55.83247869671114,0.5024937810560443
lpJL9-mBNmk_00,413,39,6,654.8991410896795,2.677945044588987,-1.5707963267948966,-2.944197093739896,-1.5499660067586796,-0.09999999999999432,0.04999999999999716,0.0,-0.5,6_39,1.0,0.48049126091473227,1362.9782565512623,116.56505117707799,79.88355694996086,0.5590169943749436
lpJL9-mBNmk_00,414,39,6,654.9404724858589,-0.5880026035475457,0.0,-2.158798930342475,-1.542232668956138,0.14999999999999858,-0.09999999999999432,0.0,0.0,6_39,1.0,-0.04133139617943016,9999.0,33.69006752597854,35.32664456759704,0.18027756377319512
lpJL9-mBNmk_00,415,39,6,655.714253695922,2.0344439357957596,1.8157749899217608,-2.8198420991931368,-1.5779390624643115,-0.05000000000000426,0.09999999999999432,-0.25,1.0,6_39,1.0,-0.7737812100631345,9999.0,12.528807709154764,71.15580256904214,0.9219544457292933
lpJL9-mBNmk_00,416,39,6,655.7905801397272,-1.1071487177940336,0.0,-2.158798930342475,-1.6207547225168426,0.05000000000000426,-0.09999999999999432,0.0,0.0,6_39,1.0,-0.0763264438052147,9999.0,63.43494882291875,30.82766229986848,0.1118033988749863
lpJL9-mBNmk_00,417,39,6,655.7088931072997,2.356194490192416,3.141592653589793,-2.553590050042237,-1.5638998844065466,-0.05000000000000426,0.04999999999999716,-0.14999999999997726,0.0,6_39,1.0,0.08168703242756692,8027.086718919876,44.99999999999593,56.70506951652843,0.11180339887496407
lpJL9-mBNmk_00,418,39,6,655.8254074065749,-1.5707963267948966,0.0,-2.3561944901923684,-1.5624631863547587,0.0,-0.04999999999999716,0.19999999999998863,0.0,6_39,1.0,-0.1165142992751953,9999.0,90.0,45.477453777311034,0.20615528128087132
lpJL9-mBNmk_00,419,39,6,655.7905801397272,0.0,0.0,-1.892546881191567,-1.5541312030809558,0.10000000000000142,0.0,0.0,0.0,6_39,1.0,0.03482726684762838,18829.803182915697,0.0,19.389790076795826,0.10000000000000142
lpJL9-mBNmk_00,420,39,6,655.7209658078656,0.0,3.141592653589793,-1.892546881191567,-1.5980622952504868,0.0,0.0,-0.19999999999998863,0.0,6_39,1.0,0.06961433186165777,9419.33863720703,180.0,16.872723906081475,0.19999999999998863
lpJL9-mBNmk_00,421,39,6,655.1759019530556,2.5535900500422475,-1.768191886644821,-2.896613990462912,-1.6456561745056661,-0.14999999999999858,0.09999999999999432,-0.10000000000002274,-0.5,6_39,1.0,0.545063854809996,1202.0167842196097,112.3801350519558,71.67460320325337,0.602079728939607
lpJL9-mBNmk_00,422,39,6,656.2071338380892,-0.7853981633974129,1.471127674303712,-2.158798930342475,-1.7359450042095235,0.10000000000000142,-0.09999999999999432,0.10000000000002274,1.0,6_39,1.0,-1.0312318850336624,9999.0,129.289406862497,24.2277453179548,1.0999999999999943
lpJL9-mBNmk_00,423,39,6,654.9220583397691,3.141592653589793,-2.3805798993650686,-2.3561944901923684,-2.0344439357957027,-0.05000000000000426,0.0,-1.0500000000000114,-1.0,6_39,1.0,1.2850754983201114,509.6370284826865,43.60281897270333,18.43494882292336,1.4142135623731
lpJL9-mBNmk_00,424,39,6,655.5523853972313,2.677945044588987,0.7853981633974483,-2.7610862764774233,-2.0344439357957027,-0.09999999999999432,0.04999999999999716,0.5,0.5,6_39,1.0,-0.630327057462182,9999.0,108.43494882292201,41.63353933656991,0.7499999999999972
lpJL9-mBNmk_00,429,39,6,654.852702903485,-0.7853981633974483,-2.1112158270654975,-2.4980915447965204,-2.8632929945846817,0.04999999999999716,-0.04999999999999716,-0.30000000000001137,-0.5,6_39,5.0,0.13993649874926178,4679.641900122499,75.96375653207448,20.924501744920498,0.11401754250991529
lpJL9-mBNmk_00,430,39,6,654.714153276069,0.0,3.141592653589793,-2.498091544796503,-2.9023610536261337,0.10000000000000142,0.0,-0.30000000000001137,0.0,6_39,1.0,0.138549627415955,4725.4847630191025,180.0,23.16293664176461,0.4000000000000128
lpJL9-mBNmk_00,431,39,6,654.1758345429766,0.0,-1.951302703907242,-2.9764439761751738,-2.7149651604629153,0.0,0.0,-0.19999999999998863,-0.5,6_39,1.0,0.5383187330924102,1215.2202669690075,111.80140948635069,14.98163257239145,0.5385164807134462
lpJL9-mBNmk_00,432,39,6,653.9290806348957,-0.321750554396628,3.141592653589793,-0.7853981633974247,-2.970857442114509,0.14999999999999858,-0.04999999999999716,-0.6999999999999886,0.0,6_39,1.0,0.2467539080809047,2650.126539922878,161.5650511770788,125.21759296819397,0.8514693182963071
lpJL9-mBNmk_00,433,39,6,654.6968496945743,1.5707963267948966,0.46364760900080615,-0.46364760900077767,2.8842689386187015,0.0,0.04999999999999716,1.0,0.5,6_39,1.0,-0.7677690596785851,9999.0,63.43494882292201,168.17851165939453,1.0965856099730666
lpJL9-mBNmk_00,434,39,6,654.6499388986454,2.6779450445890154,3.141592653589793,-0.46364760900077767,2.896613990462929,-0.10000000000000142,0.04999999999999716,-0.10000000000002274,0.0,6_39,1.0,0.046910795928965854,13955.208517244979,26.56505117707637,167.47119229085013,0.04999999999999716
lpJL9-mBNmk_00,435,39,6,655.222872387709,0.0,1.0303768265242956,0.0,3.141592653589793,0.0,0.0,0.30000000000001137,0.5,6_39,1.0,-0.5729334890636437,9999.0,59.036243467925516,180.0,0.5830951894845359
lpJL9-mBNmk_00,436,47,6,258.5576579798015,0.0,0.0,0.0,3.141592653589793,,,0.5,0.0,6_47,,0.0,9999.0,0.0,180.0,0.0
lpJL9-mBNmk_00,437,47,6,259.36586610423507,0.46364760900080615,0.8110335719191317,0.46364760900080615,1.4219063791854216,0.5,0.25,0.9499999999999886,1.0,6_47,1.0,-0.8082081244335768,9999.0,19.903749537308176,54.904183212975155,0.8746427842267892
lpJL9-mBNmk_00,438,47,6,258.2445594780266,0.0,-2.3036114285813905,0.46364760900080615,3.141592653589793,0.0,0.0,-0.8999999999999773,-1.0,6_47,1.0,1.1213066262084794,230.30681656741797,131.98721249581592,153.434948822922,1.3453624047073558
lpJL9-mBNmk_00,439,47,6,259.86035192002646,0.0,1.006226933126802,0.4266274931268683,1.5707963267948966,0.05000000000001137,0.0,0.9499999999999886,1.5,6_47,1.0,-1.6157924419998722,9999.0,57.65255650055827,65.5560452195839,1.7492855684535784
lpJL9-mBNmk_00,444,47,6,258.0657668114855,0.0,-2.007423486608432,0.12435499454676144,3.141592653589793,0.8499999999999943,0.0,-0.6999999999999886,-1.5,6_47,5.0,0.35891702170819145,719.0123376798202,115.01689347809968,172.8749836510982,0.4313930922024573
lpJL9-mBNmk_00,445,47,6,259.6711814969077,3.141592653589793,1.1341691669813614,0.13432144195296888,1.4219063791853936,-0.15000000000000568,0.0,0.6999999999999886,1.5,6_47,1.0,-1.605414685422204,9999.0,115.01689347809968,73.77318266803496,1.724093964956664
lpJL9-mBNmk_00,446,47,6,258.0447102732393,0.0,-2.1587989303424644,0.1343214419529689,-2.582993338246237,0.0,0.0,-1.0,-1.5,6_47,1.0,1.6264712236684318,158.65310527365568,123.6900675259798,155.69066851393345,1.8027756377319946
lpJL9-mBNmk_00,447,47,6,258.0657668114855,3.141592653589793,0.0,0.14189705460416394,1.0303768265242956,-0.09999999999999432,0.0,0.05000000000001137,0.0,6_47,1.0,-0.021056538246227774,9999.0,180.0,50.906141113769536,0.15000000000000568
lpJL9-mBNmk_00,448,47,6,258.0237392179254,0.0,3.141592653589793,0.12435499454676144,3.141592653589793,0.25,0.0,-0.05000000000001137,0.0,6_47,1.0,0.04202759356007846,6139.3888481642525,180.0,172.8749836510982,0.30000000000001137
lpJL9-mBNmk_00,449,47,6,258.0028536663887,0.0,0.0,0.11575921772081042,-2.0344439357957027,0.15000000000000568,0.0,0.0,0.0,6_47,1.0,0.02088555153670768,12353.174069304914,0.0,123.19756579221641,0.15000000000000568
lpJL9-mBNmk_00,434,50,6,524.5419454152355,0.0,3.141592653589793,0.0,2.896613990462929,,,-0.10000000000002274,0.0,6_50,,0.0,9999.0,180.0,165.96375653207352,0.0
lpJL9-mBNmk_00,435,50,6,521.0518808141853,2.62244653934327,1.0303768265242956,2.62244653934327,3.141592653589793,-3.5,2.0,0.30000000000001137,0.5,6_50,1.0,3.4900646010502214,149.29576967067936,91.21887523513226,29.74488129694223,4.08533964316311
lpJL9-mBNmk_00,436,50,6,518.3500868139215,2.498091544796509,0.0,2.5748634360662868,3.141592653589793,-2.0,1.5,0.5,0.0,6_50,1.0,2.701794000263817,191.8540372668335,143.13010235415598,32.47119229084849,2.9154759474226504
lpJL9-mBNmk_00,437,50,6,515.4257754517133,2.626043646130817,0.8110335719191317,2.5925675137821975,1.4219063791854216,-3.0,1.6999999999999886,0.9499999999999886,1.0,6_50,1.0,2.9243113622081864,176.25543644658566,103.9924170260559,67.07394225239166,4.011545836706829
lpJL9-mBNmk_00,438,50,6,511.42003529388643,1.9705774250376922,-2.3036114285813905,2.4227626539681686,3.141592653589793,-1.5,3.5500000000000114,-0.8999999999999773,-1.0,6_50,1.0,4.005740157826892,127.67179476047967,115.10701784576695,41.18592516570964,4.589389937671469
lpJL9-mBNmk_00,439,50,6,508.734277398329,2.965653028137263,1.006226933126802,2.559181046097839,1.5707963267948966,-4.5,0.8000000000000114,0.9499999999999886,1.5,6_50,1.0,2.6857578955574013,189.41926159459229,112.26684551189926,56.63027295128115,5.4947702408744865
lpJL9-mBNmk_00,447,50,6,479.708119589402,2.47067432271643,0.0,2.526521912924812,1.0303768265242956,-16.0,12.699999999999989,0.05000000000001137,0.0,6_50,8.0,3.6282697261158816,132.21401819619868,141.55921124299456,85.72279898998549,2.5583579328350443
lpJL9-mBNmk_00,448,50,6,474.8716931972256,1.9849348772711073,3.141592653589793,2.47671482096151,3.141592653589793,-2.0,4.550000000000011,-0.05000000000001137,0.0,6_50,1.0,4.8364263921763495,98.18648206150772,66.27160892404751,38.094693701406136,4.9502525188115465
lpJL9-mBNmk_00,449,50,6,472.4024370174227,2.677945044588987,0.0,2.4870218862664015,-2.0344439357957027,-2.5,1.25,0.0,0.0,6_50,1.0,2.469256179802926,191.31365991159558,153.434948822922,100.93909118319215,2.7950849718747373
lpJL9-mBNmk_00,434,51,6,219.7514561954027,0.0,3.141592653589793,0.0,2.896613990462929,,,-0.10000000000002274,0.0,6_51,,0.0,9999.0,180.0,165.96375653207352,0.0
lpJL9-mBNmk_00,435,51,6,219.22114975521865,2.796435003747126,1.0303768265242956,2.796435003747126,3.141592653589793,-8.900000000000006,3.1999999999999886,0.30000000000001137,0.5,6_51,1.0,0.5303064401840629,413.38579572808817,101.18767992943535,19.776076602639137,9.588013350011579
lpJL9-mBNmk_00,436,51,6,217.7561939417568,2.387762946680118,0.0,2.690355754877887,3.141592653589793,-2.4499999999999886,2.3000000000000114,0.5,0.0,6_51,1.0,1.4649558134618417,148.64352353889532,136.80873932249176,25.853969856764426,3.7406550228536157
lpJL9-mBNmk_00,437,51,6,218.13070049857723,2.6677413170950333,0.8110335719191317,2.6845238970420033,1.4219063791854216,-3.9000000000000057,2.0,0.9499999999999886,1.0,6_51,1.0,-0.3745065568204211,9999.0,106.3815175878307,72.34265491246599,4.952019789944296
lpJL9-mBNmk_00,444,51,6,223.90829037800276,2.949804511603088,-2.007423486608432,2.8062490537019555,3.141592653589793,-10.300000000000011,2.0,-0.6999999999999886,-1.5,6_51,7.0,-0.8253699827750763,9999.0,75.9717576183943,19.213772960296843,1.459731594003028
lpJL9-mBNmk_00,445,51,6,227.5678854759608,2.7701934928045455,1.1341691669813614,2.8019068028209806,1.4219063791853936,-9.5,3.6999999999999886,0.6999999999999886,1.5,6_51,1.0,-3.6595950979580323,9999.0,93.73728905040431,79.0682000005848,10.434557968596453
lpJL9-mBNmk_00,446,51,6,224.47452528070974,2.0878282792864327,-2.1587989303424644,2.7797906689260303,-2.582993338246237,-1.4499999999999886,2.5500000000000114,-1.0,-1.5,6_51,1.0,3.0933601952510514,72.56656551840443,116.68618372284666,52.735109948773676,4.0749233121618476
lpJL9-mBNmk_00,447,51,6,226.34744310462182,2.819842099193151,0.0,2.7825080115869945,1.0303768265242956,-6.0,2.0,0.05000000000001137,0.0,6_51,1.0,-1.8729178239120756,9999.0,161.565051177078,100.38972205734804,6.372009102316171
lpJL9-mBNmk_00,448,51,6,227.6366951965346,2.64885272582221,3.141592653589793,2.7714149768077925,3.141592653589793,-7.450000000000003,4.0,-0.05000000000001137,0.0,6_51,1.0,-1.289252091912772,9999.0,28.231918258663555,21.209618549566567,8.41189633792523
lpJL9-mBNmk_00,0,7,6,183.5670245441702,0.0,0.0,0.0,0.0,,,,,6_7,,0.0,9999.0,0.0,0.0,0.0
lpJL9-mBNmk_00,1,7,6,184.31695526999138,0.0,3.141592653589793,0.0,3.141592653589793,5.684341886080802e-14,0.0,-0.75,0.0,6_7,1.0,-0.7499307258211729,9999.0,180.0,180.0,0.7500000000000568
lpJL9-mBNmk_00,2,7,6,183.31704776152165,0.0,0.0,0.0,0.0,0.0,0.0,1.0,0.0,6_7,1.0,0.9999075084697324,183.33400460415757,0.0,0.0,1.0
lpJL9-mBNmk_00,3,7,6,187.36067490271273,0.0,-3.0187574147118985,0.0,-3.0107652575157364,0.0,0.0,-4.050000000000011,-0.5,6_7,1.0,-4.043627141191081,9999.0,172.96205923681535,172.50414236027015,4.080747480548152
lpJL9-mBNmk_00,4,7,6,187.36067490271273,0.0,0.0,0.0,-3.0107652575157364,0.0,0.0,0.0,0.0,6_7,1.0,-0.0,9999.0,0.0,172.50414236027015,0.0
lpJL9-mBNmk_00,5,7,6,191.01047091717248,0.0,3.141592653589793,0.0,-3.074579055544988,0.0,0.0,-3.6499999999999773,0.0,6_7,1.0,-3.6497960144597528,9999.0,180.0,176.16040366204652,3.6499999999999773
lpJL9-mBNmk_00,6,7,6,191.01047091717248,0.0,0.0,0.0,-3.074579055544988,0.0,0.0,0.0,0.0,6_7,1.0,-0.0,9999.0,0.0,176.16040366204652,0.0
lpJL9-mBNmk_00,7,7,6,185.36079008247674,0.0,0.0,0.0,-2.8706458032513744,0.0,0.0,5.649999999999977,0.0,6_7,1.0,5.649680834695744,32.80907284959206,0.0,164.47588900324584,5.649999999999977
lpJL9-mBNmk_00,8,7,6,183.86087811168534,0.0,0.0,0.0,-2.1112158270654975,0.0,0.0,1.5,0.0,6_7,1.0,1.499911970791402,122.58111255334165,0.0,120.96375653207448,1.5
lpJL9-mBNmk_00,9,7,6,184.31085155247914,0.0,3.141592653589793,0.0,-2.5535900500422253,0.0,0.0,-0.44999999999998863,0.0,6_7,1.0,-0.44997344079379786,9999.0,180.0,146.3099324740202,0.44999999999998863
lpJL9-mBNmk_00,10,7,6,183.36704311298695,0.0,0.4844779290370282,0.0,0.0,0.0,0.0,0.9499999999999886,0.5,6_7,1.0,0.9438084394921873,194.28417403392464,27.758540601060314,0.0,1.0735455276791843
lpJL9-mBNmk_00,11,7,6,183.0670710422822,0.0,0.0,0.0,0.0,0.0,0.0,0.30000000000001137,0.0,6_7,1.0,0.2999720707047402,610.2803858112293,0.0,0.0,0.30000000000001137
lpJL9-mBNmk_00,12,7,6,183.0670710422822,0.0,0.0,0.0,0.0,0.0,0.0,0.0,0.0,6_7,1.0,-0.0,9999.0,0.0,0.0,0.0
lpJL9-mBNmk_00,13,7,6,182.96708037239924,0.0,0.0,0.0,0.0,0.19999999999998863,0.0,0.30000000000001137,0.0,6_7,1.0,0.09999066988297045,1829.8415300802042,0.0,0.0,0.10000000000002274
lpJL9-mBNmk_00,14,7,6,183.2670524125927,0.0,3.141592653589793,0.0,0.0,0.0,0.0,-0.30000000000001137,0.0,6_7,1.0,-0.2999720401934667,9999.0,180.0,0.0,0.30000000000001137
lpJL9-mBNmk_00,27,7,6,180.33396795945018,2.819842099193151,-1.5707963267948966,2.774418819771562,0.48995732625372834,-1.5,0.5,0.0,-0.5,6_7,13.0,0.22562188101096362,799.275172919453,108.43494882292202,130.89000203872453,0.1386750490563073
lpJL9-mBNmk_00,28,7,6,179.81952758251813,3.141592653589793,1.5374753309166418,2.870645803251366,0.9894161429899945,-0.5,0.0,0.05000000000001137,1.5,6_7,1.0,0.5144403769320434,349.5439620328868,91.9091524329968,107.78651982780632,1.5976545308670498
lpJL9-mBNmk_00,29,7,6,148.83400989021294,-3.125465019746157,-1.5707963267948966,3.141592653589793,0.828849058788979,-31.0,-0.5,0.0,-0.5,6_7,1.0,30.985517692305194,4.803341075923792,89.07595464722729,132.51044707800085,31.0
lpJL9-mBNmk_00,30,7,6,182.2671459698648,0.0,-1.7681918866447774,0.0,0.0,33.0,0.0,-0.5,-2.5,6_7,1.0,-33.43313607965186,9999.0,101.30993247402021,0.0,33.59315406448165
lpJL9-mBNmk_00,31,7,6,181.49408392562,0.0,1.0808390005411623,0.0,0.6947382761967001,0.0,0.0,0.8000000000000114,1.5,6_7,1.0,0.7730620442447957,234.7729852691469,61.92751306414669,39.80557109226501,1.7000000000000053
lpJL9-mBNmk_00,32,7,6,181.54917377944741,0.0,1.5707963267948966,0.0,1.095785570529797,0.0,0.0,0.0,2.0,6_7,1.0,-0.05508985382741116,9999.0,90.0,62.783888442692366,2.0
lpJL9-mBNmk_00,33,7,6,181.81876278316273,0.0,-1.862253121272774,0.0,1.1232763516377304,0.0,0.0,-0.30000000000001137,-1.0,6_7,1.0,-0.2695890037153106,9999.0,106.69924423399421,64.35899417569492,1.0440306508910582
lpJL9-mBNmk_00,34,7,6,182.2671459698648,0.0,-1.7681918866447774,0.0,0.0,0.0,0.0,-0.5,-2.5,6_7,1.0,-0.448383186702074,9999.0,101.30993247402021,0.0,2.5495097567963922
lpJL9-mBNmk_00,35,7,6,181.96717423755308,0.0,0.0,0.0,-1.3024301158889844,0.0,0.0,0.30000000000001137,0.0,6_7,1.0,0.29997173231171814,606.6144060816383,0.0,74.62374875117351,0.30000000000001137
lpJL9-mBNmk_00,36,7,6,182.2671459698648,0.0,3.141592653589793,0.0,-1.4909663410826637,0.0,0.0,-0.30000000000001137,0.0,6_7,1.0,-0.29997173231171814,9999.0,180.0,85.4260787400994,0.30000000000001137
lpJL9-mBNmk_00,37,7,6,184.0608662915613,0.0,-2.8706458032513744,0.0,-2.4329663814621227,0.0,0.0,-1.8000000000000114,-0.5,6_7,1.0,-1.7937203216964974,9999.0,164.47588900324584,139.3987053549955,1.8681541692269514
lpJL9-mBNmk_00,38,7,6,182.5171224844398,0.0,0.3120421215625312,0.0,0.46364760900080615,0.0,0.0,1.5500000000000114,0.5,6_7,1.0,1.5437438071215013,118.23018925968373,17.878696595841223,26.565051177077994,1.628649747490244
lpJL9-mBNmk_00,39,7,6,182.56711779507285,0.0,3.141592653589793,0.0,0.06320683189746042,0.0,0.0,-0.05000000000001137,0.0,6_7,1.0,-0.04999531063305085,9999.0,180.0,3.621484704117351,0.05000000000001137
lpJL9-mBNmk_00,40,7,6,182.76094358478235,0.0,-1.951302703907242,0.0,0.0,0.0,0.0,-0.19999999999998863,-0.5,6_7,1.0,-0.19382578970950703,9999.0,111.80140948635069,0.0,0.5385164807134462
lpJL9-mBNmk_00,41,7,6,191.46044630680248,0.0,3.141592653589793,0.0,0.0,0.0,0.0,-8.699999999999989,0.0,6_7,1.0,-8.699502722020128,9999.0,180.0,0.0,8.699999999999989
lpJL9-mBNmk_00,42,7,6,183.56089589016503,0.0,0.0,0.0,-2.4037775934693384,0.0,0.0,7.899999999999977,0.0,6_7,1.0,7.899550416637453,23.236878835985724,0.0,137.72631099390685,7.899999999999977
lpJL9-mBNmk_00,43,7,6,182.9609316220269,0.0,0.0,0.0,-1.7440419932472588,0.0,0.0,0.6000000000000227,0.0,6_7,1.0,0.5999642681381374,304.9530469369577,0.0,99.92624550665155,0.6000000000000227
lpJL9-mBNmk_00,44,7,6,182.76094358478235,0.0,0.0,0.0,-1.781889660017643,0.0,0.0,0.19999999999998863,0.0,6_7,1.0,0.1999880372445375,913.8593793053204,0.0,102.0947570770121,0.19999999999998863
lpJL9-mBNmk_00,45,7,6,182.5171224844398,0.0,1.1071487177940904,0.0,-1.8438050298816029,0.0,0.0,0.25,0.5,6_7,1.0,0.24382110034255788,748.5698416913519,63.43494882292201,105.64224645720849,0.5590169943749475
lpJL9-mBNmk_00,46,7,6,182.4671271763766,0.0,0.0,0.0,-1.8850282258792246,0.0,0.0,0.05000000000001137,0.0,6_7,1.0,0.049995308063188304,3649.6850253579637,0.0,108.0041616059128,0.05000000000001137
lpJL9-mBNmk_00,47,7,6,182.4671271763766,0.0,0.0,-0.32175055439664224,-1.9797041557458093,0.0,0.0,0.0,0.0,6_7,1.0,-0.0,9999.0,0.0,94.99374398582266,0.0
lpJL9-mBNmk_00,48,7,6,182.2671459698648,0.0,0.0,-0.24497866312686417,-1.7359450042095235,0.0,0.0,0.19999999999998863,0.0,6_7,1.0,0.19998120651180784,911.4213737834554,0.0,85.42607874009914,0.19999999999998863
lpJL9-mBNmk_00,49,7,6,181.6188385052608,0.0,1.2977876237081902,0.0,0.0,0.0,0.0,0.6999999999999886,2.5,6_7,1.0,0.6483074646039881,280.1430623912387,74.35775354279151,0.0,2.5961509971494308
lpJL9-mBNmk_00,50,7,6,182.13306262180956,1.5707963267948966,2.0344439357957027,1.5707963267948966,1.5137155443886352,0.0,0.5,-0.5,1.0,6_7,1.0,-0.5142241165487462,9999.0,26.565051177077994,3.270487923183379,0.7071067811865476
lpJL9-mBNmk_00,51,7,6,182.13306262180956,3.141592653589793,3.141592653589793,2.0344439357957027,1.9726669742353626,-0.25,0.0,-0.25,0.0,6_7,1.0,-0.0,9999.0,0.0,3.5395591685494074,0.0
lpJL9-mBNmk_00,52,7,6,182.56711779507285,0.0,-1.6539375586833378,1.5707963267948966,-1.9222411207984549,0.25,0.0,-0.25,-3.0,6_7,1.0,-0.4340551732632889,9999.0,94.76364169072617,159.8636965717515,3.0413812651491097
lpJL9-mBNmk_00,53,7,6,182.31857420460483,-1.5707963267948966,1.4219063791853936,0.0,3.141592653589793,0.0,-0.5,0.30000000000001137,2.0,6_7,1.0,0.24854359046801733,733.5476801525713,171.46923439005155,180.0,2.5179356624028357
lpJL9-mBNmk_00,54,7,6,182.54863050705146,0.0,1.7681918866447663,0.0,1.627877109201158,0.0,0.0,-0.19999999999998863,1.0,6_7,1.0,-0.23005630244662711,9999.0,101.30993247401959,93.27048792318338,1.0198039027185546
lpJL9-mBNmk_00,55,7,6,182.2829942698989,3.141592653589793,-1.5707963267948966,3.141592653589793,1.7359450042095235,-0.25,0.0,0.0,-0.5,6_7,1.0,0.2656362371525631,686.2128308390701,90.00000000000001,80.53767779197437,0.5590169943749475
lpJL9-mBNmk_00,56,7,6,182.26859301591153,0.0,-1.5707963267948966,3.141592653589793,1.6506263125071294,0.0,0.0,0.0,-0.5,6_7,1.0,0.014401253987358587,12656.43902787263,90.0,85.4260787400994,0.5
lpJL9-mBNmk_00,57,7,6,182.11864951179493,0.0,0.0,3.141592653589793,1.0427218783685368,0.0,0.0,0.14999999999997726,0.0,6_7,1.0,0.14994350411660662,1214.581789219536,0.0,120.25643716352927,0.14999999999997726
lpJL9-mBNmk_00,58,7,6,182.10560809596174,1.5707963267948966,0.0,2.0344439357957027,1.4909663410826637,0.0,0.5,0.0,0.0,6_7,1.0,0.013041415833185965,13963.637876845009,90.0,31.138972436978595,0.5
lpJL9-mBNmk_00,59,7,6,182.13306262180956,0.0,1.5707963267948966,2.0344439357957027,1.4994888620096063,0.0,0.0,0.0,1.0,6_7,1.0,-0.027454525847815603,9999.0,90.0,30.650667957052864,1.0
lpJL9-mBNmk_00,60,7,6,182.05562336824426,0.0,-1.5208379310729425,2.0344439357957027,1.4056476493802696,0.0,0.0,0.05000000000001137,-1.0,6_7,1.0,0.07743925356530212,2350.947549032383,87.1375947738876,36.02737338510361,1.0012492197250398
lpJL9-mBNmk_00,61,7,6,182.05562336824426,0.0,0.0,2.0344439357957027,0.3152146997507114,0.0,0.0,0.0,0.0,6_7,1.0,-0.0,9999.0,0.0,98.50457924087878,0.0
lpJL9-mBNmk_00,62,7,6,182.2671459698648,0.0,-1.695151321341658,2.0344439357957027,0.7610127542247244,0.0,0.0,-0.25,-2.0,6_7,1.0,-0.21152260162054404,9999.0,97.1250163489018,72.96223220437467,2.0155644370746373
lpJL9-mBNmk_00,63,7,6,182.3171412676274,0.0,3.141592653589793,2.0344439357957027,1.1902899496825512,0.0,0.0,-0.05000000000001137,0.0,6_7,1.0,-0.04999529776259237,9999.0,180.0,48.36646066342868,0.05000000000001137
lpJL9-mBNmk_00,64,7,6,182.26097360652938,0.0,-1.471127674303712,2.0344439357957027,1.1071487177940904,0.0,0.0,0.05000000000001137,-0.5,6_7,1.0,0.05616766109801574,3244.9450456637974,84.28940686249906,53.13010235415599,0.5024937810560456
lpJL9-mBNmk_00,65,7,6,182.3171412676274,0.0,1.670464979286081,2.0344439357957027,1.670464979286081,0.0,0.0,-0.05000000000001137,0.5,6_7,1.0,-0.05616766109801574,9999.0,95.71059313750094,20.854458039577068,0.5024937810560456
lpJL9-mBNmk_00,66,7,6,182.3171412676274,0.0,0.0,2.0344439357957027,1.768191886644821,0.0,0.0,0.0,0.0,6_7,1.0,-0.0,9999.0,0.0,15.255118703055278,0.0
lpJL9-mBNmk_00,67,7,6,182.26097360652938,0.0,-1.471127674303712,2.0344439357957027,3.141592653589793,0.0,0.0,0.05000000000001137,-0.5,6_7,1.0,0.05616766109801574,3244.9450456637974,84.28940686249906,63.43494882292201,0.5024937810560456
lpJL9-mBNmk_00,68,7,6,182.2671459698648,0.0,1.5707963267948966,2.0344439357957027,2.0344439357957027,0.0,0.0,0.0,0.5,6_7,1.0,-0.00617236333542337,9999.0,90.0,0.0,0.5
lpJL9-mBNmk_00,69,7,6,182.26097360652938,0.0,-1.5707963267948966,2.0344439357957027,-1.933943336741069,0.0,0.0,0.0,-0.5,6_7,1.0,0.00617236333542337,29528.555547034703,90.0,132.628157810211,0.5
lpJL9-mBNmk_00,70,7,6,182.3171412676274,0.0,1.670464979286081,3.141592653589793,-1.7359450042095235,0.0,0.0,-0.05000000000001137,0.5,6_7,1.0,-0.05616766109801574,9999.0,95.71059313750094,80.53767779197439,0.5024937810560456
lpJL9-mBNmk_00,71,7,6,182.26097360652938,0.0,-1.471127674303712,0.0,-1.627877109201158,0.0,0.0,0.05000000000001137,-0.5,6_7,1.0,0.05616766109801574,3244.9450456637974,84.28940686249906,93.27048792318338,0.5024937810560456
lpJL9-mBNmk_00,72,7,6,182.56711779507285,0.0,2.1112158270654975,3.141592653589793,3.141592653589793,0.0,0.0,-0.30000000000001137,0.5,6_7,1.0,-0.30614418854347036,9999.0,120.96375653207448,0.0,0.5830951894845359
lpJL9-mBNmk_00,73,7,6,182.56711779507285,0.0,0.0,2.0344439357957027,-1.8391625377008087,0.0,0.0,0.0,0.0,6_7,1.0,-0.0,9999.0,0.0,138.05869757409553,0.0
lpJL9-mBNmk_00,74,7,6,182.56711779507285,0.0,0.0,2.0344439357957027,-1.6869379536748943,0.0,0.0,0.0,0.0,6_7,1.0,-0.0,9999.0,0.0,146.780523776915,0.0
lpJL9-mBNmk_00,75,7,6,182.26097360652938,0.0,-1.0303768265242956,1.5707963267948966,-1.5874614505088411,0.0,0.0,0.30000000000001137,-0.5,6_7,1.0,0.30614418854347036,595.3435682501926,59.036243467925516,179.04515874612758,0.5830951894845359
lpJL9-mBNmk_00,76,7,6,182.26097360652938,0.0,0.0,1.5707963267948966,-1.5907936607680517,0.0,0.0,0.0,0.0,6_7,1.0,-0.0,9999.0,0.0,178.85423716182464,0.0
lpJL9-mBNmk_00,77,7,6,182.26097360652938,0.0,0.0,1.5707963267948966,-1.6506263125071294,0.0,0.0,0.0,0.0,6_7,1.0,-0.0,9999.0,0.0,175.4260787400994,0.0
lpJL9-mBNmk_00,78,7,6,182.26097360652938,0.0,0.0,0.0,-1.6506263125071294,0.0,0.0,0.0,0.0,6_7,1.0,-0.0,9999.0,0.0,94.5739212599006,0.0
lpJL9-mBNmk_00,79,7,6,182.26097360652938,0.0,0.0,0.0,-1.627877109201158,0.0,0.0,0.0,0.0,6_7,1.0,-0.0,9999.0,0.0,93.27048792318338,0.0
lpJL9-mBNmk_00,80,7,6,182.26097360652938,0.0,0.0,0.0,-1.6704649792860586,0.0,0.0,0.0,0.0,6_7,1.0,-0.0,9999.0,0.0,95.71059313749964,0.0
lpJL9-mBNmk_00,81,7,6,182.26097360652938,0.0,0.0,0.0,-1.6704649792860586,0.0,0.0,0.0,0.0,6_7,1.0,-0.0,9999.0,0.0,95.71059313749964,0.0
lpJL9-mBNmk_00,82,7,6,182.56711779507285,0.0,2.1112158270654975,0.0,3.141592653589793,0.0,0.0,-0.30000000000001137,0.5,6_7,1.0,-0.30614418854347036,9999.0,120.96375653207448,180.0,0.5830951894845359
lpJL9-mBNmk_00,83,7,6,182.56711779507285,0.0,0.0,0.0,3.141592653589793,0.0,0.0,0.0,0.0,6_7,1.0,-0.0,9999.0,0.0,180.0,0.0
lpJL9-mBNmk_00,84,7,6,182.56711779507285,0.0,0.0,0.0,2.1112158270654975,0.0,0.0,0.0,0.0,6_7,1.0,-0.0,9999.0,0.0,120.96375653207448,0.0
lpJL9-mBNmk_00,85,7,6,182.56711779507285,0.0,0.0,0.0,3.141592653589793,0.0,0.0,0.0,0.0,6_7,1.0,-0.0,9999.0,0.0,180.0,0.0
lpJL9-mBNmk_00,86,7,6,182.56711779507285,0.0,0.0,0.0,3.141592653589793,0.0,0.0,0.0,0.0,6_7,1.0,-0.0,9999.0,0.0,180.0,0.0
lpJL9-mBNmk_00,87,7,6,182.30554709059183,0.0,1.4219063791853936,0.0,1.5707963267948966,0.0,0.0,0.30000000000001137,2.0,6_7,1.0,0.2615707044810165,696.9646981389029,81.46923439005154,90.0,2.02237484161567
lpJL9-mBNmk_00,88,7,6,182.03365073524182,0.0,-1.3258176636680323,0.0,1.3258176636680323,0.0,0.0,0.25,-1.0,6_7,1.0,0.2718963553500089,669.4964722896418,75.96375653207352,75.96375653207352,1.0307764064044151
lpJL9-mBNmk_00,89,7,6,182.04395073717774,0.0,1.5707963267948966,0.0,1.446441332248135,0.0,0.0,0.0,0.5,6_7,1.0,-0.01030000193591718,9999.0,90.0,82.8749836510982,0.5
lpJL9-mBNmk_00,90,7,6,192.26625418934026,-0.5880026035475676,-2.9340964271545906,-0.5880026035475676,-3.087298241681487,0.75,-0.5,-9.5,-2.0,6_7,1.0,-10.222303452162521,9999.0,134.42127443439225,143.19909182052942,10.35917467755033
lpJL9-mBNmk_00,91,7,6,192.4662372989091,0.0,0.0,-0.3805063771123649,3.141592653589793,0.5,0.0,0.30000000000001137,0.0,6_7,1.0,-0.1999831095688478,9999.0,0.0,158.19859051364818,0.19999999999998863
lpJL9-mBNmk_00,92,7,6,192.01627535185656,3.141592653589793,3.141592653589793,-0.5880026035475676,-3.0841845389529934,-0.5,0.0,-0.05000000000001137,0.0,6_7,1.0,0.4499619470525431,426.7389200567984,0.0,143.0206897955284,0.44999999999998863
lpJL9-mBNmk_00,93,7,6,192.01627535185656,0.0,0.0,-0.5880026035475676,-3.0841845389529934,0.0,0.0,0.0,0.0,6_7,1.0,-0.0,9999.0,0.0,143.0206897955284,0.0
lpJL9-mBNmk_00,94,7,6,192.01627535185656,0.0,0.0,-0.5880026035475676,-3.0841845389529934,0.0,0.0,0.0,0.0,6_7,1.0,-0.0,9999.0,0.0,143.0206897955284,0.0
lpJL9-mBNmk_00,95,7,6,191.9604190972712,0.0,-1.471127674303712,-0.5880026035475676,-3.0857847424133555,0.0,0.0,0.05000000000001137,-0.5,6_7,1.0,0.055856254585364695,3436.686196062422,84.28940686249906,143.11237470016937,0.5024937810560456
lpJL9-mBNmk_00,96,7,6,192.01041638411183,0.0,3.141592653589793,-0.5880026035475676,-3.0860941483440762,0.0,0.0,-0.05000000000001137,0.0,6_7,1.0,-0.04999728684063598,9999.0,180.0,143.13010235415598,0.05000000000001137
lpJL9-mBNmk_00,97,7,6,191.510443579456,3.141592653589793,0.0,-1.1071487177940904,-3.0860941483440762,-0.5,0.0,0.0,0.0,6_7,1.0,0.49997280465584026,383.0417210617756,180.0,113.38522105721376,0.5
lpJL9-mBNmk_00,98,7,6,192.01627535185656,0.0,1.5707963267948966,-0.5880026035475676,3.141592653589793,0.5,0.0,0.0,0.5,6_7,1.0,-0.505831772400569,9999.0,90.0,146.3099324740202,0.7071067811865476
lpJL9-mBNmk_00,99,7,6,191.96627959097398,0.0,0.0,-0.5880026035475676,3.141592653589793,0.0,0.0,0.05000000000001137,0.0,6_7,1.0,0.04999576088258095,3839.6511264589444,0.0,146.3099324740202,0.05000000000001137
lpJL9-mBNmk_00,100,7,6,191.96627959097398,0.0,0.0,-0.5880026035475676,3.141592653589793,0.0,0.0,0.0,0.0,6_7,1.0,-0.0,9999.0,0.0,146.3099324740202,0.0
lpJL9-mBNmk_00,101,7,6,192.2162584174398,0.0,3.141592653589793,-0.5880026035475676,3.141592653589793,0.0,0.0,-0.25,0.0,6_7,1.0,-0.2499788264658207,9999.0,180.0,146.3099324740202,0.25
lpJL9-mBNmk_00,102,7,6,191.51631784263188,3.141592653589793,0.0,-1.1071487177940904,-3.0841845389529934,-0.5,0.0,0.19999999999998863,0.0,6_7,1.0,0.6999405748079255,273.6179680613414,180.0,113.27580849858616,0.6999999999999886
lpJL9-mBNmk_00,103,7,6,192.01041638411183,0.0,-1.5707963267948966,-0.5880026035475676,-3.0271523483197296,0.5,0.0,0.0,-0.5,6_7,1.0,-0.494098541479957,9999.0,90.0,139.7529859758568,0.7071067811865476
lpJL9-mBNmk_00,104,7,6,191.46632210391465,3.141592653589793,1.471127674303712,-1.1071487177940904,-3.083853435064689,-0.5,0.0,0.05000000000001137,0.5,6_7,1.0,0.5440942801971858,351.8991635687204,95.71059313750094,113.25683764320596,0.7433034373659336
lpJL9-mBNmk_00,105,7,6,191.26633917132412,3.141592653589793,3.141592653589793,-1.5707963267948966,-3.0841845389529934,-0.25,0.0,-0.05000000000001137,0.0,6_7,1.0,0.19998293259052957,956.4133133448297,0.0,86.71075732150817,0.19999999999998863
lpJL9-mBNmk_00,106,7,6,192.26625418934026,0.0,0.0,-0.3805063771123649,-3.082489969979205,1.25,0.0,0.25,0.0,6_7,1.0,-0.9999150180161394,9999.0,0.0,154.81225618486448,1.0
lpJL9-mBNmk_00,107,7,6,192.56622886684985,0.0,3.141592653589793,-0.3805063771123649,-2.8720711158551753,0.0,0.0,-0.30000000000001137,0.0,6_7,1.0,-0.2999746775095957,9999.0,180.0,142.75614391357863,0.30000000000001137
lpJL9-mBNmk_00,108,7,6,183.76088403139553,3.141592653589793,-0.06612860336457291,-1.5707963267948966,-2.289626326416521,-1.25,0.0,7.550000000000011,-0.5,6_7,1.0,8.80534483545432,20.869243336330303,176.21111012211534,41.18592516570964,8.814193099768135
lpJL9-mBNmk_00,109,7,6,188.76655556533314,0.0,3.0419240010986313,-1.5707963267948966,-2.8535372065391673,0.0,0.0,-5.0,0.5,6_7,1.0,-5.005671533937601,9999.0,174.28940686250036,73.49563861824498,5.024937810560445
lpJL9-mBNmk_00,110,7,6,190.7104873886069,3.141592653589793,-2.918116052449159,3.141592653589793,-0.7378150601204546,-0.25,0.0,-2.1999999999999886,-0.5,6_7,1.0,-1.943931823273772,9999.0,12.80426606528682,137.72631099390685,2.0130822139197284
lpJL9-mBNmk_00,111,7,6,189.26056773665243,0.0,0.0,3.141592653589793,-0.251002686643036,0.25,0.0,1.6999999999999886,0.0,6_7,1.0,1.449919651954474,130.53176255769174,0.0,165.61860540890933,1.4499999999999886
lpJL9-mBNmk_00,112,7,6,187.26068060327026,0.0,0.0,3.141592653589793,-0.12435499454676144,0.0,0.0,2.0,0.0,6_7,1.0,1.999887133382174,93.6356244697561,0.0,172.8749836510982,2.0
lpJL9-mBNmk_00,113,7,6,187.26068060327026,0.0,0.0,3.141592653589793,-0.12435499454676144,0.0,0.0,0.0,0.0,6_7,1.0,-0.0,9999.0,0.0,172.8749836510982,0.0
lpJL9-mBNmk_00,114,7,6,187.26068060327026,0.0,0.0,3.141592653589793,-0.12435499454676144,0.0,0.0,0.0,0.0,6_7,1.0,-0.0,9999.0,0.0,172.8749836510982,0.0
lpJL9-mBNmk_00,115,7,6,187.26668817491273,0.0,1.5707963267948966,3.141592653589793,0.12591262568579858,0.0,0.0,0.0,0.5,6_7,1.0,-0.006007571642470566,9999.0,90.0,172.7857379607932,0.5
lpJL9-mBNmk_00,116,7,6,185.7607668481157,0.0,-0.3217505543966422,3.141592653589793,0.0,0.0,0.0,1.5,-0.5,6_7,1.0,1.5059213267970222,123.35356671202369,18.434948822922014,180.0,1.5811388300841898
lpJL9-mBNmk_00,117,7,6,184.26085449709603,0.0,0.0,3.141592653589793,0.0,0.0,0.0,1.5,0.0,6_7,1.0,1.499912351019674,122.84774798462816,0.0,180.0,1.5
lpJL9-mBNmk_00,118,7,6,184.0108692441835,0.0,0.0,3.141592653589793,-0.0688564893010446,0.0,0.0,0.25,0.0,6_7,1.0,0.2499852529125235,736.0868975282067,0.0,176.05481377096245,0.25
lpJL9-mBNmk_00,119,7,6,182.9609316220269,0.0,0.0,3.141592653589793,-0.06053201978210714,0.0,0.0,1.0500000000000114,0.0,6_7,1.0,1.0499376221566195,174.25885858458605,0.0,176.53177074108285,1.0500000000000114
lpJL9-mBNmk_00,120,7,6,183.2609137268501,0.0,3.141592653589793,3.141592653589793,-0.0628103526541008,0.0,0.0,-0.30000000000001137,0.0,6_7,1.0,-0.29998210482321497,9999.0,180.0,176.40123188319168,0.30000000000001137
lpJL9-mBNmk_00,121,7,6,182.8170943867121,0.0,0.8379812250084026,3.141592653589793,0.0,0.0,0.0,0.44999999999998863,0.5,6_7,1.0,0.44381934013799196,411.9178184751272,48.01278750418406,180.0,0.6726812023536779
lpJL9-mBNmk_00,122,7,6,182.8170943867121,0.0,0.0,3.141592653589793,0.0,0.0,0.0,0.0,0.0,6_7,1.0,-0.0,9999.0,0.0,180.0,0.0
lpJL9-mBNmk_00,123,7,6,183.0170757060663,0.0,3.141592653589793,3.141592653589793,0.06053201978210714,0.0,0.0,-0.19999999999998863,0.0,6_7,1.0,-0.19998131935417973,9999.0,180.0,176.53177074108285,0.19999999999998863
lpJL9-mBNmk_00,124,7,6,183.0170757060663,0.0,0.0,3.141592653589793,0.0,0.0,0.0,0.0,0.0,6_7,1.0,-0.0,9999.0,0.0,180.0,0.0
lpJL9-mBNmk_00,125,7,6,183.0170757060663,0.0,0.0,0.0,0.0,0.0,0.0,0.0,0.0,6_7,1.0,-0.0,9999.0,0.0,0.0,0.0
lpJL9-mBNmk_00,126,7,6,183.0170757060663,0.0,0.0,3.141592653589793,0.0,0.0,0.0,0.0,0.0,6_7,1.0,-0.0,9999.0,0.0,180.0,0.0
lpJL9-mBNmk_00,127,7,6,183.0170757060663,0.0,0.0,3.141592653589793,0.0,0.0,0.0,0.0,0.0,6_7,1.0,-0.0,9999.0,0.0,180.0,0.0
lpJL9-mBNmk_00,128,7,6,205.08778608196053,0.0,1.35970299357215,0.0,1.2120256565243244,22.75,0.0,0.75,3.5,6_7,1.0,-22.070710375894237,9999.0,77.9052429229879,69.44395478041653,22.276669409945463
lpJL9-mBNmk_00,129,7,6,204.56111556207352,3.141592653589793,-1.5707963267948966,0.0,0.3671738338182192,-0.5,0.0,0.0,-1.0,6_7,1.0,0.5266705198870056,388.40433978716146,90.00000000000001,21.03751102542182,1.118033988749895
lpJL9-mBNmk_00,130,7,6,204.60327465610123,0.0,1.5707963267948966,0.0,0.47734538237367247,0.0,0.0,0.0,1.5,6_7,1.0,-0.0421590940277099,9999.0,90.0,27.349875780069915,1.5
lpJL9-mBNmk_00,131,7,6,204.8531486211525,0.0,0.0,0.0,0.5713374798336268,0.25,0.0,0.0,0.0,6_7,1.0,-0.2498739650512789,9999.0,0.0,32.7352262721076,0.25
lpJL9-mBNmk_00,132,7,6,204.8531486211525,0.0,0.0,0.0,0.7328151017865067,0.0,0.0,0.0,0.0,6_7,1.0,-0.0,9999.0,0.0,41.987212495816664,0.0
lpJL9-mBNmk_00,133,7,6,205.35289747164515,0.0,0.0,0.0,0.7328151017865067,0.5,0.0,0.0,0.0,6_7,1.0,-0.4997488504926366,9999.0,0.0,41.987212495816664,0.5
lpJL9-mBNmk_00,134,7,6,205.35289747164515,0.0,0.0,0.0,0.7328151017865067,0.0,0.0,0.0,0.0,6_7,1.0,-0.0,9999.0,0.0,41.987212495816664,0.0
lpJL9-mBNmk_00,135,7,6,204.60327465610123,3.141592653589793,0.0,0.0,0.6747409422235527,-0.75,0.0,0.0,0.0,6_7,1.0,0.7496228155439155,272.9416319961447,180.0,38.65980825409009,0.75
lpJL9-mBNmk_00,136,7,6,204.1035276520227,3.141592653589793,0.0,0.0,0.9097531579442097,-0.5,0.0,0.0,0.0,6_7,1.0,0.4997470040785288,408.4137093095019,180.0,52.1250163489018,0.5
lpJL9-mBNmk_00,137,7,6,204.3534009993472,0.0,0.0,0.0,1.1525719972156674,0.25,0.0,0.0,0.0,6_7,1.0,-0.2498733473244954,9999.0,0.0,66.03751102542181,0.25
lpJL9-mBNmk_00,138,7,6,204.60327465610123,0.0,0.0,0.0,1.1999050379822342,0.25,0.0,0.0,0.0,6_7,1.0,-0.2498736567540334,9999.0,0.0,68.74949449286675,0.25
lpJL9-mBNmk_00,139,7,6,204.60327465610123,0.0,0.0,0.0,1.41647755086878,0.0,0.0,0.0,0.0,6_7,1.0,-0.0,9999.0,0.0,81.15818543980846,0.0
lpJL9-mBNmk_00,140,7,6,206.32332030092962,0.27829965900511133,-1.5707963267948966,0.020830320036217088,1.3258176636680323,1.75,0.5,0.0,-0.5,6_7,1.0,-1.7200456448283887,9999.0,105.94539590092286,74.77026710809149,2.0155644370746373
lpJL9-mBNmk_00,141,7,6,204.311190344533,-2.896613990462929,-1.5707963267948966,0.0,1.354246021818803,-2.0,-0.5,0.0,-1.0,6_7,1.0,2.0121299563966204,101.53975874919098,75.96375653207352,77.59258147259901,2.0615528128088303
lpJL9-mBNmk_00,142,7,6,206.33725427076905,0.24497866312686417,1.5707963267948966,0.020830320036217088,1.4341531643038068,2.0,0.5,0.0,1.5,6_7,1.0,-2.0260639262360485,9999.0,75.96375653207352,80.9774340659582,2.23606797749979
lpJL9-mBNmk_00,143,7,6,204.8696231753258,-2.677945044588987,0.7853981633974483,0.0,1.299849476456476,-1.0,-0.5,0.5,0.5,6_7,1.0,1.467631095443238,139.592043130875,161.565051177078,74.47588900324574,1.8027756377319946
lpJL9-mBNmk_00,144,7,6,204.83735010978833,3.141592653589793,1.951302703907242,0.0,1.3638041325750734,-0.25,0.0,-0.19999999999998863,0.5,6_7,1.0,0.032273065537481216,6347.006294518096,68.19859051364931,78.1402208790519,0.5024937810560456
lpJL9-mBNmk_00,145,7,6,205.08718268092719,0.0,0.0,0.0,1.3638041325750734,0.25,0.0,0.0,0.0,6_7,1.0,-0.24983257113885315,9999.0,0.0,78.1402208790519,0.25
lpJL9-mBNmk_00,146,7,6,206.35239882298436,0.46364760900080615,-2.1112158270654975,0.020830320036217088,1.4056476493802696,1.0,0.5,-0.30000000000001137,-0.5,6_7,1.0,-1.2652161420571701,9999.0,147.5288077091525,79.34418836799234,1.6401219466856816
lpJL9-mBNmk_00,147,7,6,205.81907103084495,3.141592653589793,1.0303768265242956,0.02104952213704643,1.3638041325750734,-0.25,0.0,0.30000000000001137,0.5,6_7,1.0,0.5333277921394028,385.91476773640056,120.96375653207448,76.93417209983194,0.7433034373659336
lpJL9-mBNmk_00,148,7,6,206.06892657555142,0.0,0.0,0.3805063771123649,1.3734007669450086,0.25,0.0,0.0,0.0,6_7,1.0,-0.2498555447064632,9999.0,0.0,56.88865803962756,0.25
lpJL9-mBNmk_00,149,7,6,205.81907103084495,3.141592653589793,0.0,0.32175055439664224,1.4513674007765536,-0.25,0.0,0.0,0.0,6_7,1.0,0.2498555447064632,823.7522656247095,180.0,64.72227776444679,0.25
lpJL9-mBNmk_00,150,7,6,204.83735010978833,-2.677945044588987,0.0,0.0,1.2793395323170191,-1.0,-0.5,0.0,0.0,6_7,1.0,0.9817209210566205,208.65130376290963,153.434948822922,73.30075576600578,1.118033988749895
lpJL9-mBNmk_00,151,7,6,205.08718268092719,0.0,0.0,0.0,1.2793395323170191,0.25,0.0,0.0,0.0,6_7,1.0,-0.24983257113885315,9999.0,0.0,73.30075576600578,0.25
lpJL9-mBNmk_00,152,7,6,206.06892657555142,0.46364760900080615,0.0,0.32175055439664224,1.2793395323170191,1.0,0.5,0.0,0.0,6_7,1.0,-0.9817438946242305,9999.0,26.565051177077994,54.86580694308377,1.118033988749895
lpJL9-mBNmk_00,153,7,6,205.11947737842937,-2.761086276477428,-2.1112158270654975,3.141592653589793,1.5707963267948966,-1.25,-0.5,-0.30000000000001137,-0.5,6_7,1.0,0.9494491971220498,216.04049800682665,37.23483398157369,90.0,0.9499999999999886
lpJL9-mBNmk_00,154,7,6,205.11947737842937,0.0,0.0,3.141592653589793,1.5707963267948966,0.0,0.0,0.0,0.0,6_7,1.0,-0.0,9999.0,0.0,90.0,0.0
lpJL9-mBNmk_00,155,7,6,205.3693319363921,0.0,0.0,0.0,1.5707963267948966,0.25,0.0,0.0,0.0,6_7,1.0,-0.2498545579627205,9999.0,0.0,90.0,0.25
lpJL9-mBNmk_00,156,7,6,205.6191868479204,0.0,0.0,0.0,1.5707963267948966,0.25,0.0,0.0,0.0,6_7,1.0,-0.24985491152830264,9999.0,0.0,90.0,0.25
lpJL9-mBNmk_00,157,7,6,205.6191868479204,0.0,0.0,0.0,1.5707963267948966,0.0,0.0,0.0,0.0,6_7,1.0,-0.0,9999.0,0.0,90.0,0.0
lpJL9-mBNmk_00,158,7,6,205.3693319363921,3.141592653589793,0.0,0.0,1.5707963267948966,-0.25,0.0,0.0,0.0,6_7,1.0,0.24985491152830264,821.9543521486013,180.0,90.0,0.25
lpJL9-mBNmk_00,159,7,6,206.11889772653063,0.0,0.0,0.0,1.5707963267948966,0.75,0.0,0.0,0.0,6_7,1.0,-0.7495657901385471,9999.0,0.0,90.0,0.75
lpJL9-mBNmk_00,160,7,6,205.6191868479204,3.141592653589793,0.0,-2.5535900500422253,1.5707963267948966,-0.5,0.0,0.0,0.0,6_7,1.0,0.49971087861024444,411.4763068992452,180.0,123.6900675259798,0.5
lpJL9-mBNmk_00,161,7,6,205.6191868479204,0.0,0.0,0.0,1.5707963267948966,0.0,0.0,0.0,0.0,6_7,1.0,-0.0,9999.0,0.0,90.0,0.0
lpJL9-mBNmk_00,162,7,6,205.6191868479204,0.0,0.0,-2.5535900500422253,1.5707963267948966,0.0,0.0,0.0,0.0,6_7,1.0,-0.0,9999.0,0.0,123.6900675259798,0.0
lpJL9-mBNmk_00,163,7,6,205.6191868479204,0.0,0.0,0.0,3.141592653589793,0.0,0.0,0.0,0.0,6_7,1.0,-0.0,9999.0,0.0,180.0,0.0
lpJL9-mBNmk_00,164,7,6,205.6191868479204,0.0,0.0,0.0,-2.1112158270654975,0.0,0.0,0.0,0.0,6_7,1.0,-0.0,9999.0,0.0,120.96375653207448,0.0
lpJL9-mBNmk_00,165,7,6,205.6191868479204,0.0,0.0,0.0,-2.1112158270654975,0.0,0.0,0.0,0.0,6_7,1.0,-0.0,9999.0,0.0,120.96375653207448,0.0
lpJL9-mBNmk_00,169,7,6,181.38512204698597,3.141592653589793,0.0,-3.1213933810087253,-1.670464979286081,-24.0,0.0,0.0,0.0,6_7,4.0,6.058516200233605,29.938868866933475,180.0,83.13207379436956,6.0
lpJL9-mBNmk_00,170,7,6,209.86677321577133,0.0,0.0,-0.12435499454676144,-1.670464979286081,28.5,0.0,0.0,0.0,6_7,1.0,-28.481651168785362,9999.0,0.0,88.58557678859913,28.5
lpJL9-mBNmk_00,171,7,6,210.36649566886834,0.0,0.0,-0.11710874456686429,-1.670464979286081,0.5,0.0,0.0,0.0,6_7,1.0,-0.49972245309700725,9999.0,0.0,89.000756329744,0.5
lpJL9-mBNmk_00,172,7,6,210.08391775669074,0.0,1.0303768265242956,-0.11065722117389566,0.0,0.0,0.0,0.30000000000001137,0.5,6_7,1.0,0.28257791217760087,743.4548444984352,59.036243467925516,6.340191745909912,0.5830951894845359
lpJL9-mBNmk_00,173,7,6,208.8673322949283,3.141592653589793,-2.1112158270654975,0.0,0.0,-1.5,0.0,-0.30000000000001137,-0.5,6_7,1.0,1.2165854617624348,171.68323875278585,59.03624346792553,0.0,1.2999999999999894
lpJL9-mBNmk_00,174,7,6,208.88468708835504,0.0,1.5707963267948966,0.0,1.1071487177940904,0.0,0.0,0.0,0.5,6_7,1.0,-0.017354793426733295,9999.0,90.0,63.43494882292201,0.5
lpJL9-mBNmk_00,175,7,6,208.6348484793468,3.141592653589793,0.0,-0.19739555984988078,1.1071487177940904,-0.25,0.0,0.0,0.0,6_7,1.0,0.2498386090082363,835.0784905005169,180.0,74.74488129694222,0.25
lpJL9-mBNmk_00,176,7,6,206.36875369105664,3.141592653589793,-2.0344439357957027,0.0,0.0,-2.5,0.0,-0.25,-0.5,6_7,1.0,2.266094788290161,91.06801478801701,63.43494882292201,0.0,2.3048861143232218
lpJL9-mBNmk_00,177,7,6,206.11889772653063,3.141592653589793,0.0,0.0,0.0,-0.25,0.0,0.0,0.0,6_7,1.0,0.2498559645260059,824.950879670023,180.0,0.0,0.25
lpJL9-mBNmk_00,178,7,6,205.6191868479204,3.141592653589793,0.0,0.0,0.0,-0.5,0.0,0.0,0.0,6_7,1.0,0.49971087861024444,411.4763068992452,180.0,0.0,0.5
lpJL9-mBNmk_00,179,7,6,205.56921583739134,0.0,0.0,0.0,0.0,0.0,0.0,0.05000000000001137,0.0,6_7,1.0,0.049971010529048954,4113.76943673954,0.0,0.0,0.05000000000001137
lpJL9-mBNmk_00,180,7,6,206.36875369105664,0.0,3.141592653589793,0.0,0.0,0.75,0.0,-0.05000000000001137,0.0,6_7,1.0,-0.7995378536652993,9999.0,180.0,0.0,0.8000000000000114
lpJL9-mBNmk_00,181,7,6,205.3693319363921,3.141592653589793,0.0,0.0,0.0,-0.75,0.0,0.25,0.0,6_7,1.0,0.999421754664553,205.4881545032232,180.0,0.0,1.0
lpJL9-mBNmk_00,182,7,6,205.3693319363921,0.0,0.0,3.141592653589793,0.0,0.0,0.0,0.0,0.0,6_7,1.0,-0.0,9999.0,0.0,180.0,0.0
lpJL9-mBNmk_00,189,7,6,191.27812865040266,3.141592653589793,0.0,3.141592653589793,0.0,-13.800000000000011,0.0,0.0,0.0,6_7,7.0,2.0130290408556317,95.02005424079749,180.0,180.0,1.971428571428573
lpJL9-mBNmk_00,190,7,6,192.52729676593913,0.0,3.141592653589793,3.141592653589793,0.0,1.0,0.0,-0.25,0.0,6_7,1.0,-1.2491681155364631,9999.0,180.0,180.0,1.25
lpJL9-mBNmk_00,191,7,6,197.57404308258714,0.0,0.0,3.141592653589793,0.0,5.300000000000011,0.0,0.25,0.0,6_7,1.0,-5.0467463166480115,9999.0,0.0,180.0,5.050000000000011
lpJL9-mBNmk_00,192,7,6,196.57467410630494,3.141592653589793,0.0,3.141592653589793,-1.5707963267948966,-1.0,0.0,0.0,0.0,6_7,1.0,0.9993689762821987,196.69879571166194,180.0,90.00000000000001,1.0
lpJL9-mBNmk_00,193,7,6,199.77267706070316,0.0,0.0,3.141592653589793,0.0,3.1999999999999886,0.0,0.0,0.0,6_7,1.0,-3.19800295439822,9999.0,0.0,180.0,3.1999999999999886
lpJL9-mBNmk_00,194,7,6,199.02313935821633,3.141592653589793,3.141592653589793,3.141592653589793,-1.471127674303712,-1.0,0.0,-0.25,0.0,6_7,1.0,0.7495377024868333,265.5278563011478,0.0,95.71059313750092,0.75
lpJL9-mBNmk_00,195,7,6,201.82143097302622,0.0,0.0,0.0,-1.471127674303712,2.8000000000000114,0.0,0.0,0.0,6_7,1.0,-2.798291614809898,9999.0,0.0,84.28940686249906,2.8000000000000114
lpJL9-mBNmk_00,196,7,6,202.0712807402378,0.0,3.141592653589793,3.141592653589793,0.0,0.0,0.0,-0.25,0.0,6_7,1.0,-0.24984976721157182,9999.0,180.0,180.0,0.25
lpJL9-mBNmk_00,197,7,6,202.62095153265864,0.0,0.0,3.141592653589793,0.0,1.0,0.0,0.44999999999998863,0.0,6_7,1.0,-0.5496707924208408,9999.0,0.0,180.0,0.5500000000000114
lpJL9-mBNmk_00,219,7,6,206.63712759327643,0.0,0.0,3.141592653589793,-1.6207547225168506,3.5,0.0,0.0,0.0,6_7,22.0,-0.18255345730080885,9999.0,0.0,87.13759477388761,0.1590909090909091
lpJL9-mBNmk_00,220,7,6,196.6415584254763,3.141592653589793,0.0,3.141592653589793,-1.862253121272774,-10.0,0.0,0.0,0.0,6_7,1.0,9.995569167800141,19.67287256226889,180.0,73.30075576600579,10.0
lpJL9-mBNmk_00,221,7,6,205.88744497904676,0.0,0.0,3.141592653589793,-1.6207547225168506,9.25,0.0,0.0,0.0,6_7,1.0,-9.245886553570472,9999.0,0.0,87.13759477388761,9.25
lpJL9-mBNmk_00,222,7,6,206.03738131708042,0.0,0.0,3.141592653589793,-1.2793395323170191,0.5,0.0,0.35000000000002274,0.0,6_7,1.0,-0.1499363380336547,9999.0,0.0,106.69924423399422,0.14999999999997726
lpJL9-mBNmk_00,223,7,6,181.89898295482578,3.141592653589793,3.141592653589793,3.141592653589793,-1.862253121272774,-24.5,0.0,-0.35000000000002274,0.0,6_7,1.0,24.138398362254634,7.535669112133901,0.0,73.30075576600579,24.149999999999977
lpJL9-mBNmk_00,224,7,6,182.14884710038658,0.0,0.0,3.141592653589793,-1.6207547225168506,0.25,0.0,0.0,0.0,6_7,1.0,-0.2498641455607924,9999.0,0.0,87.13759477388761,0.25
lpJL9-mBNmk_00,236,7,6,210.83539195305897,0.0,-1.5707963267948966,0.0,3.141592653589793,28.75,0.0,0.0,-0.5,6_7,12.0,-2.3905454043893664,9999.0,90.0,180.0,2.3961956247815457
lpJL9-mBNmk_00,237,7,6,220.31866126136478,0.052583061610941714,0.0,0.033885329904117606,3.141592653589793,9.5,0.5,0.0,0.0,6_7,1.0,-9.483269308305807,9999.0,3.01278750418334,178.05851360908562,9.513148795220223
lpJL9-mBNmk_00,238,7,6,219.33208269653576,-2.677945044588987,0.0,0.0,0.0,-1.0,-0.5,0.0,0.0,6_7,1.0,0.9865785648290171,222.3158808792364,153.434948822922,0.0,1.118033988749895
lpJL9-mBNmk_00,239,7,6,234.80324209857068,0.03224688243525392,-1.5707963267948966,0.017092352397716833,-1.471127674303712,15.5,0.5,0.0,-0.5,6_7,1.0,-15.471159402034914,9999.0,91.8476102659946,85.26872651683856,15.532224567009067
lpJL9-mBNmk_00,240,7,6,219.032195122087,-3.1098572800613353,1.471127674303712,0.0,0.0,-15.75,-0.5,0.05000000000001137,0.5,6_7,1.0,15.771046976483689,13.888246953337172,97.52889610195277,0.0,15.831613941730652
lpJL9-mBNmk_00,241,7,6,219.78191463357487,0.0,0.0,0.0,0.0,0.75,0.0,0.0,0.0,6_7,1.0,-0.7497195114878821,9999.0,0.0,0.0,0.75
lpJL9-mBNmk_00,247,7,6,222.34503030200608,0.0,0.0,0.0,-1.471127674303712,2.5,0.0,0.0,0.0,6_7,6.0,-0.42718594473853483,9999.0,0.0,84.28940686249906,0.4166666666666667
lpJL9-mBNmk_00,179,21,7,113.50110131624274,0.0,0.0,0.0,0.0,,,0.0,0.0,7_21,,0.0,9999.0,0.0,0.0,0.0
lpJL9-mBNmk_00,180,21,7,112.75110864199961,0.0,0.0,0.0,0.0,0.0,0.0,0.75,0.0,7_21,1.0,0.7499926742431313,150.3362799587135,0.0,0.0,0.75
lpJL9-mBNmk_00,181,21,7,113.50110131624274,0.0,3.141592653589793,0.0,0.0,0.0,0.0,-0.75,0.0,7_21,1.0,-0.7499926742431313,9999.0,180.0,0.0,0.75
lpJL9-mBNmk_00,182,21,7,113.50110131624274,0.0,0.0,0.0,3.141592653589793,0.0,0.0,0.0,0.0,7_21,1.0,-0.0,9999.0,0.0,180.0,0.0
lpJL9-mBNmk_00,192,21,7,124.0,0.0,3.141592653589793,-0.24497866312686417,3.141592653589793,0.0,0.0,-1.0,0.0,7_21,10.0,-1.049889868375726,9999.0,180.0,165.96375653207352,0.1
lpJL9-mBNmk_00,193,21,7,120.80000000000001,0.0,0.0,-0.24497866312686417,3.141592653589793,0.0,0.0,3.1999999999999886,0.0,7_21,1.0,3.1999999999999886,37.750000000000135,0.0,165.96375653207352,3.1999999999999886
lpJL9-mBNmk_00,194,21,7,121.80000000000001,0.0,3.141592653589793,-0.24497866312686417,3.141592653589793,0.0,0.0,-1.0,0.0,7_21,1.0,-1.0,9999.0,180.0,165.96375653207352,1.0
lpJL9-mBNmk_00,195,21,7,119.0,0.0,0.0,-0.24497866312686417,0.0,0.0,0.0,2.8000000000000114,0.0,7_21,1.0,2.8000000000000114,42.49999999999983,0.0,14.036243467926484,2.8000000000000114
lpJL9-mBNmk_00,196,21,7,119.0,0.0,0.0,-0.24497866312686417,3.141592653589793,0.0,0.0,0.0,0.0,7_21,1.0,-0.0,9999.0,0.0,165.96375653207352,0.0
lpJL9-mBNmk_00,197,21,7,118.0,0.0,0.0,-0.24497866312686417,3.141592653589793,0.0,0.0,1.0,0.0,7_21,1.0,1.0,118.0,0.0,165.96375653207352,1.0
lpJL9-mBNmk_00,219,21,7,114.5,0.0,0.0,0.0,3.141592653589793,0.0,0.0,3.5,0.0,7_21,22.0,0.1590909090909091,719.7142857142858,0.0,180.0,0.1590909090909091
lpJL9-mBNmk_00,219,22,7,351.0343074401703,1.768191886644821,0.0,-0.6659692373791278,3.141592653589793,-0.05000000000001137,0.25,3.5,0.0,7_22,,0.0,9999.0,101.30993247402272,141.84277341262992,0.0
lpJL9-mBNmk_00,220,22,7,344.37597549771095,-1.951302703907242,3.141592653589793,-0.9272952180016235,3.141592653589793,-0.09999999999999432,-0.25,-10.0,0.0,7_22,1.0,6.65833194245937,51.721058438325585,68.19859051364932,126.86989764584335,9.903156062589346
lpJL9-mBNmk_00,221,22,7,350.7598893830365,0.0,0.0,-0.9272952180016235,3.141592653589793,0.0,0.0,9.25,0.0,7_22,1.0,-6.383913885325569,9999.0,0.0,126.86989764584335,9.25
lpJL9-mBNmk_00,222,22,7,351.21328633751887,3.141592653589793,0.0,-1.0584068664841757,3.141592653589793,-0.15000000000000568,0.0,0.5,0.0,7_22,1.0,-0.4533969544823435,9999.0,180.0,119.3577535427903,0.6500000000000057
lpJL9-mBNmk_00,223,22,7,334.3617950663622,2.0344439357957027,3.141592653589793,-0.9827937232473727,3.141592653589793,-0.25,0.5,-24.5,0.0,7_22,1.0,16.851491271156647,19.84167393177022,63.43494882292201,123.69006752597731,24.255154091450336
lpJL9-mBNmk_00,224,22,7,334.3769766296717,1.5707963267948966,0.0,-0.46364760900091984,3.141592653589793,0.0,0.19999999999998863,0.25,0.0,7_22,1.0,-0.015181563309454305,9999.0,90.0,153.4349488229155,0.32015621187163534
lpJL9-mBNmk_00,236,22,7,355.14442484713175,-1.3734007669449722,0.0,-2.9441970937399122,0.0,0.05000000000001137,-0.25,28.75,0.0,7_22,12.0,-1.7306206847883392,9999.0,78.69006752597728,168.69006752597977,2.3917574024600023
lpJL9-mBNmk_00,237,22,7,362.30303614515844,-1.5707963267948966,0.052583061610941714,-3.0329314377492014,0.033885329904117606,0.0,-0.05000000000001137,9.5,0.5,7_22,1.0,-7.158611298026699,9999.0,93.01278750418334,175.71565732648838,9.51590773389486
lpJL9-mBNmk_00,239,25,7,52.252392289731574,0.0,0.03224688243525392,0.0,0.017092352397716833,,,15.5,0.5,7_25,,0.0,9999.0,1.8476102659945954,0.9793196543394874,0.0
lpJL9-mBNmk_00,240,25,7,36.50342449688796,1.5707963267948966,-3.1098572800613353,1.5707963267948966,0.0,0.0,0.5,-15.75,-0.5,7_25,1.0,15.748967792843615,2.3178296493485266,91.81830296445182,90.0,15.78171410208663
lpJL9-mBNmk_00,241,25,7,37.25335555356054,0.0,0.0,1.5707963267948966,0.0,0.0,0.0,0.75,0.0,7_25,1.0,-0.7499310566725796,9999.0,0.0,90.0,0.75
lpJL9-mBNmk_00,247,25,7,39.75,-1.5707963267948966,0.0,0.0,0.0,0.0,-0.5,2.5,0.0,7_25,6.0,-0.41610740773991023,9999.0,90.0,0.0,0.4249182927993987
