video_name,frame_idx,track_id,class_id,x1,y1,x2,y2,cx,cy,dx,dy,dframes,velocity,direction,acceleration,direction_change,rolling_dx,rolling_dy,traj_direction,curvature
ALFF5620ljk_9_00,0,3,1,260.40000056542056,310.49999975000003,308.7999994345795,331.90000024999995,284.6,321.2,,,,0.0,0.0,0.0,0.0,,,0.0,0.0
ALFF5620ljk_9_00,0,2,1,185.90000034462616,309.89999975,215.39999965537385,331.30000025000004,200.65,320.6,,,,0.0,0.0,0.0,0.0,,,0.0,0.0
ALFF5620ljk_9_00,0,1,1,221.9000004404205,310.19999975,259.5999995595795,331.60000025,240.75,320.9,,,,0.0,0.0,0.0,0.0,,,0.0,0.0
ALFF5620ljk_9_00,1,3,1,260.4,310.5,309.9,331.9,285.15,321.2,0.5499999999999545,0.0,1.0,0.5499999999999545,0.0,0.0,0.0,0.5499999999999545,0.0,0.0,0.0
ALFF5620ljk_9_00,1,2,1,185.9,309.9,215.4,331.3,200.65,320.6,0.0,0.0,1.0,0.0,0.0,0.0,0.0,0.0,0.0,0.0,0.0
ALFF5620ljk_9_00,1,1,1,221.9,310.2,259.6,331.6,240.75,320.9,0.0,0.0,1.0,0.0,0.0,0.0,0.0,0.0,0.0,0.0,0.0
ALFF5620ljk_9_00,2,3,1,260.4,310.5,310.2,331.9,285.29999999999995,321.2,0.14999999999997726,0.0,1.0,0.14999999999997726,0.0,-0.39999999999997726,0.0,0.3499999999999659,0.0,0.0,0.0
ALFF5620ljk_9_00,2,2,1,185.9,309.9,215.4,331.3,200.65,320.6,0.0,0.0,1.0,0.0,0.0,0.0,0.0,0.0,0.0,0.0,0.0
ALFF5620ljk_9_00,2,1,1,222.0,310.2,260.0,331.6,241.0,320.9,0.25,0.0,1.0,0.25,0.0,0.25,0.0,0.125,0.0,0.0,0.0
ALFF5620ljk_9_00,3,3,1,260.7,310.5,308.5,331.9,284.6,321.2,-0.6999999999999318,0.0,1.0,0.6999999999999318,3.141592653589793,0.5499999999999545,3.141592653589793,0.0,0.0,0.0,1.0471975511965976
ALFF5620ljk_9_00,3,2,1,185.8,310.2,215.6,331.6,200.7,320.9,0.04999999999998295,0.2999999999999545,1.0,0.3041381265148633,1.4056476493803005,0.3041381265148633,1.4056476493803005,0.016666666666660983,0.09999999999998484,1.4056476493803005,0.46854921646010017
ALFF5620ljk_9_00,3,1,1,222.2,310.2,259.9,331.6,241.04999999999998,320.9,0.04999999999998295,0.0,1.0,0.04999999999998295,0.0,-0.20000000000001705,0.0,0.09999999999999432,0.0,0.0,0.0
ALFF5620ljk_9_00,4,3,1,260.4,310.5,310.2,331.9,285.29999999999995,321.2,0.6999999999999318,0.0,1.0,0.6999999999999318,0.0,0.0,-3.141592653589793,0.17499999999998295,0.0,0.0,2.0943951023931953
ALFF5620ljk_9_00,4,2,1,185.9,310.2,215.7,331.6,200.8,320.9,0.10000000000002274,0.0,1.0,0.10000000000002274,0.0,-0.2041381265148406,-1.4056476493803005,0.03750000000000142,0.07499999999998863,1.1071487177940147,0.9370984329202003
ALFF5620ljk_9_00,4,1,1,222.2,310.2,259.9,331.6,241.04999999999998,320.9,0.0,0.0,1.0,0.0,0.0,-0.04999999999998295,0.0,0.07499999999999574,0.0,0.0,0.0
ALFF5620ljk_9_00,5,3,1,260.4,310.5,309.7,331.9,285.04999999999995,321.2,-0.25,0.0,1.0,0.25,3.141592653589793,-0.4499999999999318,3.141592653589793,0.08999999999998635,0.0,0.0,3.141592653589793
ALFF5620ljk_9_00,5,2,1,185.9,310.2,215.7,331.6,200.8,320.9,0.0,0.0,1.0,0.0,0.0,-0.10000000000002274,0.0,0.030000000000001137,0.05999999999999091,1.1071487177940147,0.9370984329202003
ALFF5620ljk_9_00,5,1,1,222.2,310.2,259.6,331.6,240.9,320.9,-0.14999999999997726,0.0,1.0,0.14999999999997726,3.141592653589793,0.14999999999997726,3.141592653589793,0.030000000000001137,0.0,0.0,1.0471975511965976
ALFF5620ljk_9_00,6,3,1,260.4,310.5,310.2,331.9,285.29999999999995,321.2,0.25,0.0,1.0,0.25,0.0,0.0,-3.141592653589793,0.1166666666666553,0.0,0.0,3.141592653589793
ALFF5620ljk_9_00,6,2,1,185.6,309.9,216.0,331.3,200.8,320.6,0.0,-0.2999999999999545,1.0,0.2999999999999545,-1.5707963267948966,0.2999999999999545,-1.5707963267948966,0.02500000000000095,0.0,0.0,0.9921479920583991
ALFF5620ljk_9_00,6,1,1,222.2,310.5,259.3,331.3,240.75,320.9,-0.15000000000000568,0.0,1.0,0.15000000000000568,3.141592653589793,2.842170943040401e-14,0.0,0.0,0.0,0.0,1.0471975511965976
ALFF5620ljk_9_00,7,2,1,185.5,310.2,215.9,331.6,200.7,320.9,-0.10000000000002274,0.2999999999999545,1.0,0.31622776601680197,1.8925468811916524,0.016227766016847445,-2.8198420991930373,0.007142857142854707,0.04285714285713636,1.4056476493803005,1.4635461419959779
ALFF5620ljk_9_00,7,1,1,222.3,310.2,259.2,331.6,240.75,320.9,0.0,0.0,1.0,0.0,0.0,-0.15000000000000568,-3.141592653589793,0.0,0.0,0.0,2.0943951023931953
ALFF5620ljk_9_00,8,2,1,185.5,310.2,215.9,331.6,200.7,320.9,0.0,0.0,1.0,0.0,0.0,-0.31622776601680197,-1.8925468811916524,0.006249999999997868,0.037499999999994316,1.4056476493803005,2.0943951023931953
ALFF5620ljk_9_00,8,1,1,222.3,310.2,259.2,331.6,240.75,320.9,0.0,0.0,1.0,0.0,0.0,0.0,0.0,0.0,0.0,0.0,1.0471975511965976
ALFF5620ljk_9_00,9,2,1,185.5,310.2,215.9,331.6,200.7,320.9,0.0,0.0,1.0,0.0,0.0,0.0,0.0,0.005555555555553661,0.03333333333332828,1.4056476493803005,1.5707963267948966
ALFF5620ljk_9_00,9,1,1,222.2,310.5,259.3,331.9,240.75,321.2,0.0,0.30000000000001137,1.0,0.30000000000001137,1.5707963267948966,0.30000000000001137,1.5707963267948966,0.0,0.033333333333334596,1.5707963267948966,1.5707963267948966
ALFF5620ljk_9_00,10,2,1,185.3,310.5,215.7,331.9,200.5,321.2,-0.19999999999998863,0.30000000000001137,1.0,0.36055512754640207,2.1587989303424204,0.36055512754640207,2.15879893034242,-0.015000000000000568,0.05999999999999659,1.815774989921783,1.3504486038446908
ALFF5620ljk_9_00,10,1,1,222.2,310.5,259.3,331.9,240.75,321.2,0.0,0.0,1.0,0.0,0.0,-0.30000000000001137,-1.5707963267948966,0.0,0.030000000000001137,1.5707963267948966,1.0471975511965976
ALFF5620ljk_9_00,13,3,1,260.2,309.9,297.8,331.3,279.0,320.6,-6.2999999999999545,-0.5999999999999659,7.0,0.9040724189883782,-3.0466409472470413,0.09343891699833974,-3.0466409472470413,-0.8000000000000033,-0.08571428571428084,-3.034856980940664,3.109942084808876
ALFF5620ljk_9_00,14,3,1,260.2,309.7,297.8,331.6,279.0,320.65,0.0,0.049999999999954525,1.0,0.049999999999954525,1.5707963267948966,-0.8540724189884237,-1.6657480331376482,-0.7000000000000028,-0.06875000000000142,-3.04369234585133,2.6179938779914944
ALFF5620ljk_9_00,14,2,1,185.6,310.5,215.7,331.9,200.64999999999998,321.2,0.14999999999997726,0.0,4.0,0.037499999999994316,0.0,-0.08076378188660194,-2.15879893034242,-2.5837917664003644e-15,0.05454545454545145,1.5707963267949439,1.4391992868949466
ALFF5620ljk_9_00,14,1,1,222.6,310.5,259.2,331.9,240.89999999999998,321.2,0.14999999999997726,0.0,4.0,0.037499999999994316,0.0,0.009374999999998579,0.0,0.01363636363636157,0.027272727272728305,1.1071487177941661,1.0471975511965976
ALFF5620ljk_9_00,15,6,1,185.5,310.5,215.6,331.9,200.55,321.2,,,,0.0,0.0,0.0,0.0,,,0.0,0.0
ALFF5620ljk_9_00,15,2,1,185.3,310.5,215.7,331.9,200.5,321.2,-0.14999999999997726,0.0,1.0,0.14999999999997726,3.141592653589793,0.11249999999998295,3.141592653589793,-0.012500000000000474,0.04999999999999716,1.815774989921783,2.486396838091544
ALFF5620ljk_9_00,15,1,1,222.8,310.5,259.3,331.3,241.05,320.9,0.1500000000000341,-0.30000000000001137,1.0,0.3354101966249939,-1.1071487177940147,0.29791019662499957,-1.1071487177940145,0.02500000000000095,0.0,0.0,0.8926483481963037
ALFF5620ljk_9_00,16,2,1,185.3,309.9,215.7,331.3,200.5,320.6,0.0,-0.5999999999999659,1.0,0.5999999999999659,-1.5707963267948966,0.44999999999998863,1.5707963267948968,-0.011538461538461976,0.0,3.141592653589793,2.2903959702423697
ALFF5620ljk_9_00,17,2,1,185.3,310.2,215.7,331.6,200.5,320.9,0.0,0.2999999999999545,1.0,0.2999999999999545,1.5707963267948966,-0.30000000000001137,3.141592653589793,-0.01071428571428612,0.02142857142856818,2.034443935795778,2.6179938779914944
ALFF5620ljk_9_00,18,2,1,185.3,309.9,215.7,331.3,200.5,320.6,0.0,-0.2999999999999545,1.0,0.2999999999999545,-1.5707963267948966,0.0,-3.141592653589793,-0.010000000000000378,0.0,3.141592653589793,2.6179938779914944
ALFF5620ljk_9_00,23,2,1,185.3,309.9,215.7,331.3,200.5,320.6,0.0,0.0,5.0,0.0,0.0,-0.05999999999999091,1.5707963267948966,-0.009375000000000355,0.0,3.141592653589793,2.6179938779914944
ALFF5620ljk_9_00,24,1,1,222.8,310.5,259.3,331.3,241.05,320.9,0.0,0.0,9.0,0.0,0.0,-0.03726779962499932,1.1071487177940145,0.023076923076923953,0.0,0.0,0.7380991451960096
ALFF5620ljk_9_00,25,1,1,222.8,310.5,259.3,331.3,241.05,320.9,0.0,0.0,1.0,0.0,0.0,0.0,0.0,0.02142857142857224,0.0,0.0,0.7380991451960096
ALFF5620ljk_9_00,26,1,1,222.8,310.5,259.3,331.3,241.05,320.9,0.0,0.0,1.0,0.0,0.0,0.0,0.0,0.020000000000000757,0.0,0.0,0.3690495725980048
ALFF5620ljk_9_00,27,1,1,222.8,310.5,259.3,331.3,241.05,320.9,0.0,0.0,1.0,0.0,0.0,0.0,0.0,0.01875000000000071,0.0,0.0,0.0
ALFF5620ljk_9_00,28,6,1,185.3,310.5,215.7,331.9,200.5,321.2,-0.05000000000001137,0.0,13.0,0.0038461538461547207,3.141592653589793,0.0,0.0,-0.05000000000001137,0.0,3.141592653589793,0.0
ALFF5620ljk_9_00,28,1,1,222.8,309.9,259.3,331.3,241.05,320.6,0.0,-0.2999999999999545,1.0,0.2999999999999545,-1.5707963267948966,0.2999999999999545,-1.5707963267948966,0.01764705882353008,-0.017647058823526737,-0.7853981633973536,0.5235987755982988
ALFF5620ljk_9_00,29,6,1,185.3,310.8,215.7,331.6,200.5,321.20000000000005,0.0,5.684341886080802e-14,1.0,5.684341886080802e-14,1.5707963267948966,-0.0038461538460978772,-1.5707963267948966,-0.025000000000005684,2.842170943040401e-14,3.1415926535886562,0.5235987755982988
ALFF5620ljk_9_00,29,1,1,222.5,309.9,259.3,331.3,240.9,320.6,-0.15000000000000568,0.0,1.0,0.15000000000000568,3.141592653589793,-0.14999999999994884,-1.5707963267948968,0.008333333333333649,-0.01666666666666414,-1.1071487177940147,1.0471975511965976
ALFF5620ljk_9_00,30,6,1,185.1,310.8,216.0,331.6,200.55,321.20000000000005,0.05000000000001137,0.0,1.0,0.05000000000001137,0.0,0.049999999999954525,-1.5707963267948966,0.0,1.8947806286936004e-14,1.5707963267948966,1.0471975511965976
ALFF5620ljk_9_00,30,1,1,222.5,309.9,259.3,331.3,240.9,320.6,0.0,0.0,1.0,0.0,0.0,-0.15000000000000568,-3.141592653589793,0.007894736842105562,-0.015789473684208133,-1.1071487177940147,2.0943951023931953
ALFF5620ljk_9_00,31,6,1,185.1,310.8,216.0,331.6,200.55,321.20000000000005,0.0,0.0,1.0,0.0,0.0,-0.05000000000001137,0.0,0.0,1.4210854715202004e-14,1.5707963267948966,1.0471975511965976
ALFF5620ljk_9_00,31,1,1,222.5,309.9,259.3,331.3,240.9,320.6,0.0,0.0,1.0,0.0,0.0,0.0,0.0,0.007500000000000284,-0.014999999999997727,-1.1071487177940147,1.5707963267948966
ALFF5620ljk_9_00,32,6,1,185.1,310.8,216.0,331.6,200.55,321.20000000000005,0.0,0.0,1.0,0.0,0.0,0.0,0.0,0.0,1.1368683772161604e-14,1.5707963267948966,0.5235987755982988
ALFF5620ljk_9_00,32,1,1,222.5,309.9,259.3,331.3,240.9,320.6,0.0,0.0,1.0,0.0,0.0,0.0,0.0,0.007500000000000284,-0.014999999999997727,-1.1071487177940147,1.0471975511965976
ALFF5620ljk_9_00,33,6,1,185.1,310.8,216.0,331.6,200.55,321.20000000000005,0.0,0.0,1.0,0.0,0.0,0.0,0.0,0.0,9.473903143468002e-15,1.5707963267948966,0.0
ALFF5620ljk_9_00,33,1,1,222.5,309.9,259.3,331.3,240.9,320.6,0.0,0.0,1.0,0.0,0.0,0.0,0.0,-0.004999999999999716,-0.014999999999997727,-1.892546881191567,0.0
ALFF5620ljk_9_00,34,6,1,185.1,311.1,216.0,331.3,200.55,321.20000000000005,0.0,0.0,1.0,0.0,0.0,0.0,0.0,0.0,8.120488408686859e-15,1.5707963267948966,0.0
ALFF5620ljk_9_00,34,1,1,222.5,310.2,259.3,331.6,240.9,320.9,0.0,0.2999999999999545,1.0,0.2999999999999545,1.5707963267948966,0.2999999999999545,1.5707963267948966,-0.0074999999999988635,0.0,3.141592653589793,0.5235987755982988
ALFF5620ljk_9_00,35,1,1,222.5,309.9,259.3,331.3,240.9,320.6,0.0,-0.2999999999999545,1.0,0.2999999999999545,-1.5707963267948966,0.0,-3.141592653589793,-0.0074999999999988635,-0.014999999999997727,-2.0344439357957027,1.5707963267948966
ALFF5620ljk_9_00,36,1,1,222.5,310.5,259.3,331.9,240.9,321.2,0.0,0.5999999999999659,1.0,0.5999999999999659,1.5707963267948966,0.30000000000001137,3.141592653589793,0.0,0.015000000000000568,1.5707963267948966,2.6179938779914944
ALFF5620ljk_9_00,37,1,1,222.5,310.2,259.6,331.6,241.05,320.9,0.15000000000000568,-0.30000000000001137,1.0,0.33541019662498117,-1.1071487177940904,-0.2645898033749847,-2.677945044588987,0.015000000000000568,0.0,0.0,2.9870434505895247
ALFF5620ljk_9_00,38,2,1,184.9,310.2,215.9,331.6,200.4,320.9,-0.09999999999999432,0.2999999999999545,15.0,0.0210818510677862,1.892546881191567,0.0014054567378524133,1.892546881191567,-0.014705882352941176,0.017647058823526737,2.265534602991674,2.2016452871920857
ALFF5620ljk_9_00,38,1,1,222.5,310.2,259.6,331.6,241.05,320.9,0.0,0.0,1.0,0.0,0.0,-0.33541019662498117,1.1071487177940904,0.015000000000000568,0.0,0.0,2.3088954719909567
ALFF5620ljk_9_00,39,2,1,184.8,310.5,215.7,331.9,200.25,321.2,-0.15000000000000568,0.30000000000001137,1.0,0.33541019662498117,2.0344439357957027,0.31432834555719497,0.14189705460413563,-0.02222222222222254,0.03333333333333144,2.158798930342497,1.2017467541968665
ALFF5620ljk_9_00,39,1,1,222.5,309.9,259.3,331.3,240.9,320.6,-0.15000000000000568,-0.2999999999999545,1.0,0.3354101966249303,-2.034443935795778,0.3354101966249303,-2.034443935795778,0.007500000000000284,-0.014999999999997727,-1.1071487177940147,1.939845899392952
ALFF5620ljk_9_00,40,2,1,184.8,310.2,215.7,331.6,200.25,320.9,0.0,-0.30000000000001137,1.0,0.30000000000001137,-1.5707963267948966,-0.0354101966249698,2.677945044588987,-0.021052631578947666,0.015789473684208133,2.4980915447965883,1.5707963267948966
ALFF5620ljk_9_00,40,1,1,222.5,310.5,259.3,331.9,240.9,321.2,0.0,0.5999999999999659,1.0,0.5999999999999659,1.5707963267948966,0.26458980337503557,-2.6779450445889115,0.007500000000000284,0.0,0.0,1.9398458993929266
ALFF5620ljk_9_00,41,6,1,184.9,310.2,216.1,331.6,200.5,320.9,-0.05000000000001137,-0.3000000000000682,7.0,0.0434483037878543,-1.7359450042095235,0.0062069005411220434,-1.7359450042095235,-0.006250000000001421,-0.03750000000000142,-1.735945004209554,0.5786483347365078
ALFF5620ljk_9_00,41,2,1,185.1,310.5,216.0,331.9,200.55,321.2,0.30000000000001137,0.30000000000001137,1.0,0.4242640687119446,0.7853981633974483,0.12426406871193324,2.356194490192345,-0.004999999999999716,0.029999999999998295,1.7359450042095235,1.7253455297951559
ALFF5620ljk_9_00,41,1,1,222.5,310.5,259.3,331.3,240.9,320.9,0.0,-0.30000000000001137,1.0,0.30000000000001137,-1.5707963267948966,-0.2999999999999545,-3.141592653589793,0.007500000000000284,-0.015000000000000568,-1.1071487177940904,2.6179938779914944
ALFF5620ljk_9_00,42,6,1,185.1,310.2,216.0,331.6,200.55,320.9,0.05000000000001137,0.0,1.0,0.05000000000001137,0.0,0.0065516962121570654,1.7359450042095235,0.0,-0.033333333333334596,-1.5707963267948966,1.1572966694730156
ALFF5620ljk_9_00,42,2,1,184.8,310.5,215.7,331.9,200.25,321.2,-0.30000000000001137,0.0,1.0,0.30000000000001137,3.141592653589793,-0.12426406871193324,2.356194490192345,-0.020000000000000285,0.029999999999998295,2.158798930342497,2.4634446749912255
ALFF5620ljk_9_00,42,1,1,222.5,310.5,259.3,331.9,240.9,321.2,0.0,0.30000000000001137,1.0,0.30000000000001137,1.5707963267948966,0.0,3.141592653589793,1.4210854715202005e-15,0.0,0.0,2.9870434505894994
ALFF5620ljk_9_00,43,6,1,185.1,309.9,216.0,331.3,200.55,320.6,0.0,-0.2999999999999545,1.0,0.2999999999999545,-1.5707963267948966,0.24999999999994316,-1.5707963267948966,0.0,-0.05999999999999659,-1.5707963267948966,1.6808954450713145
ALFF5620ljk_9_00,43,2,1,185.1,310.2,216.0,331.6,200.55,320.9,0.30000000000001137,-0.30000000000001137,1.0,0.4242640687119446,-0.7853981633974483,0.12426406871193324,2.356194490192345,-0.004999999999999716,0.014999999999997727,1.892546881191567,2.356194490192345
ALFF5620ljk_9_00,43,1,1,222.5,310.5,259.3,331.9,240.9,321.2,0.0,0.0,1.0,0.0,0.0,-0.30000000000001137,-1.5707963267948966,-0.007500000000000284,0.015000000000000568,2.0344439357957027,2.6179938779914944
ALFF5620ljk_9_00,44,6,1,185.1,310.2,216.0,331.6,200.55,320.9,0.0,0.2999999999999545,1.0,0.2999999999999545,1.5707963267948966,0.0,3.141592653589793,0.0,-0.027272727272728305,-1.5707963267948966,2.1494446615314042
ALFF5620ljk_9_00,44,2,1,185.1,310.2,216.0,331.6,200.55,320.9,0.0,0.0,1.0,0.0,0.0,-0.4242640687119446,0.7853981633974483,-0.0074999999999988635,0.0,3.141592653589793,1.832595714594046
ALFF5620ljk_9_00,44,1,1,222.5,310.5,259.3,331.9,240.9,321.2,0.0,0.0,1.0,0.0,0.0,0.0,0.0,-0.007500000000000284,0.015000000000000568,2.0344439357957027,1.5707963267948966
ALFF5620ljk_9_00,45,2,1,185.1,310.5,216.0,331.3,200.55,320.9,0.0,0.0,1.0,0.0,0.0,0.0,0.0,-0.0125,0.0,3.141592653589793,1.0471975511965976
ALFF5620ljk_9_00,45,1,1,222.8,310.5,259.3,331.3,241.05,320.9,0.15000000000000568,-0.30000000000001137,1.0,0.33541019662498117,-1.1071487177940904,0.33541019662498117,-1.1071487177940904,0.0,0.0,0.0,0.892648348196329
ALFF5620ljk_9_00,46,2,1,185.1,310.5,216.0,331.3,200.55,320.9,0.0,0.0,1.0,0.0,0.0,0.0,0.0,-0.0125,0.0,3.141592653589793,0.2617993877991494
ALFF5620ljk_9_00,46,1,1,222.8,310.5,259.3,331.3,241.05,320.9,0.0,0.0,1.0,0.0,0.0,-0.33541019662498117,1.1071487177940904,0.0,0.0,0.0,0.7380991451960602
ALFF5620ljk_9_00,47,2,1,185.1,310.5,216.0,331.3,200.55,320.9,0.0,0.0,1.0,0.0,0.0,0.0,0.0,-0.0125,0.014999999999997727,2.2655346029916745,0.0
ALFF5620ljk_9_00,47,1,1,222.6,310.5,259.2,331.3,240.89999999999998,320.9,-0.1500000000000341,0.0,1.0,0.1500000000000341,3.141592653589793,0.1500000000000341,3.141592653589793,-0.007500000000001705,0.0,3.141592653589793,1.785296696392658
ALFF5620ljk_9_00,48,2,1,185.1,310.5,216.0,331.3,200.55,320.9,0.0,0.0,1.0,0.0,0.0,0.0,0.0,-0.0074999999999988635,0.0,3.141592653589793,0.0
ALFF5620ljk_9_00,48,1,1,222.8,310.5,259.3,331.3,241.05,320.9,0.1500000000000341,0.0,1.0,0.1500000000000341,0.0,0.0,-3.141592653589793,0.0,0.014999999999997727,1.5707963267948966,2.4634446749912255
ALFF5620ljk_9_00,49,2,1,185.1,310.5,216.0,331.3,200.55,320.9,0.0,0.0,1.0,0.0,0.0,0.0,0.0,-0.0074999999999988635,0.0,3.141592653589793,0.0
ALFF5620ljk_9_00,49,1,1,222.8,310.5,259.3,331.3,241.05,320.9,0.0,0.0,1.0,0.0,0.0,-0.1500000000000341,0.0,0.007500000000000284,0.014999999999997727,1.1071487177940147,2.0943951023931953
ALFF5620ljk_9_00,50,1,1,222.8,310.5,259.3,331.3,241.05,320.9,0.0,0.0,1.0,0.0,0.0,0.0,0.0,0.007500000000000284,0.014999999999997727,1.1071487177940147,1.0471975511965976
ALFF5620ljk_9_00,51,3,1,260.4,310.2,304.0,331.0,282.2,320.6,3.1999999999999886,-0.049999999999954525,37.0,0.08649704327462271,-0.01562372862046268,0.000986406574991032,-1.5864200554153591,-0.26666666666667044,-0.06666666666666288,-2.8966139904629458,2.0996030119333495
ALFF5620ljk_9_00,51,1,1,222.8,310.5,259.3,331.3,241.05,320.9,0.0,0.0,1.0,0.0,0.0,0.0,0.0,0.007500000000000284,0.014999999999997727,1.1071487177940147,0.0
ALFF5620ljk_9_00,52,3,1,260.2,310.5,298.4,330.8,279.29999999999995,320.65,-2.900000000000034,0.049999999999954525,1.0,2.9004310024546687,3.1243529823952794,2.813933959180046,3.139976711015742,-0.5300000000000068,-0.05500000000000114,-3.0381891911998666,2.130714933189583
ALFF5620ljk_9_00,52,1,1,222.8,310.5,259.3,331.3,241.05,320.9,0.0,0.0,1.0,0.0,0.0,0.0,0.0,0.007500000000000284,0.014999999999997727,1.1071487177940147,0.0
ALFF5620ljk_9_00,53,3,1,260.4,310.2,304.0,331.0,282.2,320.6,2.900000000000034,-0.049999999999954525,1.0,2.9004310024546687,-0.017239671194513816,0.0,-3.141592653589793,-0.21818181818182128,-0.05454545454545145,-2.8966139904629458,2.622663140006965
ALFF5620ljk_9_00,53,2,1,185.2,310.5,216.4,331.3,200.8,320.9,0.25,0.0,4.0,0.0625,0.0,0.015625,0.0,0.005000000000001137,0.0,0.0,0.0
ALFF5620ljk_9_00,53,1,1,222.8,310.5,259.3,331.3,241.05,320.9,0.0,0.0,1.0,0.0,0.0,0.0,0.0,0.007500000000000284,0.014999999999997727,1.1071487177940147,0.0
ALFF5620ljk_9_00,54,3,1,260.4,310.2,303.5,331.0,281.95,320.6,-0.25,0.0,1.0,0.25,3.141592653589793,-2.6504310024546687,-3.1243529823952794,-0.22083333333333618,-0.04999999999999716,-2.918931712953443,3.1353074490002713
ALFF5620ljk_9_00,54,2,1,185.2,310.5,216.4,331.3,200.8,320.9,0.0,0.0,1.0,0.0,0.0,-0.0625,0.0,0.015000000000000568,-0.015000000000000568,-0.7853981633974483,0.0
ALFF5620ljk_9_00,54,1,1,222.8,310.5,259.3,331.3,241.05,320.9,0.0,0.0,1.0,0.0,0.0,0.0,0.0,0.007500000000000284,0.0,0.0,0.0
ALFF5620ljk_9_00,55,3,1,260.2,310.5,299.0,330.8,279.6,320.65,-2.349999999999966,0.049999999999954525,1.0,2.3505318547085965,3.1203192675657507,2.1005318547085965,-0.02127338602404238,-0.38461538461538464,-0.042307692307693184,-3.0320331268158465,2.0957396740030383
ALFF5620ljk_9_00,55,2,1,185.2,310.5,216.4,331.3,200.8,320.9,0.0,0.0,1.0,0.0,0.0,0.0,0.0,0.007500000000001705,-0.015000000000000568,-1.1071487177940147,0.0
ALFF5620ljk_9_00,55,1,1,222.8,310.5,259.3,331.3,241.05,320.9,0.0,0.0,1.0,0.0,0.0,0.0,0.0,0.007500000000000284,0.014999999999997727,1.1071487177940147,0.0
ALFF5620ljk_9_00,56,3,1,260.4,309.9,302.1,331.3,281.25,320.6,1.6499999999999773,-0.049999999999954525,1.0,1.6507574019218938,-0.030293759918747984,-0.6997744527867027,3.1325722796950877,-0.2392857142857159,-0.04285714285714042,-2.9643672686400846,2.0927328827048033
ALFF5620ljk_9_00,56,1,1,186.6,309.9,258.3,332.4,222.45,321.15,-18.600000000000023,0.25,1.0,18.60168003165308,3.128152602680939,18.60168003165308,3.128152602680939,-0.9225000000000009,-0.0025000000000005686,-3.1388826331238615,1.0427175342269797
ALFF5620ljk_9_00,57,3,1,260.7,309.9,299.0,331.3,279.85,320.6,-1.3999999999999773,0.0,1.0,1.3999999999999773,3.141592653589793,-0.25075740192191653,-3.1112988936710453,-0.31666666666666665,-0.039999999999997725,-3.015942322979954,2.0883815197967253
ALFF5620ljk_9_00,57,1,1,222.5,310.5,268.0,331.9,245.25,321.2,22.80000000000001,0.05000000000001137,1.0,22.8000548244955,0.0021929789406743457,4.198374792842422,-3.1259596237402647,0.20999999999999944,0.015000000000000568,0.0713074647852932,2.0847040754737347
ALFF5620ljk_9_00,58,3,1,260.4,309.9,298.7,331.3,279.54999999999995,320.6,-0.3000000000000682,0.0,1.0,0.3000000000000682,3.141592653589793,-1.099999999999909,0.0,-0.31562500000000426,-0.03749999999999787,-3.023335144450722,2.0812903911220446
ALFF5620ljk_9_00,58,1,1,222.8,310.5,259.3,331.3,241.05,320.9,-4.199999999999989,-0.30000000000001137,1.0,4.210700654285449,-3.0702851888044997,-18.58935417021005,-3.072478167745174,0.0,0.0,0.0,3.1088634647221256
ALFF5620ljk_9_00,59,3,1,260.4,309.9,298.7,331.3,279.54999999999995,320.6,0.0,0.0,1.0,0.0,0.0,-0.3000000000000682,-3.141592653589793,-0.29705882352941576,-0.03529411764705682,-3.023335144450722,2.0842971824202796
ALFF5620ljk_9_00,59,2,1,185.3,309.9,216.3,331.3,200.8,320.6,0.0,-0.2999999999999545,4.0,0.07499999999998863,-1.5707963267948966,0.018749999999997158,-1.5707963267948966,0.015000000000000568,-0.029999999999998295,-1.1071487177940524,0.5235987755982988
ALFF5620ljk_9_00,59,1,1,222.6,310.5,259.5,331.3,241.05,320.9,0.0,0.0,1.0,0.0,0.0,-4.210700654285449,3.0702851888044997,0.007500000000000284,0.014999999999997727,1.1071487177940147,3.0895743267633127
ALFF5620ljk_9_00,60,10,0,121.8,0.3,159.8,22.3,140.8,11.3,,,,0.0,0.0,0.0,0.0,,,0.0,0.0
ALFF5620ljk_9_00,60,3,1,260.4,309.9,299.8,331.3,280.1,320.6,0.5500000000000682,0.0,1.0,0.5500000000000682,0.0,0.5500000000000682,0.0,-0.25,-0.03333333333333144,-3.0090411212931265,1.0471975511965976
ALFF5620ljk_9_00,60,2,1,185.1,309.9,216.6,331.3,200.85,320.6,0.04999999999998295,0.0,1.0,0.04999999999998295,0.0,-0.025000000000005684,1.5707963267948966,0.017499999999999717,0.0,0.0,1.0471975511965976
ALFF5620ljk_9_00,60,1,1,222.6,310.5,259.5,331.3,241.05,320.9,0.0,0.0,1.0,0.0,0.0,0.0,0.0,0.007500000000000284,-0.015000000000000568,-1.1071487177940904,2.047587785516558
ALFF5620ljk_9_00,61,10,0,121.8,0.3,159.8,22.3,140.8,11.3,0.0,0.0,1.0,0.0,0.0,0.0,0.0,0.0,0.0,0.0,0.0
ALFF5620ljk_9_00,61,3,1,260.7,309.9,299.5,331.3,280.1,320.6,0.0,0.0,1.0,0.0,0.0,-0.5500000000000682,0.0,-0.23684210526315788,-0.031578947368419256,-3.0090411212931265,1.0471975511965976
ALFF5620ljk_9_00,61,2,1,185.2,309.9,216.4,331.3,200.8,320.6,-0.04999999999998295,0.0,1.0,0.04999999999998295,3.141592653589793,0.0,3.141592653589793,0.015000000000000568,-0.014999999999997727,-0.7853981633973537,2.0943951023931953
ALFF5620ljk_9_00,61,1,1,222.6,310.5,259.5,331.3,241.05,320.9,0.0,0.0,1.0,0.0,0.0,0.0,0.0,0.007500000000000284,0.0,0.0,1.0234283962681665
ALFF5620ljk_9_00,62,11,1,40.6,309.9,90.9,331.9,65.75,320.9,,,,0.0,0.0,0.0,0.0,,,0.0,0.0
ALFF5620ljk_9_00,62,10,0,121.8,0.3,160.6,22.4,141.2,11.35,0.39999999999997726,0.049999999999998934,1.0,0.4031128874149048,0.12435499454676581,0.4031128874149048,0.12435499454676584,0.19999999999998863,0.024999999999999467,0.12435499454676581,0.041451664848921946
ALFF5620ljk_9_00,62,3,1,260.4,309.9,298.7,331.3,279.54999999999995,320.6,-0.5500000000000682,0.0,1.0,0.5500000000000682,3.141592653589793,0.5500000000000682,3.141592653589793,-0.2525000000000034,-0.029999999999998295,-3.023335144450722,1.0471975511965976
ALFF5620ljk_9_00,62,2,1,185.3,309.9,216.3,331.3,200.8,320.6,0.0,0.0,1.0,0.0,0.0,-0.04999999999998295,-3.141592653589793,0.015000000000000568,0.0,0.0,2.6179938779914944
ALFF5620ljk_9_00,62,1,1,222.6,310.5,259.5,331.3,241.05,320.9,0.0,0.0,1.0,0.0,0.0,0.0,0.0,0.007500000000000284,-0.015000000000000568,-1.1071487177940904,0.0
ALFF5620ljk_9_00,63,11,1,40.4,309.9,90.7,331.9,65.55,320.9,-0.20000000000000284,0.0,1.0,0.20000000000000284,3.141592653589793,0.0,0.0,-0.20000000000000284,0.0,3.141592653589793,0.0
ALFF5620ljk_9_00,63,10,0,121.6,0.2,160.5,22.3,141.05,11.25,-0.14999999999997726,-0.09999999999999964,1.0,0.18027756377318033,-2.5535900500421573,-0.22283532364172448,-2.677945044588923,0.08333333333333333,-0.016666666666666902,-0.1973955598498835,0.9341000130452296
ALFF5620ljk_9_00,63,3,1,260.7,309.9,299.2,331.3,279.95,320.6,0.4000000000000341,0.0,1.0,0.4000000000000341,0.0,-0.1500000000000341,-3.141592653589793,-0.25999999999999945,-0.029999999999998295,-3.0267160481729003,2.0943951023931953
ALFF5620ljk_9_00,63,2,1,185.3,309.9,216.8,331.3,201.05,320.6,0.25,0.0,1.0,0.25,0.0,0.25,0.0,0.02750000000000057,0.0,0.0,2.0943951023931953
ALFF5620ljk_9_00,63,1,1,222.5,310.5,275.3,331.9,248.9,321.2,7.849999999999994,0.30000000000001137,1.0,7.855730392522386,0.038197971630765305,7.855730392522386,0.038197971630765305,0.4,0.0,0.0,0.012732657210255101
ALFF5620ljk_9_00,64,11,1,40.4,309.9,90.5,331.9,65.45,320.9,-0.09999999999999432,0.0,1.0,0.09999999999999432,3.141592653589793,-0.10000000000000853,0.0,-0.14999999999999858,0.0,3.141592653589793,0.0
ALFF5620ljk_9_00,64,10,0,121.6,0.3,160.3,22.3,140.95,11.3,-0.10000000000002274,0.05000000000000071,1.0,0.11180339887501015,2.6779450445890722,-0.06847416489817018,-1.0516502125483564,0.037499999999994316,0.0,0.0,1.2846500838946817
ALFF5620ljk_9_00,64,3,1,260.7,309.9,299.5,331.3,280.1,320.6,0.1500000000000341,0.0,1.0,0.1500000000000341,0.0,-0.25,0.0,-0.25999999999999657,-0.029999999999998295,-3.026716048172899,2.0943951023931953
ALFF5620ljk_9_00,64,2,1,185.3,309.9,216.3,331.3,200.8,320.6,-0.25,0.0,1.0,0.25,3.141592653589793,0.0,3.141592653589793,0.020000000000000285,-0.014999999999997727,-0.6435011087932049,2.0943951023931953
ALFF5620ljk_9_00,64,1,1,222.8,311.1,259.3,331.3,241.05,321.20000000000005,-7.849999999999994,5.684341886080802e-14,1.0,7.849999999999994,3.141592653589786,-0.00573039252239127,3.1033946819590206,0.007500000000000284,2.842170943040401e-15,3.789561257387058e-13,1.0471975511965954
ALFF5620ljk_9_00,65,11,1,40.6,309.9,91.8,331.9,66.2,320.9,0.75,0.0,1.0,0.75,0.0,0.6500000000000057,-3.141592653589793,0.15000000000000094,0.0,0.0,1.0471975511965976
ALFF5620ljk_9_00,65,10,0,123.5,0.3,159.8,22.0,141.65,11.15,0.700000000000017,-0.15000000000000036,1.0,0.7158910531638344,-0.21109333322274207,0.6040876542888243,-2.8890383778118145,0.16999999999999887,-0.030000000000000072,-0.17467219900824124,2.206211211649698
ALFF5620ljk_9_00,65,2,1,186.2,310.5,216.0,331.3,201.1,320.9,0.29999999999998295,0.2999999999999545,1.0,0.42426406871188427,0.785398163397401,0.17426406871188427,-2.356194490192392,0.04249999999999972,-0.015000000000000568,-0.33929261445405867,1.8325957145940617
ALFF5620ljk_9_00,65,1,1,222.2,310.5,276.8,331.3,249.5,320.9,8.449999999999989,-0.3000000000000682,1.0,8.455323766716438,-0.03548805316368174,0.6053237667164435,3.1061046004261184,0.42249999999999943,0.0,0.0,2.0825657513386346
ALFF5620ljk_9_00,66,12,1,286.3,310.5,356.1,335.2,321.20000000000005,322.85,,,,0.0,0.0,0.0,0.0,,,0.0,0.0
ALFF5620ljk_9_00,66,11,1,40.6,309.9,91.8,331.9,66.2,320.9,0.0,0.0,1.0,0.0,0.0,-0.75,0.0,0.11250000000000071,0.0,0.0,1.0471975511965976
ALFF5620ljk_9_00,66,10,0,123.6,0.3,159.8,21.9,141.7,11.1,0.04999999999998295,-0.05000000000000071,1.0,0.07071067811864319,-0.7853981633976259,-0.6451803750451912,-0.5743048301748839,0.14999999999999622,-0.03333333333333351,-0.21866894587394844,1.504997806845018
ALFF5620ljk_9_00,66,2,1,186.2,310.5,216.0,331.3,201.1,320.9,0.0,0.0,1.0,0.0,0.0,-0.42426406871188427,-0.785398163397401,0.04249999999999972,0.0,0.0,2.0943951023931953
ALFF5620ljk_9_00,66,1,1,222.2,310.5,276.8,331.3,249.5,320.9,0.0,0.0,1.0,0.0,0.0,-8.455323766716438,0.03548805316368174,0.42249999999999943,0.0,0.0,2.0816624451829404
ALFF5620ljk_9_00,67,12,1,286.3,310.5,356.1,335.2,321.20000000000005,322.85,0.0,0.0,1.0,0.0,0.0,0.0,0.0,0.0,0.0,0.0,0.0
ALFF5620ljk_9_00,67,10,0,123.5,0.3,159.8,21.9,141.65,11.1,-0.04999999999998295,0.0,1.0,0.04999999999998295,3.141592653589793,-0.020710678118660245,-2.356194490192167,0.12142857142857062,-0.028571428571428723,-0.23109066719589974,1.939845899392955
ALFF5620ljk_9_00,67,2,1,186.2,310.5,216.0,331.3,201.1,320.9,0.0,0.0,1.0,0.0,0.0,0.0,0.0,0.027499999999999147,-0.015000000000000568,-0.4993467216801591,1.0471975511965976
ALFF5620ljk_9_00,67,1,1,222.2,310.5,276.8,331.3,249.5,320.9,0.0,0.0,1.0,0.0,0.0,0.0,0.0,0.43000000000000116,0.0,0.0,1.0471975511966
ALFF5620ljk_9_00,68,12,1,286.9,310.5,353.8,335.2,320.35,322.85,-0.8500000000000227,0.0,1.0,0.8500000000000227,3.141592653589793,0.8500000000000227,3.141592653589793,-0.42500000000001137,0.0,3.141592653589793,1.0471975511965976
ALFF5620ljk_9_00,68,10,0,123.5,0.3,159.8,21.9,141.65,11.1,0.0,0.0,1.0,0.0,0.0,-0.04999999999998295,-3.141592653589793,0.10624999999999929,-0.025000000000000133,-0.23109066719589977,2.0240306579856147
ALFF5620ljk_9_00,68,3,1,261.0,309.9,300.7,331.3,280.85,320.6,0.75,0.0,4.0,0.1875,0.0,0.009374999999991473,0.0,-0.1875,-0.029999999999998295,-2.9829373914034005,1.0471975511965976
ALFF5620ljk_9_00,68,2,1,186.2,310.5,216.0,331.3,201.1,320.9,0.0,0.0,1.0,0.0,0.0,0.0,0.0,0.04249999999999972,-0.015000000000000568,-0.33929261445405867,0.26179938779913364
ALFF5620ljk_9_00,68,1,1,222.2,310.5,276.8,331.3,249.5,320.9,0.0,0.0,1.0,0.0,0.0,0.0,0.0,0.42249999999999943,0.0,0.0,0.01182935105456058
ALFF5620ljk_9_00,69,12,1,287.2,310.5,354.1,335.2,320.65,322.85,0.2999999999999545,0.0,1.0,0.2999999999999545,0.0,-0.5500000000000682,-3.141592653589793,-0.18333333333335608,0.0,3.141592653589793,2.0943951023931953
ALFF5620ljk_9_00,69,10,0,123.5,0.3,159.8,21.9,141.65,11.1,0.0,0.0,1.0,0.0,0.0,0.0,0.0,0.09444444444444382,-0.02222222222222234,-0.23109066719589977,1.8325957145939864
ALFF5620ljk_9_00,69,2,1,186.2,310.5,216.0,331.3,201.1,320.9,0.0,0.0,1.0,0.0,0.0,0.0,0.0,0.027499999999999147,0.0,0.0,0.0
ALFF5620ljk_9_00,69,1,1,222.2,310.5,276.8,331.3,249.5,320.9,0.0,0.0,1.0,0.0,0.0,0.0,0.0,0.42249999999999943,0.0,0.0,0.0
ALFF5620ljk_9_00,70,12,1,287.2,310.5,354.1,335.2,320.65,322.85,0.0,0.0,1.0,0.0,0.0,-0.2999999999999545,0.0,-0.13750000000001705,0.0,3.141592653589793,2.0943951023931953
ALFF5620ljk_9_00,70,11,1,40.6,310.5,91.8,331.9,66.2,321.2,0.0,0.30000000000001137,4.0,0.07500000000000284,1.5707963267948966,0.01875000000000071,1.5707963267948966,0.09000000000000057,0.060000000000002274,0.5880026035475822,1.5707963267948966
ALFF5620ljk_9_00,70,10,0,123.5,0.3,159.8,21.9,141.65,11.1,0.0,0.0,1.0,0.0,0.0,0.0,0.0,0.08499999999999944,-0.020000000000000108,-0.23109066719589977,1.0471975511965974
ALFF5620ljk_9_00,70,2,1,186.2,310.5,216.0,331.3,201.1,320.9,0.0,0.0,1.0,0.0,0.0,0.0,0.0,0.027499999999999147,0.0,0.0,0.0
ALFF5620ljk_9_00,70,1,1,222.2,310.5,276.8,331.3,249.5,320.9,0.0,0.0,1.0,0.0,0.0,0.0,0.0,0.42249999999999943,0.0,0.0,0.0
ALFF5620ljk_9_00,71,12,1,286.9,310.5,353.8,335.2,320.35,322.85,-0.2999999999999545,0.0,1.0,0.2999999999999545,3.141592653589793,0.2999999999999545,3.141592653589793,-0.17000000000000454,0.0,3.141592653589793,2.0943951023931953
ALFF5620ljk_9_00,71,11,1,40.6,310.5,91.8,331.9,66.2,321.2,0.0,0.0,1.0,0.0,0.0,-0.07500000000000284,-1.5707963267948966,0.07500000000000047,0.0500000000000019,0.5880026035475823,1.0471975511965976
ALFF5620ljk_9_00,71,10,0,123.5,0.3,159.8,21.9,141.65,11.1,0.0,0.0,1.0,0.0,0.0,0.0,0.0,0.07727272727272676,-0.018181818181818278,-0.23109066719589977,0.0
ALFF5620ljk_9_00,71,2,1,186.2,310.5,216.0,331.3,201.1,320.9,0.0,0.0,1.0,0.0,0.0,0.0,0.0,0.027499999999999147,0.0,0.0,0.0
ALFF5620ljk_9_00,71,1,1,222.2,310.5,276.8,331.3,249.5,320.9,0.0,0.0,1.0,0.0,0.0,0.0,0.0,0.42249999999999943,0.0,0.0,0.0
ALFF5620ljk_9_00,72,12,1,286.9,310.5,353.2,335.2,320.04999999999995,322.85,-0.3000000000000682,0.0,1.0,0.3000000000000682,3.141592653589793,1.1368683772161603e-13,0.0,-0.19166666666668183,0.0,3.141592653589793,1.0471975511965976
ALFF5620ljk_9_00,72,11,1,40.6,310.5,92.0,331.9,66.3,321.2,0.09999999999999432,0.0,1.0,0.09999999999999432,0.0,0.09999999999999432,0.0,0.07857142857142817,0.04285714285714448,0.4993467216801482,1.0471975511965976
ALFF5620ljk_9_00,72,10,0,123.5,0.3,159.8,21.9,141.65,11.1,0.0,0.0,1.0,0.0,0.0,0.0,0.0,0.07083333333333286,-0.016666666666666757,-0.2310906671958998,0.0
ALFF5620ljk_9_00,72,2,1,186.2,310.5,216.0,331.3,201.1,320.9,0.0,0.0,1.0,0.0,0.0,0.0,0.0,0.027499999999999147,0.0,0.0,0.0
ALFF5620ljk_9_00,72,1,1,222.2,310.5,276.8,331.3,249.5,320.9,0.0,0.0,1.0,0.0,0.0,0.0,0.0,0.42249999999999943,0.0,0.0,0.0
ALFF5620ljk_9_00,73,12,1,286.9,310.5,353.2,335.2,320.04999999999995,322.85,0.0,0.0,1.0,0.0,0.0,-0.3000000000000682,-3.141592653589793,-0.16428571428572727,0.0,3.141592653589793,2.0943951023931953
ALFF5620ljk_9_00,73,11,1,40.6,310.5,91.8,331.9,66.2,321.2,-0.09999999999999432,0.0,1.0,0.09999999999999432,3.141592653589793,0.0,3.141592653589793,0.056250000000000355,0.03750000000000142,0.5880026035475822,1.5707963267948966
ALFF5620ljk_9_00,73,10,0,123.5,0.3,159.8,21.9,141.65,11.1,0.0,0.0,1.0,0.0,0.0,0.0,0.0,0.06538461538461494,-0.015384615384615467,-0.2310906671958998,0.0
ALFF5620ljk_9_00,73,2,1,186.2,310.5,216.0,331.3,201.1,320.9,0.0,0.0,1.0,0.0,0.0,0.0,0.0,0.027499999999999147,0.0,0.0,0.0
ALFF5620ljk_9_00,73,1,1,222.2,310.5,276.8,331.3,249.5,320.9,0.0,0.0,1.0,0.0,0.0,0.0,0.0,0.42249999999999943,0.0,0.0,0.0
ALFF5620ljk_9_00,74,12,1,286.0,310.5,356.3,334.7,321.15,322.6,1.1000000000000227,-0.25,1.0,1.12805141726787,-0.22347660114062856,1.12805141726787,-0.2234766011406286,-0.0062500000000085265,-0.03125,-1.7681918866450397,1.1216897515768072
ALFF5620ljk_9_00,74,11,1,40.6,310.5,91.6,331.9,66.1,321.2,-0.10000000000000853,0.0,1.0,0.10000000000000853,3.141592653589793,1.4210854715202004e-14,0.0,0.03888888888888826,0.033333333333334596,0.708626272127697,1.0471975511965976
ALFF5620ljk_9_00,74,10,0,123.0,0.3,159.6,22.0,141.3,11.15,-0.3499999999999943,0.05000000000000071,1.0,0.35355339059326824,2.999695598985625,0.35355339059326824,2.999695598985625,0.03571428571428571,-0.01071428571428574,-0.2914567944778678,0.999898532995208
ALFF5620ljk_9_00,74,2,1,186.2,310.5,216.0,331.3,201.1,320.9,0.0,0.0,1.0,0.0,0.0,0.0,0.0,0.027499999999999147,0.0,0.0,0.0
ALFF5620ljk_9_00,74,1,1,222.2,310.5,276.8,331.3,249.5,320.9,0.0,0.0,1.0,0.0,0.0,0.0,0.0,0.42249999999999943,0.0,0.0,0.0
ALFF5620ljk_9_00,75,11,1,40.6,310.5,91.6,331.9,66.1,321.2,0.0,0.0,1.0,0.0,0.0,-0.10000000000000853,-3.141592653589793,0.034999999999999434,0.030000000000001137,0.708626272127697,2.0943951023931953
ALFF5620ljk_9_00,75,10,0,123.0,0.2,159.6,22.0,141.3,11.1,0.0,-0.05000000000000071,1.0,0.05000000000000071,-1.5707963267948966,-0.3035533905932675,1.7126933813990652,0.03333333333333333,-0.013333333333333404,-0.38050637711236673,1.5707963267948966
ALFF5620ljk_9_00,75,2,1,186.2,310.5,216.0,331.3,201.1,320.9,0.0,0.0,1.0,0.0,0.0,0.0,0.0,0.027499999999999147,0.0,0.0,0.0
ALFF5620ljk_9_00,75,1,1,222.2,310.5,276.8,331.3,249.5,320.9,0.0,0.0,1.0,0.0,0.0,0.0,0.0,0.42249999999999943,0.0,0.0,0.0
ALFF5620ljk_9_00,76,10,0,123.0,0.2,159.6,22.0,141.3,11.1,0.0,0.0,1.0,0.0,0.0,-0.05000000000000071,1.5707963267948966,0.03125,-0.012500000000000067,-0.38050637711236673,2.0943951023931953
ALFF5620ljk_9_00,76,2,1,186.2,310.5,216.0,331.3,201.1,320.9,0.0,0.0,1.0,0.0,0.0,0.0,0.0,0.014999999999999148,0.0,0.0,0.0
ALFF5620ljk_9_00,76,1,1,222.2,310.5,276.8,331.3,249.5,320.9,0.0,0.0,1.0,0.0,0.0,0.0,0.0,1.3525000000000005,-0.0125,-0.009241881044819461,0.0
ALFF5620ljk_9_00,77,10,0,123.5,0.3,159.8,22.0,141.65,11.15,0.3499999999999943,0.05000000000000071,1.0,0.35355339059326824,0.14189705460416818,0.35355339059326824,0.1418970546041682,0.04999999999999966,-0.008823529411764727,-0.17467219900824124,1.1417955875993764
ALFF5620ljk_9_00,77,2,1,185.9,310.5,216.3,331.3,201.10000000000002,320.9,2.842170943040401e-14,0.0,1.0,2.842170943040401e-14,0.0,2.842170943040401e-14,0.0,0.015000000000000568,0.0,0.0,0.0
ALFF5620ljk_9_00,77,1,1,222.5,310.5,276.8,331.3,249.65,320.9,0.15000000000000568,0.0,1.0,0.15000000000000568,0.0,0.15000000000000568,0.0,0.22000000000000028,-0.015000000000000568,-0.06807645825800196,0.0
ALFF5620ljk_9_00,78,10,0,123.8,0.3,159.8,22.1,141.8,11.200000000000001,0.15000000000000568,0.05000000000000071,1.0,0.15811388300842458,0.3217505543966351,-0.19543950758484366,0.17985349979246693,0.05555555555555555,-0.005555555555555536,-0.09966865249116168,0.6308489603971769
ALFF5620ljk_9_00,78,2,1,185.9,310.5,216.3,331.3,201.10000000000002,320.9,0.0,0.0,1.0,0.0,0.0,-2.842170943040401e-14,0.0,0.015000000000000568,0.0,0.0,0.0
ALFF5620ljk_9_00,78,1,1,222.5,310.5,276.8,331.3,249.65,320.9,0.0,0.0,1.0,0.0,0.0,-0.15000000000000568,0.0,0.4299999999999997,0.0,0.0,0.0
ALFF5620ljk_9_00,79,12,1,286.9,310.5,354.4,335.2,320.65,322.85,-0.5,0.25,5.0,0.1118033988749895,2.677945044588987,-0.20324960367857609,2.9014216457296156,-0.06111111111111869,0.0,3.141592653589793,2.088830300153346
ALFF5620ljk_9_00,79,10,0,123.8,0.3,159.8,22.1,141.8,11.200000000000001,0.0,0.0,1.0,0.0,0.0,-0.15811388300842458,-0.3217505543966351,0.05263157894736842,-0.005263157894736824,-0.09966865249116169,0.21450036959775645
ALFF5620ljk_9_00,79,3,1,261.0,309.9,303.8,331.3,282.4,320.6,1.5499999999999545,0.0,11.0,0.14090909090908676,0.0,-0.0042355371900830215,0.0,-0.14499999999999885,-0.029999999999998295,-2.937574673997254,0.0
ALFF5620ljk_9_00,79,2,1,185.9,309.9,216.3,331.3,201.10000000000002,320.6,0.0,-0.2999999999999545,1.0,0.2999999999999545,-1.5707963267948966,0.2999999999999545,-1.5707963267948966,0.015000000000000568,0.0,0.0,0.5235987755982988
ALFF5620ljk_9_00,79,1,1,222.5,310.5,276.8,331.3,249.65,320.9,0.0,0.0,1.0,0.0,0.0,0.0,0.0,0.4299999999999997,0.0,0.0,0.0
ALFF5620ljk_9_00,80,15,1,140.1,310.8,178.0,331.6,159.05,321.20000000000005,,,,0.0,0.0,0.0,0.0,,,0.0,0.0
ALFF5620ljk_9_00,80,12,1,285.8,309.9,356.6,334.7,321.20000000000005,322.29999999999995,0.5500000000000682,-0.5500000000000682,1.0,0.7778174593052988,-0.7853981633974483,0.6660140604303093,2.819842099193151,0.0,-0.05500000000000682,-1.5707963267948966,1.981580115354465
ALFF5620ljk_9_00,80,10,0,124.3,0.3,159.8,22.1,142.05,11.200000000000001,0.25,0.0,1.0,0.25,0.0,0.25,0.0,0.0625,-0.004999999999999982,-0.07982998571223703,0.16720135139636705
ALFF5620ljk_9_00,80,3,1,260.7,309.9,304.0,331.9,282.35,320.9,-0.049999999999954525,0.2999999999999545,1.0,0.30413812651485866,1.7359450042094005,0.1632290356057719,1.7359450042094005,-0.1349999999999966,-0.015000000000000568,-3.0309354324158906,0.5786483347364668
ALFF5620ljk_9_00,80,2,1,185.9,309.9,216.3,331.3,201.10000000000002,320.6,0.0,0.0,1.0,0.0,0.0,-0.2999999999999545,1.5707963267948966,0.012500000000001421,0.0,0.0,1.0471975511965976
ALFF5620ljk_9_00,80,1,1,222.5,310.5,276.8,331.3,249.65,320.9,0.0,0.0,1.0,0.0,0.0,0.0,0.0,0.4299999999999997,0.0,0.0,0.0
ALFF5620ljk_9_00,81,15,1,140.1,310.8,178.0,331.6,159.05,321.20000000000005,0.0,0.0,1.0,0.0,0.0,0.0,0.0,0.0,0.0,0.0,0.0
ALFF5620ljk_9_00,81,12,1,286.0,309.9,356.3,334.7,321.15,322.29999999999995,-0.05000000000006821,0.0,1.0,0.05000000000006821,3.141592653589793,-0.7278174593052306,-2.356194490192345,-0.004545454545460747,-0.0500000000000062,-1.6614562139957536,2.692486078371704
ALFF5620ljk_9_00,81,10,0,124.5,0.3,159.9,22.1,142.2,11.200000000000001,0.14999999999997726,0.0,1.0,0.14999999999997726,0.0,-0.10000000000002274,0.0,0.06999999999999887,-0.004999999999999982,-0.07130746478529122,0.10725018479887806
ALFF5620ljk_9_00,81,3,1,260.7,309.9,301.8,331.3,281.25,320.6,-1.1000000000000227,-0.2999999999999545,1.0,1.1401754250991478,-2.8753406044389114,0.8360372985842892,1.6718996985312746,-0.20249999999999774,-0.029999999999998295,-2.994514298201397,1.1359482342468918
ALFF5620ljk_9_00,81,2,1,185.9,309.9,216.3,331.3,201.10000000000002,320.6,0.0,0.0,1.0,0.0,0.0,0.0,0.0,0.015000000000000568,0.0,0.0,1.0471975511965976
ALFF5620ljk_9_00,81,1,1,222.5,310.5,276.8,331.3,249.65,320.9,0.0,0.0,1.0,0.0,0.0,0.0,0.0,0.4299999999999997,0.0,0.0,0.0
ALFF5620ljk_9_00,82,15,1,140.1,310.5,178.0,331.9,159.05,321.2,0.0,-5.684341886080802e-14,1.0,5.684341886080802e-14,-1.5707963267948966,5.684341886080802e-14,-1.5707963267948966,0.0,-2.842170943040401e-14,-1.5707963267948966,0.5235987755982988
ALFF5620ljk_9_00,82,12,1,286.9,310.5,349.9,334.7,318.4,322.6,-2.75,0.3000000000000682,1.0,2.766315238724618,3.032931437749181,2.7163152387245497,-0.1086612158406122,-0.23333333333333903,-0.020833333333333332,-3.0525430709552976,1.7615659350753694
ALFF5620ljk_9_00,82,10,0,124.3,0.3,159.8,22.1,142.05,11.200000000000001,-0.14999999999997726,0.0,1.0,0.14999999999997726,3.141592653589793,0.0,3.141592653589793,0.042500000000001134,-0.007499999999999929,-0.1746721990082335,1.0471975511965974
ALFF5620ljk_9_00,82,3,1,260.7,309.9,302.1,331.3,281.4,320.6,0.14999999999997726,0.0,1.0,0.14999999999997726,0.0,-0.9901754250991706,2.8753406044389114,0.11999999999999886,0.0,0.0,2.0943951023931953
ALFF5620ljk_9_00,82,2,1,185.9,309.9,216.3,331.3,201.10000000000002,320.6,0.0,0.0,1.0,0.0,0.0,0.0,0.0,0.015000000000000568,0.0,0.0,0.5235987755982988
ALFF5620ljk_9_00,82,1,1,222.5,310.5,276.5,331.3,249.5,320.9,-0.15000000000000568,0.0,1.0,0.15000000000000568,3.141592653589793,0.15000000000000568,3.141592653589793,0.42249999999999943,0.0,0.0,1.0471975511965976
ALFF5620ljk_9_00,83,15,1,140.1,310.5,178.0,331.9,159.05,321.2,0.0,0.0,1.0,0.0,0.0,-5.684341886080802e-14,1.5707963267948966,0.0,-1.8947806286936004e-14,-1.5707963267948966,1.0471975511965976
ALFF5620ljk_9_00,83,12,1,287.2,310.5,349.6,334.7,318.4,322.6,0.0,0.0,1.0,0.0,0.0,-2.766315238724618,-3.032931437749181,-0.21538461538462064,-0.019230769230769232,-3.0525430709552976,1.832595714594046
ALFF5620ljk_9_00,83,10,0,123.9,0.3,159.9,22.0,141.9,11.15,-0.15000000000000568,-0.05000000000000071,1.0,0.15811388300842458,-2.819842099193158,0.008113883008447315,0.3217505543966353,0.04249999999999972,-0.004999999999999982,-0.11710874456686464,1.154447735995476
ALFF5620ljk_9_00,83,3,1,260.7,309.9,302.1,331.3,281.4,320.6,0.0,0.0,1.0,0.0,0.0,-0.14999999999997726,0.0,0.11999999999999886,-0.0024999999999977263,-0.020830320036198342,1.5157467676567287
ALFF5620ljk_9_00,83,2,1,185.8,309.9,216.4,331.3,201.10000000000002,320.6,0.0,0.0,1.0,0.0,0.0,0.0,0.0,0.0025000000000005686,0.0,0.0,0.0
ALFF5620ljk_9_00,83,1,1,222.5,310.5,276.5,331.3,249.5,320.9,0.0,0.0,1.0,0.0,0.0,-0.15000000000000568,-3.141592653589793,0.029999999999999714,-0.015000000000000568,-0.46364760900082513,2.0943951023931953
ALFF5620ljk_9_00,84,15,1,140.1,310.5,178.0,331.9,159.05,321.2,0.0,0.0,1.0,0.0,0.0,0.0,0.0,0.0,-1.4210854715202004e-14,-1.5707963267948966,1.0471975511965976
ALFF5620ljk_9_00,84,12,1,287.2,310.5,348.5,334.7,317.85,322.6,-0.5499999999999545,0.0,1.0,0.5499999999999545,3.141592653589793,0.5499999999999545,3.141592653589793,-0.2392857142857159,-0.017857142857142856,-3.067103863375912,2.0943951023931953
ALFF5620ljk_9_00,84,10,0,123.9,0.3,159.8,22.1,141.85000000000002,11.200000000000001,-0.04999999999998295,0.05000000000000071,1.0,0.07071067811864319,2.356194490192167,-0.08740320488978139,-1.1071487177942612,0.045000000000001705,-0.004999999999999982,-0.1106572211738911,1.5234973085935628
ALFF5620ljk_9_00,84,3,1,260.7,309.9,302.1,331.3,281.4,320.6,0.0,0.0,1.0,0.0,0.0,0.0,0.0,-0.04000000000000057,0.0,3.141592653589793,0.9584468681463036
ALFF5620ljk_9_00,84,2,1,185.8,309.9,216.4,331.3,201.10000000000002,320.6,0.0,0.0,1.0,0.0,0.0,0.0,0.0,0.015000000000000568,0.0,0.0,0.0
ALFF5620ljk_9_00,84,1,1,222.8,310.5,276.8,331.3,249.8,320.9,0.30000000000001137,0.0,1.0,0.30000000000001137,0.0,0.30000000000001137,0.0,0.4375,-0.01500000000000341,-0.0342722893508072,2.0943951023931953
ALFF5620ljk_9_00,85,15,1,140.0,311.1,178.3,331.3,159.15,321.20000000000005,0.09999999999999432,5.684341886080802e-14,1.0,0.09999999999999432,5.684341886081125e-13,0.09999999999999432,5.684341886081125e-13,0.019999999999998862,0.0,0.0,0.5235987755984883
ALFF5620ljk_9_00,85,12,1,285.5,310.5,356.9,335.2,321.2,322.85,3.349999999999966,0.25,1.0,3.3593154064481308,0.07448879021388248,2.8093154064481762,-3.0671038633759107,-3.789561257387201e-15,0.0,3.141592653589793,3.080542651571628
ALFF5620ljk_9_00,85,10,0,123.8,0.4,159.9,22.1,141.85,11.25,-2.842170943040401e-14,0.049999999999998934,1.0,0.049999999999998934,1.570796326795465,-0.020710678118644257,-0.7853981633967021,0.009999999999999431,0.004999999999999982,0.46364760900082747,0.738099145195866
ALFF5620ljk_9_00,85,3,1,260.7,309.9,301.8,331.3,281.25,320.6,-0.14999999999997726,0.0,1.0,0.14999999999997726,3.141592653589793,0.14999999999997726,3.141592653589793,0.09750000000000228,-0.0024999999999977263,-0.025635408521653576,1.0471975511965976
ALFF5620ljk_9_00,85,2,1,185.9,309.9,216.3,331.3,201.10000000000002,320.6,0.0,0.0,1.0,0.0,0.0,0.0,0.0,1.4210854715202005e-15,-0.014999999999997727,-1.5707963267948017,0.0
ALFF5620ljk_9_00,85,1,1,222.3,309.9,276.9,331.3,249.6,320.6,-0.20000000000001705,-0.2999999999999545,1.0,0.36055512754637054,-2.1587989303425736,0.060555127546359167,-2.1587989303425736,0.004999999999999716,-0.014999999999997727,-1.249045772398226,1.7667971946441223
ALFF5620ljk_9_00,86,15,1,140.2,312.5,178.5,331.6,159.35,322.05,0.19999999999998863,0.8499999999999659,1.0,0.8732124598286132,1.3397056595990031,0.7732124598286189,1.3397056595984347,0.04999999999999716,0.14166666666666097,1.231503712340857,0.4465685531996677
ALFF5620ljk_9_00,86,12,1,285.5,310.5,356.9,335.2,321.2,322.85,0.0,0.0,1.0,0.0,0.0,-3.3593154064481308,-0.07448879021388248,-3.552713678800501e-15,0.0,3.141592653589793,2.0943951023931953
ALFF5620ljk_9_00,86,10,0,123.3,0.4,159.9,22.0,141.6,11.2,-0.25,-0.05000000000000071,1.0,0.25495097567963937,-2.9441970937399096,0.20495097567964043,1.7681918866442123,-0.004999999999999716,0.004999999999999982,2.356194490192318,1.2202462559450582
ALFF5620ljk_9_00,86,3,1,260.7,309.9,301.8,331.3,281.25,320.6,0.0,0.0,1.0,0.0,0.0,-0.14999999999997726,-3.141592653589793,-0.04749999999999943,0.0,3.141592653589793,2.0943951023931953
ALFF5620ljk_9_00,86,2,1,185.9,309.9,216.3,331.3,201.10000000000002,320.6,0.0,0.0,1.0,0.0,0.0,0.0,0.0,1.4210854715202005e-15,-0.014999999999997727,-1.5707963267948017,0.0
ALFF5620ljk_9_00,86,1,1,222.3,309.9,276.9,331.3,249.6,320.6,0.0,0.0,1.0,0.0,0.0,-0.36055512754637054,2.1587989303425736,0.004999999999999716,-0.014999999999997727,-1.249045772398226,1.4391992868950492
ALFF5620ljk_9_00,87,15,1,140.1,312.5,178.3,331.6,159.2,322.05,-0.15000000000000568,0.0,1.0,0.15000000000000568,3.141592653589793,-0.7232124598286075,1.80188699399079,0.02142857142856818,0.12142857142856656,1.3961241277866758,1.0471975511965976
ALFF5620ljk_9_00,87,12,1,285.8,310.5,356.6,335.2,321.20000000000005,322.85,5.684341886080802e-14,0.0,1.0,5.684341886080802e-14,0.0,5.684341886080802e-14,0.0,0.0,0.0,0.0,1.0471975511965976
ALFF5620ljk_9_00,87,10,0,123.3,0.4,159.9,22.0,141.6,11.2,0.0,0.0,1.0,0.0,0.0,-0.25495097567963937,2.9441970937399096,-0.0025000000000005686,0.004999999999999982,2.034443935795795,1.8325957145936078
ALFF5620ljk_9_00,87,3,1,261.0,309.9,301.5,331.3,281.25,320.6,0.0,0.0,1.0,0.0,0.0,0.0,0.0,-0.034999999999999434,0.0,3.141592653589793,2.0943951023931953
ALFF5620ljk_9_00,87,2,1,185.9,309.9,216.3,331.3,201.10000000000002,320.6,0.0,0.0,1.0,0.0,0.0,0.0,0.0,1.4210854715202005e-15,-0.014999999999997727,-1.5707963267948017,0.0
ALFF5620ljk_9_00,87,1,1,222.5,309.9,277.0,331.3,249.75,320.6,0.15000000000000568,0.0,1.0,0.15000000000000568,0.0,0.15000000000000568,0.0,0.0125,-0.014999999999997727,-0.8760580505981187,1.4391992868950492
ALFF5620ljk_9_00,88,15,1,140.2,312.5,178.5,331.6,159.35,322.05,0.15000000000000568,0.0,1.0,0.15000000000000568,0.0,0.0,-3.141592653589793,0.03749999999999787,0.10624999999999574,1.2315037123408572,2.094395102393006
ALFF5620ljk_9_00,88,12,1,285.5,310.5,356.9,335.8,321.2,323.15,-5.684341886080802e-14,0.2999999999999545,1.0,0.2999999999999545,1.570796326795086,0.2999999999998977,1.570796326795086,-3.157967714489334e-15,0.01666666666666414,1.570796326795086,0.5484283723363228
ALFF5620ljk_9_00,88,10,0,123.3,0.4,159.9,22.0,141.6,11.2,0.0,0.0,1.0,0.0,0.0,0.0,0.0,-0.0025000000000005686,0.004999999999999982,2.034443935795795,1.5707963267947072
ALFF5620ljk_9_00,88,3,1,260.7,309.7,301.8,331.6,281.25,320.65,0.0,0.049999999999954525,1.0,0.049999999999954525,1.5707963267948966,0.049999999999954525,1.5707963267948966,0.08249999999999887,0.0,0.0,1.5707963267948966
ALFF5620ljk_9_00,88,2,1,185.9,309.9,216.0,331.3,200.95,320.6,-0.1500000000000341,0.0,1.0,0.1500000000000341,3.141592653589793,0.1500000000000341,3.141592653589793,-0.007500000000000284,-0.014999999999997727,-2.034443935795778,1.0471975511965976
ALFF5620ljk_9_00,88,1,1,222.3,309.9,276.9,331.3,249.6,320.6,-0.15000000000000568,0.0,1.0,0.15000000000000568,3.141592653589793,0.0,3.141592653589793,0.004999999999999716,-0.014999999999997727,-1.249045772398226,1.7667971946441223
ALFF5620ljk_9_00,89,15,1,140.1,312.8,178.3,331.9,159.2,322.35,-0.15000000000000568,0.30000000000001137,1.0,0.33541019662498117,2.0344439357957027,0.1854101966249755,2.0344439357957027,0.01666666666666414,0.12777777777777524,1.4410937896390013,2.3259745277920953
ALFF5620ljk_9_00,89,12,1,285.8,310.5,357.2,335.8,321.5,323.15,0.30000000000001137,0.0,1.0,0.30000000000001137,0.0,5.684341886080802e-14,-1.570796326795086,0.015789473684208133,0.015789473684208133,0.7853981633974483,1.047197551196724
ALFF5620ljk_9_00,89,10,0,123.0,0.3,159.8,22.0,141.4,11.15,-0.19999999999998863,-0.049999999999998934,1.0,0.20615528128087174,-2.8966139904629205,0.20615528128087174,-2.8966139904629205,-0.0125,0.0025000000000000356,2.9441970937399096,1.9469370280676097
ALFF5620ljk_9_00,89,3,1,260.7,309.7,302.3,331.6,281.5,320.65,0.25,0.0,1.0,0.25,0.0,0.20000000000004547,-1.5707963267948966,0.0125,0.0024999999999977263,0.19739555984970586,1.0471975511965976
ALFF5620ljk_9_00,89,2,1,185.9,309.9,216.0,331.3,200.95,320.6,0.0,0.0,1.0,0.0,0.0,-0.1500000000000341,-3.141592653589793,-0.007500000000000284,-0.014999999999997727,-2.034443935795778,2.0943951023931953
ALFF5620ljk_9_00,89,1,1,222.3,309.9,276.9,331.3,249.6,320.6,0.0,0.0,1.0,0.0,0.0,-0.15000000000000568,-3.141592653589793,0.004999999999999716,-0.014999999999997727,-1.249045772398226,2.0943951023931953
ALFF5620ljk_9_00,90,15,1,140.1,312.8,178.3,331.9,159.2,322.35,0.0,0.0,1.0,0.0,0.0,-0.33541019662498117,-2.0344439357957027,0.014999999999997727,0.11499999999999773,1.4410937896390013,2.403493508393733
ALFF5620ljk_9_00,90,12,1,285.5,310.5,356.9,335.2,321.2,322.85,-0.30000000000001137,-0.2999999999999545,1.0,0.4242640687119044,-2.3561944901924394,0.12426406871189305,-2.356194490192439,-2.842170943040401e-15,0.0,3.141592653589793,1.8325957145942038
ALFF5620ljk_9_00,90,10,0,123.2,0.4,159.8,21.9,141.5,11.149999999999999,0.09999999999999432,-1.7763568394002505e-15,1.0,0.09999999999999432,-1.7763568394003514e-14,-0.10615528128087742,2.8966139904629027,-0.007500000000000284,0.0024999999999999467,2.8198420991931687,1.9310759936419408
ALFF5620ljk_9_00,90,3,1,261.0,309.7,302.1,331.6,281.55,320.65,0.05000000000001137,0.0,1.0,0.05000000000001137,0.0,-0.19999999999998863,0.0,0.08499999999999944,0.0024999999999977263,0.029403288203978584,1.0471975511965976
ALFF5620ljk_9_00,90,2,1,185.9,310.5,216.0,331.3,200.95,320.9,0.0,0.2999999999999545,1.0,0.2999999999999545,1.5707963267948966,0.2999999999999545,1.5707963267948966,-0.007500000000000284,0.0,3.141592653589793,2.6179938779914944
ALFF5620ljk_9_00,90,1,1,222.5,309.9,277.0,331.3,249.75,320.6,0.15000000000000568,0.0,1.0,0.15000000000000568,0.0,0.15000000000000568,0.0,0.0125,-0.014999999999997727,-0.8760580505981187,2.0943951023931953
ALFF5620ljk_9_00,91,15,1,140.1,312.5,178.3,331.6,159.2,322.05,0.0,-0.30000000000001137,1.0,0.30000000000001137,-1.5707963267948966,0.30000000000001137,-1.5707963267948966,0.01363636363636157,0.07727272727272418,1.3961241277866758,1.879894732795434
ALFF5620ljk_9_00,91,12,1,285.5,310.5,356.9,335.2,321.2,322.85,0.0,0.0,1.0,0.0,0.0,-0.4242640687119044,2.356194490192439,-2.842170943040401e-15,0.0,3.141592653589793,2.0943951023933214
ALFF5620ljk_9_00,91,10,0,123.6,0.4,159.9,21.9,141.75,11.149999999999999,0.25,0.0,1.0,0.25,0.0,0.15000000000000568,1.7763568394003514e-14,0.004999999999999716,0.0024999999999999467,0.46364760900082036,1.9310759936419466
ALFF5620ljk_9_00,91,3,1,260.7,309.7,301.8,331.6,281.25,320.65,-0.30000000000001137,0.0,1.0,0.30000000000001137,3.141592653589793,0.25,3.141592653589793,0.08500000000000227,0.0024999999999977263,0.029403288203977605,1.5707963267948966
ALFF5620ljk_9_00,91,2,1,185.9,310.5,216.0,331.3,200.95,320.9,0.0,0.0,1.0,0.0,0.0,-0.2999999999999545,-1.5707963267948966,-0.007500000000000284,0.0,3.141592653589793,2.0943951023931953
ALFF5620ljk_9_00,91,1,1,222.2,309.9,276.8,331.3,249.5,320.6,-0.25,0.0,1.0,0.25,3.141592653589793,0.09999999999999432,3.141592653589793,0.0,-0.014999999999997727,-1.5707963267948966,2.0943951023931953
ALFF5620ljk_9_00,92,15,1,140.1,312.8,178.3,331.9,159.2,322.35,0.0,0.30000000000001137,1.0,0.30000000000001137,1.5707963267948966,0.0,3.141592653589793,0.012499999999998105,0.09583333333333144,1.4410937896390013,2.248944305393464
ALFF5620ljk_9_00,92,12,1,285.5,310.5,356.9,335.8,321.2,323.15,0.0,0.2999999999999545,1.0,0.2999999999999545,1.5707963267948966,0.2999999999999545,1.5707963267948966,0.042499999999998296,0.014999999999997727,0.3392926144540097,2.0943951023932583
ALFF5620ljk_9_00,92,10,0,123.5,0.4,159.8,22.0,141.65,11.2,-0.09999999999999432,0.05000000000000071,1.0,0.11180339887498472,2.6779450445889585,-0.13819660112501528,2.6779450445889585,0.0,0.004999999999999982,1.5707963267948966,1.8581863450172929
ALFF5620ljk_9_00,92,3,1,261.0,309.9,302.1,331.3,281.55,320.6,0.30000000000001137,-0.049999999999954525,1.0,0.30413812651491473,-0.1651486774144732,0.004138126514903362,2.97644397617532,0.10000000000000284,0.0,0.0,2.039345543255038
ALFF5620ljk_9_00,92,2,1,185.9,310.5,216.0,331.3,200.95,320.9,0.0,0.0,1.0,0.0,0.0,0.0,0.0,-0.007500000000000284,0.0,3.141592653589793,1.0471975511965976
ALFF5620ljk_9_00,92,1,1,222.6,309.9,276.9,331.3,249.75,320.6,0.25,0.0,1.0,0.25,0.0,0.0,-3.141592653589793,0.0125,-0.014999999999997727,-0.8760580505981187,2.0943951023931953
ALFF5620ljk_9_00,93,15,1,140.1,312.5,178.3,331.6,159.2,322.05,0.0,-0.30000000000001137,1.0,0.30000000000001137,-1.5707963267948966,0.0,-3.141592653589793,0.011538461538459789,0.06538461538461277,1.396124127786676,2.6179938779914944
ALFF5620ljk_9_00,93,12,1,285.6,310.5,356.6,335.8,321.1,323.15,-0.0999999999999659,0.0,1.0,0.0999999999999659,3.141592653589793,-0.19999999999998863,1.5707963267948966,0.022500000000002275,0.014999999999997727,0.5880026035474509,1.8325957145940774
ALFF5620ljk_9_00,93,10,0,123.6,0.4,159.8,21.9,141.7,11.149999999999999,0.04999999999998295,-0.05000000000000071,1.0,0.07071067811864319,-0.7853981633976259,-0.04109272075634153,2.8198420991930018,0.0024999999999991474,0.0024999999999999467,0.7853981633976082,1.8325957145939924
ALFF5620ljk_9_00,93,2,1,185.9,310.5,216.0,331.3,200.95,320.9,0.0,0.0,1.0,0.0,0.0,0.0,0.0,-0.007500000000000284,0.0,3.141592653589793,0.5235987755982988
ALFF5620ljk_9_00,93,1,1,222.5,309.9,277.0,331.3,249.75,320.6,0.0,0.0,1.0,0.0,0.0,-0.25,0.0,0.0125,-0.014999999999997727,-0.8760580505981187,2.0943951023931953
ALFF5620ljk_9_00,94,15,1,140.1,312.2,178.3,331.3,159.2,321.75,0.0,-0.30000000000001137,1.0,0.30000000000001137,-1.5707963267948966,0.0,0.0,0.01071428571428409,0.03928571428571104,1.3045442776439886,2.0943951023931953
ALFF5620ljk_9_00,94,12,1,285.6,310.5,356.6,335.8,321.1,323.15,0.0,0.0,1.0,0.0,0.0,-0.0999999999999659,-3.141592653589793,0.022500000000002275,0.014999999999997727,0.5880026035474509,2.0943951023931953
ALFF5620ljk_9_00,94,10,0,123.6,0.4,159.8,21.9,141.7,11.149999999999999,0.0,0.0,1.0,0.0,0.0,-0.07071067811864319,0.7853981633976258,0.019999999999998862,-8.881784197001253e-17,-4.440892098500879e-15,2.0943951023931953
ALFF5620ljk_9_00,94,2,1,185.9,310.5,216.0,331.3,200.95,320.9,0.0,0.0,1.0,0.0,0.0,0.0,0.0,-0.007500000000000284,0.0,3.141592653589793,0.0
ALFF5620ljk_9_00,94,1,1,222.5,309.9,277.0,331.3,249.75,320.6,0.0,0.0,1.0,0.0,0.0,0.0,0.0,0.0125,-0.014999999999997727,-0.8760580505981187,1.0471975511965976
ALFF5620ljk_9_00,95,15,1,140.1,312.2,178.3,331.3,159.2,321.75,0.0,0.0,1.0,0.0,0.0,-0.30000000000001137,1.5707963267948966,0.009999999999998484,0.036666666666663635,1.3045442776439886,1.5707963267948966
ALFF5620ljk_9_00,95,12,1,285.6,310.5,356.6,335.8,321.1,323.15,0.0,0.0,1.0,0.0,0.0,0.0,0.0,0.0375,0.014999999999997727,0.38050637711231267,1.5707963267948966
ALFF5620ljk_9_00,95,11,1,40.3,310.5,93.3,331.9,66.8,321.2,0.7000000000000028,0.0,20.0,0.03500000000000014,0.0,0.0017500000000000072,0.0,0.0954545454545452,0.027272727272728305,0.27829965900512205,1.0471975511965976
ALFF5620ljk_9_00,95,10,0,123.2,0.4,160.0,21.6,141.6,11.0,-0.09999999999999432,-0.14999999999999858,1.0,0.18027756377319512,-2.158798930342442,0.18027756377319512,-2.158798930342442,0.014999999999999148,-0.004999999999999982,-0.3217505543966582,1.9213463976443563
ALFF5620ljk_9_00,95,2,1,185.9,310.5,216.0,331.3,200.95,320.9,0.0,0.0,1.0,0.0,0.0,0.0,0.0,-0.007500000000000284,0.0,3.141592653589793,0.0
ALFF5620ljk_9_00,95,1,1,222.5,309.9,277.0,331.3,249.75,320.6,0.0,0.0,1.0,0.0,0.0,0.0,0.0,0.0125,-0.014999999999997727,-0.8760580505981187,0.0
ALFF5620ljk_9_00,96,15,1,140.1,312.2,178.3,331.9,159.2,322.04999999999995,0.0,0.2999999999999545,1.0,0.2999999999999545,1.5707963267948966,0.2999999999999545,1.5707963267948966,0.009374999999998579,0.053124999999994316,1.3961241277866645,1.0471975511965976
ALFF5620ljk_9_00,96,12,1,285.6,310.5,356.6,335.8,321.1,323.15,0.0,0.0,1.0,0.0,0.0,0.0,0.0,0.05250000000000341,0.014999999999997727,0.27829965900505416,1.0471975511965976
ALFF5620ljk_9_00,96,10,0,123.0,0.5,160.0,21.5,141.5,11.0,-0.09999999999999432,0.0,1.0,0.09999999999999432,3.141592653589793,-0.0802775637732008,-0.9827937232473513,0.009999999999999431,-0.004999999999999982,-0.46364760900082747,1.3089969389958063
ALFF5620ljk_9_00,96,3,1,261.0,309.9,301.5,331.3,281.25,320.6,-0.30000000000001137,0.0,4.0,0.07500000000000284,3.141592653589793,-0.05728453162872797,-2.97644397617532,0.057499999999998865,0.0,0.0,3.0314935353134778
ALFF5620ljk_9_00,96,2,1,185.9,310.5,216.0,331.3,200.95,320.9,0.0,0.0,1.0,0.0,0.0,0.0,0.0,-0.007500000000000284,0.0,3.141592653589793,0.0
ALFF5620ljk_9_00,96,1,1,222.5,309.9,277.0,331.3,249.75,320.6,0.0,0.0,1.0,0.0,0.0,0.0,0.0,0.0125,-0.014999999999997727,-0.8760580505981187,0.0
ALFF5620ljk_9_00,97,15,1,140.1,312.2,178.3,331.3,159.2,321.75,0.0,-0.2999999999999545,1.0,0.2999999999999545,-1.5707963267948966,0.0,-3.141592653589793,0.008823529411763368,0.03235294117646791,1.3045442776439886,2.0943951023931953
ALFF5620ljk_9_00,97,12,1,285.6,310.5,356.6,335.8,321.1,323.15,0.0,0.0,1.0,0.0,0.0,0.0,0.0,0.05250000000000341,0.014999999999997727,0.27829965900505416,0.0
ALFF5620ljk_9_00,97,10,0,123.0,0.4,160.0,21.5,141.5,10.95,0.0,-0.05000000000000071,1.0,0.05000000000000071,-1.5707963267948966,-0.049999999999993605,1.5707963267948968,-0.007500000000000284,-0.010000000000000054,-2.214297435588197,1.5707963267948966
ALFF5620ljk_9_00,97,3,1,261.0,309.9,301.2,331.3,281.1,320.6,-0.14999999999997726,0.0,1.0,0.14999999999997726,3.141592653589793,0.07499999999997442,0.0,0.05,0.0,0.0,1.98429598411688
ALFF5620ljk_9_00,97,2,1,185.9,310.5,216.0,331.3,200.95,320.9,0.0,0.0,1.0,0.0,0.0,0.0,0.0,-0.007500000000001705,0.0,3.141592653589793,0.0
ALFF5620ljk_9_00,97,1,1,222.3,309.9,276.9,331.3,249.6,320.6,-0.15000000000000568,0.0,1.0,0.15000000000000568,3.141592653589793,0.15000000000000568,3.141592653589793,-0.0025000000000005686,-0.014999999999997727,-1.7359450042095848,1.0471975511965976
ALFF5620ljk_9_00,98,15,1,140.1,312.2,178.3,331.3,159.2,321.75,0.0,0.0,1.0,0.0,0.0,-0.2999999999999545,1.5707963267948966,0.00833333333333207,0.03055555555555303,1.3045442776439886,2.0943951023931953
ALFF5620ljk_9_00,98,12,1,285.6,310.5,356.6,335.8,321.1,323.15,0.0,0.0,1.0,0.0,0.0,0.0,0.0,-0.0024999999999977263,0.027499999999997728,1.661456213995567,0.0
ALFF5620ljk_9_00,98,10,0,123.2,0.4,160.0,21.6,141.6,11.0,0.09999999999999432,0.05000000000000071,1.0,0.11180339887498472,0.46364760900083457,0.06180339887498401,2.034443935795731,-0.010000000000000852,-0.010000000000000054,-2.356194490192385,1.5293446619459925
ALFF5620ljk_9_00,98,3,1,261.0,309.9,301.8,331.3,281.4,320.6,0.2999999999999545,0.0,1.0,0.2999999999999545,0.0,0.14999999999997726,-3.141592653589793,0.09250000000000114,0.0,0.0,2.039345543255038
ALFF5620ljk_9_00,98,2,1,185.9,310.5,216.0,331.3,200.95,320.9,0.0,0.0,1.0,0.0,0.0,0.0,0.0,-0.007500000000001705,0.0,3.141592653589793,0.0
ALFF5620ljk_9_00,98,1,1,222.5,309.9,277.0,331.3,249.75,320.6,0.15000000000000568,0.0,1.0,0.15000000000000568,0.0,0.0,-3.141592653589793,0.004999999999999716,-0.014999999999997727,-1.249045772398226,2.0943951023931953
ALFF5620ljk_9_00,99,15,1,140.1,312.8,178.3,331.9,159.2,322.35,0.0,0.6000000000000227,1.0,0.6000000000000227,1.5707963267948966,0.6000000000000227,1.5707963267948966,0.007894736842104066,0.060526315789472485,1.4410937896390013,2.0943951023931953
ALFF5620ljk_9_00,99,12,1,285.6,310.5,356.6,335.8,321.1,323.15,0.0,0.0,1.0,0.0,0.0,0.0,0.0,0.022500000000002275,0.014999999999997727,0.5880026035474509,0.0
ALFF5620ljk_9_00,99,10,0,123.0,0.5,159.9,21.5,141.45,11.0,-0.15000000000000568,0.0,1.0,0.15000000000000568,3.141592653589793,0.03819660112502096,2.6779450445889585,-0.017500000000001136,-0.010000000000000054,-2.622446539343296,2.0943951023931953
ALFF5620ljk_9_00,99,3,1,261.0,309.9,301.8,331.3,281.4,320.6,0.0,0.0,1.0,0.0,0.0,-0.2999999999999545,0.0,0.07249999999999943,0.0,0.0,1.0471975511965976
ALFF5620ljk_9_00,99,2,1,185.9,309.9,216.0,331.3,200.95,320.6,0.0,-0.2999999999999545,1.0,0.2999999999999545,-1.5707963267948966,0.2999999999999545,-1.5707963267948966,-0.007500000000001705,0.0,3.141592653589793,0.5235987755982988
ALFF5620ljk_9_00,99,1,1,222.5,309.9,277.0,331.3,249.75,320.6,0.0,0.0,1.0,0.0,0.0,-0.15000000000000568,0.0,0.004999999999999716,-0.014999999999997727,-1.249045772398226,2.0943951023931953
ALFF5620ljk_9_00,100,15,1,140.1,312.5,178.3,331.6,159.2,322.05,0.0,-0.30000000000001137,1.0,0.30000000000001137,-1.5707963267948966,-0.30000000000001137,-3.141592653589793,0.0074999999999988635,0.042499999999998296,1.3961241277866758,2.0943951023931953
ALFF5620ljk_9_00,100,12,1,285.8,310.5,357.2,336.9,321.5,323.7,0.39999999999997726,0.5500000000000114,1.0,0.680073525436768,0.9420000403795005,0.680073525436768,0.9420000403795005,0.014999999999997727,0.0700000000000017,1.359702993572186,0.31400001345983347
ALFF5620ljk_9_00,100,10,0,123.0,0.5,159.9,21.5,141.45,11.0,0.0,0.0,1.0,0.0,0.0,-0.15000000000000568,-3.141592653589793,-0.030000000000001137,-0.010000000000000054,-2.8198420991931608,2.617993877991494
ALFF5620ljk_9_00,100,3,1,261.0,309.9,302.1,331.3,281.55,320.6,0.1500000000000341,0.0,1.0,0.1500000000000341,0.0,0.1500000000000341,0.0,0.07249999999999943,0.0,0.0,1.0471975511965976
ALFF5620ljk_9_00,100,2,1,185.9,310.5,216.0,331.3,200.95,320.9,0.0,0.2999999999999545,1.0,0.2999999999999545,1.5707963267948966,0.0,3.141592653589793,-0.007500000000001705,0.014999999999997727,2.034443935795854,1.5707963267948966
ALFF5620ljk_9_00,100,1,1,222.5,309.9,277.0,331.3,249.75,320.6,0.0,0.0,1.0,0.0,0.0,0.0,0.0,0.004999999999999716,-0.014999999999997727,-1.249045772398226,1.0471975511965976
ALFF5620ljk_9_00,101,15,1,93.4,311.1,179.0,335.8,136.2,323.45000000000005,-23.0,1.400000000000034,1.0,23.042569301186884,3.080798097715003,22.742569301186872,-1.631590882669687,-1.1425000000000012,0.1125,3.043440793001513,2.114659954351459
ALFF5620ljk_9_00,101,12,1,285.3,309.9,357.2,335.8,321.25,322.85,-0.25,-0.8499999999999659,1.0,0.8860022573334347,-1.8568477685122255,0.20592873189666672,-2.798847808891726,0.005000000000001137,0.02750000000000341,1.3909428270024,1.2469492830904088
ALFF5620ljk_9_00,101,10,0,123.3,0.4,159.8,21.8,141.55,11.1,0.10000000000002274,0.09999999999999964,1.0,0.14142135623732532,0.7853981633973328,0.14142135623732532,0.7853981633973328,-0.03249999999999886,-0.005000000000000071,-2.9889433251945206,2.201645287192028
ALFF5620ljk_9_00,101,3,1,260.4,309.9,300.4,331.3,280.4,320.6,-1.150000000000034,0.0,1.0,1.150000000000034,3.141592653589793,1.0,3.141592653589793,-0.022500000000002275,0.0,3.141592653589793,1.0471975511965976
ALFF5620ljk_9_00,101,2,1,185.6,310.5,216.0,331.3,200.8,320.9,-0.14999999999997726,0.0,1.0,0.14999999999997726,3.141592653589793,-0.14999999999997726,1.5707963267948966,-0.015000000000000568,0.014999999999997727,2.3561944901924394,2.0943951023931953
ALFF5620ljk_9_00,101,1,1,222.5,310.5,259.6,331.3,241.05,320.9,-8.699999999999989,0.2999999999999545,1.0,8.705170877128133,3.1071235525902905,8.705170877128133,3.1071235525902905,-0.4299999999999997,0.0,3.141592653589793,1.03570785086343
ALFF5620ljk_9_00,102,15,1,93.4,311.1,179.0,335.8,136.2,323.45000000000005,0.0,0.0,1.0,0.0,0.0,-23.042569301186884,-3.080798097715003,-1.1425000000000012,0.11250000000000285,3.04344079300151,2.6179938779914944
ALFF5620ljk_9_00,102,12,1,285.3,309.9,357.2,335.8,321.25,322.85,0.0,0.0,1.0,0.0,0.0,-0.8860022573334347,1.8568477685122255,0.14250000000000113,0.0125,0.08749534080239063,1.8658985392611507
ALFF5620ljk_9_00,102,10,0,122.5,0.4,160.2,21.6,141.35,11.0,-0.20000000000001705,-0.09999999999999964,1.0,0.22360679774999406,-2.6779450445890225,0.08218544151266874,2.819842099193231,-0.03500000000000085,-0.010000000000000054,-2.863292994584687,2.248944305393452
ALFF5620ljk_9_00,102,3,1,260.4,309.9,300.4,331.3,280.4,320.6,0.0,0.0,1.0,0.0,0.0,-1.150000000000034,-3.141592653589793,-0.1,0.0,3.141592653589793,2.0943951023931953
ALFF5620ljk_9_00,102,2,1,185.6,310.5,216.0,331.3,200.8,320.9,0.0,0.0,1.0,0.0,0.0,-0.14999999999997726,-3.141592653589793,-0.015000000000000568,0.014999999999997727,2.3561944901924394,2.6179938779914944
ALFF5620ljk_9_00,102,1,1,222.3,310.5,259.5,331.3,240.9,320.9,-0.15000000000000568,0.0,1.0,0.15000000000000568,3.141592653589793,-8.555170877128127,0.034469100999502615,-0.4299999999999997,0.0,3.141592653589793,1.0471975511965976
ALFF5620ljk_9_00,103,15,1,93.5,311.1,179.0,335.8,136.25,323.45000000000005,0.05000000000001137,0.0,1.0,0.05000000000001137,0.0,0.05000000000001137,0.0,-1.1400000000000006,0.11250000000000285,3.0432269319574217,1.5707963267948966
ALFF5620ljk_9_00,103,12,1,285.3,309.9,357.2,335.8,321.25,322.85,0.0,0.0,1.0,0.0,0.0,0.0,0.0,0.14250000000000113,0.0125,0.08749534080239063,1.551898525801317
ALFF5620ljk_9_00,103,10,0,123.0,0.4,159.6,21.8,141.3,11.1,-0.04999999999998295,0.09999999999999964,1.0,0.11180339887498154,2.0344439357955677,-0.11180339887501252,-1.5707963267949963,-0.029999999999999714,-0.0025000000000000356,-3.05845142170135,1.7253455297951863
ALFF5620ljk_9_00,103,3,1,260.4,309.9,300.4,331.3,280.4,320.6,0.0,0.0,1.0,0.0,0.0,0.0,0.0,-0.09750000000000228,-0.014999999999997727,-2.9889433251945543,2.0943951023931953
ALFF5620ljk_9_00,103,2,1,185.6,310.5,216.0,331.3,200.8,320.9,0.0,0.0,1.0,0.0,0.0,0.0,0.0,-0.015000000000000568,0.014999999999997727,2.3561944901924394,1.5707963267948966
ALFF5620ljk_9_00,103,1,1,222.3,310.5,259.5,331.3,240.9,320.9,0.0,0.0,1.0,0.0,0.0,-0.15000000000000568,-3.141592653589793,-0.4299999999999997,0.0,3.141592653589793,2.0943951023931953
ALFF5620ljk_9_00,104,15,1,93.4,311.1,179.0,335.8,136.2,323.45000000000005,-0.05000000000001137,0.0,1.0,0.05000000000001137,3.141592653589793,0.0,3.141592653589793,-1.1425000000000012,0.11250000000000285,3.04344079300151,2.074130250434932
ALFF5620ljk_9_00,104,12,1,285.3,309.9,357.2,335.8,321.25,322.85,0.0,0.0,1.0,0.0,0.0,0.0,0.0,0.16999999999999887,0.0125,0.07339732590161213,0.6189492561707418
ALFF5620ljk_9_00,104,10,0,123.0,0.4,160.2,21.9,141.6,11.149999999999999,0.29999999999998295,0.049999999999998934,1.0,0.30413812651489397,0.1651486774146326,0.19233472763991244,-1.869295258380935,-0.012500000000001421,-0.0025000000000001245,-2.9441970937399247,2.0866445614563873
ALFF5620ljk_9_00,104,3,1,260.4,309.9,300.4,331.3,280.4,320.6,0.0,0.0,1.0,0.0,0.0,0.0,0.0,-0.042500000000001134,0.0,3.141592653589793,1.0471975511965976
ALFF5620ljk_9_00,104,2,1,185.6,310.5,216.0,331.3,200.8,320.9,0.0,0.0,1.0,0.0,0.0,0.0,0.0,-0.015000000000000568,0.014999999999997727,2.3561944901924394,1.0471975511965976
ALFF5620ljk_9_00,104,1,1,222.3,310.5,259.5,331.3,240.9,320.9,0.0,0.0,1.0,0.0,0.0,0.0,0.0,-0.4450000000000003,0.0,3.141592653589793,1.0586872515297652
ALFF5620ljk_9_00,105,15,1,93.4,311.1,179.0,335.8,136.2,323.45000000000005,0.0,0.0,1.0,0.0,0.0,-0.05000000000001137,-3.141592653589793,-1.1475000000000009,0.1125,3.0438657462310745,2.0943951023931953
ALFF5620ljk_9_00,105,12,1,285.3,309.9,357.2,335.8,321.25,322.85,0.0,0.0,1.0,0.0,0.0,0.0,0.0,0.0025000000000005686,0.0,0.0,0.0
ALFF5620ljk_9_00,105,10,0,123.0,0.4,160.2,21.9,141.6,11.149999999999999,0.0,0.0,1.0,0.0,0.0,-0.30413812651489397,-0.1651486774146326,-0.0125,-0.005000000000000071,-2.7610862764774233,1.2017467541968543
ALFF5620ljk_9_00,105,3,1,260.4,309.9,300.9,331.3,280.65,320.6,0.25,0.0,1.0,0.25,0.0,0.25,0.0,-0.0375,0.0,3.141592653589793,0.0
ALFF5620ljk_9_00,105,2,1,185.6,310.5,216.0,331.3,200.8,320.9,0.0,0.0,1.0,0.0,0.0,0.0,0.0,-0.015000000000000568,0.014999999999997727,2.3561944901924394,0.0
ALFF5620ljk_9_00,105,1,1,222.5,310.5,259.6,331.3,241.05,320.9,0.15000000000000568,0.0,1.0,0.15000000000000568,0.0,0.15000000000000568,0.0,-0.42749999999999916,0.014999999999997727,3.106519323056573,1.0471975511965976
ALFF5620ljk_9_00,106,15,1,93.5,311.1,179.0,335.8,136.25,323.45000000000005,0.05000000000001137,0.0,1.0,0.05000000000001137,0.0,0.05000000000001137,0.0,-1.1549999999999998,0.0700000000000017,3.0810606338076845,2.0943951023931953
ALFF5620ljk_9_00,106,12,1,285.8,309.9,357.2,335.8,321.5,322.85,0.25,0.0,1.0,0.25,0.0,0.25,0.0,0.015000000000000568,0.0,0.0,0.0
ALFF5620ljk_9_00,106,10,0,123.2,0.4,159.9,21.9,141.55,11.149999999999999,-0.04999999999998295,0.0,1.0,0.04999999999998295,3.141592653589793,0.04999999999998295,3.141592653589793,-0.0024999999999991474,-0.0025000000000000356,-2.356194490192167,1.72534552979512
ALFF5620ljk_9_00,106,3,1,260.4,309.9,300.4,331.3,280.4,320.6,-0.25,0.0,1.0,0.25,3.141592653589793,0.0,3.141592653589793,-0.05,0.0,3.141592653589793,1.0471975511965976
ALFF5620ljk_9_00,106,2,1,185.9,309.9,216.0,331.3,200.95,320.6,0.14999999999997726,-0.2999999999999545,1.0,0.3354101966249176,-1.1071487177940904,0.3354101966249176,-1.1071487177940904,-0.007500000000001705,0.0,3.141592653589793,0.3690495725980301
ALFF5620ljk_9_00,106,1,1,222.5,310.5,259.6,331.3,241.05,320.9,0.0,0.0,1.0,0.0,0.0,-0.15000000000000568,0.0,-0.42749999999999916,0.014999999999997727,3.106519323056573,0.0
ALFF5620ljk_9_00,107,15,1,93.4,311.1,178.9,335.8,136.15,323.45000000000005,-0.09999999999999432,0.0,1.0,0.09999999999999432,3.141592653589793,0.04999999999998295,3.141592653589793,-1.1524999999999992,0.0700000000000017,3.080929649461063,2.0943951023931953
ALFF5620ljk_9_00,107,10,0,123.0,0.4,160.2,21.9,141.6,11.149999999999999,0.04999999999998295,0.0,1.0,0.04999999999998295,0.0,0.0,-3.141592653589793,0.0,-0.0025000000000000356,-1.5707963267948966,2.149444661531406
ALFF5620ljk_9_00,107,3,1,260.4,309.9,301.2,331.3,280.79999999999995,320.6,0.39999999999997726,0.0,1.0,0.39999999999997726,0.0,0.14999999999997726,-3.141592653589793,-0.030000000000001137,0.0,3.141592653589793,2.0943951023931953
ALFF5620ljk_9_00,107,2,1,185.9,310.5,215.7,331.3,200.8,320.9,-0.14999999999997726,0.2999999999999545,1.0,0.3354101966249176,2.0344439357957027,0.0,3.141592653589793,-0.015000000000000568,0.014999999999997727,2.3561944901924394,1.416247123794628
ALFF5620ljk_9_00,107,1,1,222.5,310.5,259.6,331.3,241.05,320.9,0.0,0.0,1.0,0.0,0.0,0.0,0.0,-0.43499999999999944,0.014999999999997727,3.1071235525902905,0.0
ALFF5620ljk_9_00,108,15,1,93.5,311.1,179.0,335.8,136.25,323.45000000000005,0.09999999999999432,0.0,1.0,0.09999999999999432,0.0,0.0,-3.141592653589793,-1.1549999999999998,0.0700000000000017,3.0810606338076845,2.0943951023931953
ALFF5620ljk_9_00,108,10,0,122.9,0.4,160.0,21.9,141.45,11.149999999999999,-0.15000000000000568,0.0,1.0,0.15000000000000568,3.141592653589793,0.10000000000002274,3.141592653589793,-0.007500000000000284,-0.0025000000000000356,-2.819842099193158,3.141592653589793
ALFF5620ljk_9_00,108,3,1,260.7,309.9,300.1,331.3,280.4,320.6,-0.39999999999997726,0.0,1.0,0.39999999999997726,3.141592653589793,0.0,3.141592653589793,-0.042500000000001134,0.0,3.141592653589793,3.141592653589793
ALFF5620ljk_9_00,108,2,1,186.2,309.9,216.0,331.3,201.1,320.6,0.29999999999998295,-0.2999999999999545,1.0,0.42426406871188427,-0.785398163397401,0.08885387208696666,-2.819842099193104,0.007500000000000284,0.0,0.0,2.3561944901923293
ALFF5620ljk_9_00,108,1,1,222.5,309.9,259.6,331.3,241.05,320.6,0.0,-0.2999999999999545,1.0,0.2999999999999545,-1.5707963267948966,0.2999999999999545,-1.5707963267948966,-0.42749999999999916,0.0,3.141592653589793,0.5235987755982988
ALFF5620ljk_9_00,109,15,1,93.4,311.1,178.9,335.8,136.15,323.45000000000005,-0.09999999999999432,0.0,1.0,0.09999999999999432,3.141592653589793,0.0,3.141592653589793,-1.1524999999999992,0.05500000000000114,3.0939064894041763,3.141592653589793
ALFF5620ljk_9_00,109,10,0,122.8,0.4,160.0,22.0,141.4,11.2,-0.04999999999998295,0.05000000000000071,1.0,0.07071067811864319,2.356194490192167,-0.07928932188136249,-0.7853981633976258,0.0,0.0024999999999999467,1.5707963267948966,2.356194490192404
ALFF5620ljk_9_00,109,3,1,260.7,309.9,299.2,331.3,279.95,320.6,-0.44999999999998863,0.0,1.0,0.44999999999998863,3.141592653589793,0.05000000000001137,0.0,-0.06500000000000057,0.0,3.141592653589793,2.0943951023931953
ALFF5620ljk_9_00,109,2,1,186.2,309.9,216.0,331.3,201.1,320.6,0.0,0.0,1.0,0.0,0.0,-0.42426406871188427,0.785398163397401,0.007500000000000284,0.0,0.0,2.2489443053934326
ALFF5620ljk_9_00,109,1,1,222.2,309.9,276.2,331.3,249.2,320.6,8.149999999999977,0.0,1.0,8.149999999999977,0.0,7.850000000000023,1.5707963267948966,-0.020000000000000285,0.0,3.141592653589793,1.0471975511965976
ALFF5620ljk_9_00,110,15,1,93.4,311.1,178.9,335.8,136.15,323.45000000000005,0.0,0.0,1.0,0.0,0.0,-0.09999999999999432,-3.141592653589793,-1.1524999999999992,0.05500000000000114,3.0939064894041763,3.141592653589793
ALFF5620ljk_9_00,110,12,1,303.8,310.8,356.6,335.5,330.20000000000005,323.15,8.700000000000045,0.2999999999999545,4.0,2.1762927192820474,0.034469100999502615,0.48157317982051184,0.03446910099950261,0.45,0.014999999999997727,0.03332099587824215,0.011489700333167535
ALFF5620ljk_9_00,110,10,0,122.8,0.4,159.9,22.0,141.35,11.2,-0.05000000000001137,0.0,1.0,0.05000000000001137,3.141592653589793,-0.020710678118631823,0.7853981633976258,-0.007500000000000284,0.0025000000000000356,2.819842099193158,1.5707963267950147
ALFF5620ljk_9_00,110,3,1,260.7,309.7,299.0,331.6,279.85,320.65,-0.0999999999999659,0.049999999999954525,1.0,0.11180339887493865,2.6779450445892143,-0.33819660112505,-0.4636476090005789,-0.06999999999999887,0.0024999999999977263,3.105893540910501,1.2017467541967906
ALFF5620ljk_9_00,110,2,1,185.6,310.5,216.0,331.3,200.8,320.9,-0.29999999999998295,0.2999999999999545,1.0,0.42426406871188427,2.356194490192392,0.42426406871188427,2.356194490192392,-0.0074999999999988635,0.0,3.141592653589793,1.987144917594299
ALFF5620ljk_9_00,110,1,1,222.2,309.9,276.8,331.3,249.5,320.6,0.30000000000001137,0.0,1.0,0.30000000000001137,0.0,-7.849999999999966,0.0,-0.0125,0.0,3.141592653589793,1.0471975511965976
ALFF5620ljk_9_00,111,15,1,93.4,311.1,178.9,335.8,136.15,323.45000000000005,0.0,0.0,1.0,0.0,0.0,0.0,0.0,-1.1524999999999992,0.0700000000000017,3.080929649461063,2.0943951023931953
ALFF5620ljk_9_00,111,12,1,285.9,310.2,357.8,335.5,321.85,322.85,-8.350000000000023,-0.2999999999999545,1.0,8.355387483534223,-3.1056799569752345,6.179094764252175,-3.140149057974737,0.03250000000000171,-0.014999999999997727,-0.43240777557046023,1.0582060529914132
ALFF5620ljk_9_00,111,10,0,123.0,0.4,159.8,21.9,141.4,11.149999999999999,0.05000000000001137,-0.05000000000000071,1.0,0.0707106781186633,-0.7853981633973418,0.020710678118651932,2.3561944901924514,-0.017499999999999717,0.0,3.141592653589793,1.3089969389959009
ALFF5620ljk_9_00,111,3,1,260.7,309.9,299.2,331.3,279.95,320.6,0.0999999999999659,-0.049999999999954525,1.0,0.11180339887493865,-0.4636476090005788,0.0,-3.141592653589793,-0.06500000000000057,-0.0024999999999977263,-3.1031500635686404,1.2017467541967906
ALFF5620ljk_9_00,111,2,1,186.2,309.9,216.0,331.3,201.1,320.6,0.29999999999998295,-0.2999999999999545,1.0,0.42426406871188427,-0.785398163397401,0.0,-3.141592653589793,0.007500000000000284,-0.014999999999997727,-1.1071487177940147,2.0943951023931953
ALFF5620ljk_9_00,111,1,1,222.5,309.9,275.9,331.3,249.2,320.6,-0.30000000000001137,0.0,1.0,0.30000000000001137,3.141592653589793,0.0,3.141592653589793,-0.015000000000000568,0.0,3.141592653589793,1.5707963267948966
ALFF5620ljk_9_00,112,15,1,94.4,309.9,178.9,335.8,136.65,322.85,0.5,-0.6000000000000227,1.0,0.781024967590683,-0.876058050598212,0.781024967590683,-0.876058050598212,-1.127499999999999,0.025,3.119423337216494,1.3392169013960018
ALFF5620ljk_9_00,112,12,1,285.8,310.5,357.2,335.8,321.5,323.15,-0.35000000000002274,0.2999999999999545,1.0,0.46097722286463205,2.4329663814622298,-7.8944102606695905,-0.7445389687421219,0.0,0.0,0.0,1.3063857092387872
ALFF5620ljk_9_00,112,10,0,123.0,0.4,160.0,21.8,141.5,11.1,0.09999999999999432,-0.049999999999998934,1.0,0.11180339887498393,-0.46364760900082036,0.04109272075632063,0.3217505543965215,-0.007500000000000284,-0.004999999999999982,-2.553590050042245,1.1544477359955325
ALFF5620ljk_9_00,112,3,1,260.4,309.9,298.4,331.3,279.4,320.6,-0.5500000000000114,0.0,1.0,0.5500000000000114,3.141592653589793,0.43819660112507275,-2.6779450445892143,-0.10500000000000113,-0.0024999999999977263,-3.117787627404745,2.0943951023931953
ALFF5620ljk_9_00,112,2,1,185.9,310.5,215.7,331.3,200.8,320.9,-0.29999999999998295,0.2999999999999545,1.0,0.42426406871188427,2.356194490192392,0.0,3.141592653589793,-0.0074999999999988635,0.0,3.141592653589793,2.8797932657906595
ALFF5620ljk_9_00,112,1,1,222.8,309.9,259.3,331.3,241.05,320.6,-8.149999999999977,0.0,1.0,8.149999999999977,3.141592653589793,7.849999999999966,0.0,-0.43499999999999944,0.0,3.141592653589793,1.0471975511965976
ALFF5620ljk_9_00,113,15,1,94.4,309.9,178.9,335.8,136.65,322.85,0.0,0.0,1.0,0.0,0.0,-0.781024967590683,0.876058050598212,-1.127499999999999,0.04000000000000057,3.1061308075937735,0.584038700398808
ALFF5620ljk_9_00,113,12,1,285.8,310.5,357.2,335.8,321.5,323.15,0.0,0.0,1.0,0.0,0.0,-0.46097722286463205,-2.4329663814622298,0.015000000000000568,0.014999999999997727,0.7853981633973537,2.105884802726363
ALFF5620ljk_9_00,113,10,0,123.3,0.4,160.3,21.7,141.8,11.049999999999999,0.30000000000001137,-0.05000000000000071,1.0,0.30413812651492234,-0.165148677414623,0.19233472763993842,0.29849893158619734,0.005000000000001137,-0.004999999999999982,-0.7853981633973328,0.9921479920583898
ALFF5620ljk_9_00,113,3,1,260.4,309.9,298.4,331.3,279.4,320.6,0.0,0.0,1.0,0.0,0.0,-0.5500000000000114,-3.141592653589793,-0.1075000000000017,-0.0024999999999977263,-3.1183410307793515,2.9870434505896006
ALFF5620ljk_9_00,113,2,1,185.9,310.5,216.0,331.3,200.95,320.9,0.14999999999997726,0.0,1.0,0.14999999999997726,0.0,-0.274264068711907,-2.356194490192392,0.0,0.0,0.0,2.8797932657906595
ALFF5620ljk_9_00,113,1,1,222.8,309.9,259.3,331.3,241.05,320.6,0.0,0.0,1.0,0.0,0.0,-8.149999999999977,-3.141592653589793,-0.43499999999999944,0.0,3.141592653589793,2.0943951023931953
ALFF5620ljk_9_00,114,15,1,94.4,309.9,178.9,335.8,136.65,322.85,0.0,0.0,1.0,0.0,0.0,0.0,0.0,-1.127499999999999,0.05500000000000114,3.0928508022798606,0.584038700398808
ALFF5620ljk_9_00,114,12,1,303.8,311.1,356.6,335.8,330.20000000000005,323.45000000000005,8.700000000000045,0.3000000000000682,1.0,8.705170877128193,0.03446910099951567,8.705170877128193,0.03446910099951565,0.45000000000000284,0.030000000000001137,0.0665681637758259,1.070658150401289
ALFF5620ljk_9_00,114,10,0,122.6,0.5,160.7,21.5,141.64999999999998,11.0,-0.1500000000000341,-0.049999999999998934,1.0,0.15811388300845097,-2.8198420991932256,-0.14602424350647136,-2.6546934217786027,-0.0025000000000005686,-0.007499999999999929,-1.8925468811916097,1.0916476359204401
ALFF5620ljk_9_00,114,3,1,260.4,309.9,298.7,331.3,279.54999999999995,320.6,0.14999999999997726,0.0,1.0,0.14999999999997726,0.0,0.14999999999997726,0.0,-0.08500000000000227,-0.0024999999999977263,-3.1121893653858157,1.9398458993930026
ALFF5620ljk_9_00,114,2,1,185.9,310.5,216.0,331.3,200.95,320.9,0.0,0.0,1.0,0.0,0.0,-0.14999999999997726,0.0,0.0,0.0,0.0,1.8325957145940617
ALFF5620ljk_9_00,114,1,1,222.8,309.9,259.3,331.3,241.05,320.6,0.0,0.0,1.0,0.0,0.0,0.0,0.0,-0.43499999999999944,0.0,3.141592653589793,1.0471975511965976
ALFF5620ljk_9_00,115,15,1,94.9,309.9,178.9,335.8,136.9,322.85,0.25,0.0,1.0,0.25,0.0,0.25,0.0,-1.114999999999999,0.05500000000000114,3.0923052485969413,0.292019350199404
ALFF5620ljk_9_00,115,12,1,303.8,311.1,356.6,335.8,330.20000000000005,323.45000000000005,0.0,0.0,1.0,0.0,0.0,-8.705170877128193,-0.03446910099951565,0.45000000000000284,0.01500000000000341,0.03332099587825456,0.833968194487087
ALFF5620ljk_9_00,115,10,0,122.6,0.5,160.6,21.4,141.6,10.95,-0.04999999999998295,-0.05000000000000071,1.0,0.07071067811864319,-2.356194490192167,-0.08740320488980778,0.46364760900105845,0.0,-0.0025000000000000356,-1.5707963267948966,1.1389466541219526
ALFF5620ljk_9_00,115,3,1,260.4,309.9,298.7,331.3,279.54999999999995,320.6,0.0,0.0,1.0,0.0,0.0,-0.14999999999997726,0.0,-0.10000000000000284,0.0,3.141592653589793,1.0471975511965976
ALFF5620ljk_9_00,115,2,1,185.9,310.5,216.0,331.3,200.95,320.9,0.0,0.0,1.0,0.0,0.0,0.0,0.0,0.0,0.0,0.0,0.7853981633974639
ALFF5620ljk_9_00,115,1,1,222.8,309.9,259.3,331.3,241.05,320.6,0.0,0.0,1.0,0.0,0.0,0.0,0.0,-0.43499999999999944,0.0,3.141592653589793,1.0471975511965976
ALFF5620ljk_9_00,116,15,1,94.8,309.9,178.9,335.8,136.85,322.85,-0.05000000000001137,0.0,1.0,0.05000000000001137,3.141592653589793,-0.19999999999998863,3.141592653589793,-1.1174999999999997,0.04000000000000341,3.105813745187686,1.0471975511965976
ALFF5620ljk_9_00,116,12,1,303.8,311.1,356.6,335.8,330.20000000000005,323.45000000000005,0.0,0.0,1.0,0.0,0.0,0.0,0.0,0.4550000000000011,0.01500000000000341,0.032955097614305526,0.02297940066634377
ALFF5620ljk_9_00,116,10,0,122.6,0.5,160.6,21.5,141.6,11.0,0.0,0.05000000000000071,1.0,0.05000000000000071,1.5707963267948966,-0.02071067811864248,-2.3561944901925225,0.004999999999999716,0.0,0.0,1.824845173657394
ALFF5620ljk_9_00,116,3,1,260.4,309.9,298.4,331.3,279.4,320.6,-0.14999999999997726,0.0,1.0,0.14999999999997726,3.141592653589793,0.14999999999997726,3.141592653589793,-0.09250000000000114,0.0,3.141592653589793,1.0471975511965976
ALFF5620ljk_9_00,116,2,1,185.9,310.5,216.0,331.3,200.95,320.9,0.0,0.0,1.0,0.0,0.0,0.0,0.0,0.0,0.0,0.0,0.0
ALFF5620ljk_9_00,116,1,1,222.8,309.9,259.3,331.3,241.05,320.6,0.0,0.0,1.0,0.0,0.0,0.0,0.0,-0.43499999999999944,0.0,3.141592653589793,0.0
ALFF5620ljk_9_00,117,15,1,94.2,309.9,178.9,335.8,136.55,322.85,-0.29999999999998295,0.0,1.0,0.29999999999998295,3.141592653589793,0.24999999999997158,0.0,-1.132499999999999,0.05500000000000114,3.093065659664963,1.0471975511965976
ALFF5620ljk_9_00,117,12,1,285.8,310.5,357.2,335.8,321.5,323.15,-8.700000000000045,-0.3000000000000682,1.0,8.705170877128193,-3.1071235525902776,8.705170877128193,-3.1071235525902776,0.019999999999998862,0.0,0.0,1.0471975511965976
ALFF5620ljk_9_00,117,10,0,122.6,0.5,160.7,21.5,141.64999999999998,11.0,0.04999999999998295,0.0,1.0,0.04999999999998295,0.0,-1.7763568394002505e-14,-1.5707963267948966,0.0074999999999988635,0.0025000000000000356,0.3217505543966919,1.4635461419961588
ALFF5620ljk_9_00,117,3,1,260.4,309.4,298.4,331.3,279.4,320.35,0.0,-0.25,1.0,0.25,-1.5707963267948966,0.10000000000002274,1.5707963267948968,-0.08500000000000227,-0.0125,-2.9955803958785214,1.5707963267948966
ALFF5620ljk_9_00,117,2,1,185.9,310.5,216.0,331.3,200.95,320.9,0.0,0.0,1.0,0.0,0.0,0.0,0.0,0.0,0.0,0.0,0.0
ALFF5620ljk_9_00,117,1,1,222.8,309.9,259.3,331.3,241.05,320.6,0.0,0.0,1.0,0.0,0.0,0.0,0.0,-0.42749999999999916,0.0,3.141592653589793,0.0
ALFF5620ljk_9_00,118,15,1,94.2,309.9,178.9,335.8,136.55,322.85,0.0,0.0,1.0,0.0,0.0,-0.29999999999998295,-3.141592653589793,-1.132499999999999,0.05500000000000114,3.093065659664963,2.0943951023931953
ALFF5620ljk_9_00,118,12,1,285.8,310.5,357.2,335.8,321.5,323.15,0.0,0.0,1.0,0.0,0.0,-8.705170877128193,3.1071235525902776,0.019999999999998862,0.0,0.0,2.0714157017268517
ALFF5620ljk_9_00,118,10,0,123.2,0.4,160.3,21.7,141.75,11.049999999999999,0.10000000000002274,0.049999999999998934,1.0,0.11180339887500934,0.4636476090007067,0.061803398875026394,0.46364760900070673,0.007500000000000284,0.0024999999999999467,0.3217505543966244,1.4635461419960416
ALFF5620ljk_9_00,118,3,1,260.4,309.4,298.4,331.3,279.4,320.35,0.0,0.0,1.0,0.0,0.0,-0.25,1.5707963267948966,-0.1,-0.0125,-3.017237659043032,2.0943951023931953
ALFF5620ljk_9_00,118,2,1,185.9,310.5,216.0,331.3,200.95,320.9,0.0,0.0,1.0,0.0,0.0,0.0,0.0,0.0,0.0,0.0,0.0
ALFF5620ljk_9_00,118,1,1,222.8,309.9,259.3,331.3,241.05,320.6,0.0,0.0,1.0,0.0,0.0,0.0,0.0,-0.43499999999999944,0.0,3.141592653589793,0.0
ALFF5620ljk_9_00,119,15,1,94.5,309.9,178.9,335.8,136.7,322.85,0.14999999999997726,0.0,1.0,0.14999999999997726,0.0,0.14999999999997726,0.0,-1.125,0.025,3.1193740882630743,1.0471975511965976
ALFF5620ljk_9_00,119,12,1,285.8,310.5,357.2,335.8,321.5,323.15,0.0,0.0,1.0,0.0,0.0,0.0,0.0,0.019999999999998862,0.0,0.0,2.0714157017268517
ALFF5620ljk_9_00,119,10,0,123.2,0.4,160.3,21.7,141.75,11.049999999999999,0.0,0.0,1.0,0.0,0.0,-0.11180339887500934,-0.46364760900070673,0.015000000000000568,0.0024999999999999467,0.16514867741461725,0.8326971815987697
ALFF5620ljk_9_00,119,3,1,260.4,309.9,298.1,331.3,279.25,320.6,-0.14999999999997726,0.25,1.0,0.29154759474225334,2.111215827065414,0.29154759474225334,2.111215827065414,-0.10749999999999886,0.0,3.141592653589793,1.7509361602184024
ALFF5620ljk_9_00,119,2,1,185.9,310.5,216.0,331.3,200.95,320.9,0.0,0.0,1.0,0.0,0.0,0.0,0.0,0.0,0.014999999999997727,1.5707963267948966,0.0
ALFF5620ljk_9_00,119,1,1,222.8,309.9,259.3,331.3,241.05,320.6,0.0,0.0,1.0,0.0,0.0,0.0,0.0,-0.43499999999999944,0.0,3.141592653589793,0.0
ALFF5620ljk_9_00,120,15,1,94.5,309.9,178.9,335.8,136.7,322.85,0.0,0.0,1.0,0.0,0.0,-0.14999999999997726,0.0,-1.125,0.04000000000000057,3.106052069761392,1.0471975511965976
ALFF5620ljk_9_00,120,12,1,285.8,310.5,357.2,335.8,321.5,323.15,0.0,0.0,1.0,0.0,0.0,0.0,0.0,0.019999999999998862,0.0,0.0,1.0357078508634259
ALFF5620ljk_9_00,120,11,1,40.6,313.3,130.5,332.4,85.55,322.85,18.75,1.650000000000034,25.0,0.7528983995201479,0.08777389232722217,0.02871593598080591,0.0877738923272222,1.6499999999999997,0.16250000000000378,0.09816827852323354,1.0764555153056719
ALFF5620ljk_9_00,120,10,0,123.3,0.4,160.2,21.7,141.75,11.049999999999999,0.0,0.0,1.0,0.0,0.0,0.0,0.0,0.015000000000000568,0.0024999999999999467,0.16514867741461725,0.30909840600047084
ALFF5620ljk_9_00,120,3,1,260.4,309.4,298.4,331.3,279.4,320.35,0.14999999999997726,-0.25,1.0,0.29154759474225334,-1.0303768265243791,0.0,-3.141592653589793,-0.1075000000000017,-0.0125,-3.025833435868984,2.274534935816701
ALFF5620ljk_9_00,120,2,1,185.9,310.5,216.0,331.3,200.95,320.9,0.0,0.0,1.0,0.0,0.0,0.0,0.0,0.0,0.0,0.0,0.0
ALFF5620ljk_9_00,120,1,1,222.8,309.9,259.3,331.3,241.05,320.6,0.0,0.0,1.0,0.0,0.0,0.0,0.0,-0.43499999999999944,0.0,3.141592653589793,0.0
ALFF5620ljk_9_00,121,15,1,94.5,309.9,178.9,335.8,136.7,322.85,0.0,0.0,1.0,0.0,0.0,0.0,0.0,0.025,-0.030000000000001137,-0.8760580505982118,0.0
ALFF5620ljk_9_00,121,12,1,285.8,310.5,357.2,335.8,321.5,323.15,0.0,0.0,1.0,0.0,0.0,0.0,0.0,0.019999999999998862,0.0,0.0,0.0
ALFF5620ljk_9_00,121,11,1,40.6,313.3,130.4,332.4,85.5,322.85,-0.04999999999999716,0.0,1.0,0.04999999999999716,3.141592653589793,-0.7028983995201508,3.053818761262571,1.5192307692307692,0.1500000000000035,0.09841520616841334,1.0471975511965976
ALFF5620ljk_9_00,121,10,0,123.3,0.4,160.2,21.7,141.75,11.049999999999999,0.0,0.0,1.0,0.0,0.0,0.0,0.0,0.009999999999999431,-0.0025000000000000356,-0.24497866312688088,0.15454920300023528
ALFF5620ljk_9_00,121,3,1,260.2,308.8,290.5,331.3,275.35,320.05,-4.0499999999999545,-0.30000000000001137,1.0,4.06109591120422,-3.067653615931849,3.769548316461967,-2.03727678940747,-0.2524999999999977,-0.02750000000000057,-3.0331093420348187,2.430028423354226
ALFF5620ljk_9_00,121,2,1,185.9,310.5,216.0,331.3,200.95,320.9,0.0,0.0,1.0,0.0,0.0,0.0,0.0,0.0074999999999988635,0.0,0.0,0.0
ALFF5620ljk_9_00,121,1,1,222.8,309.9,259.3,331.3,241.05,320.6,0.0,0.0,1.0,0.0,0.0,0.0,0.0,0.0,-0.014999999999997727,-1.5707963267948966,0.0
ALFF5620ljk_9_00,122,12,1,285.5,311.1,357.5,335.8,321.5,323.45000000000005,0.0,0.3000000000000682,1.0,0.3000000000000682,1.5707963267948966,0.3000000000000682,1.5707963267948966,0.019999999999998862,0.01500000000000341,0.6435011087934208,0.5235987755982988
ALFF5620ljk_9_00,122,10,0,122.3,0.4,160.0,22.0,141.15,11.2,-0.5999999999999943,0.15000000000000036,1.0,0.6184658438426437,2.8966139904629262,0.6184658438426437,2.8966139904629262,-0.009999999999999431,0.009999999999999964,2.356194490192318,0.9655379968209751
ALFF5620ljk_9_00,122,3,1,260.2,309.4,297.6,331.3,278.9,320.35,3.5499999999999545,0.30000000000001137,1.0,3.5626535054646675,0.08430673252621089,-0.4984424057395529,-3.131224958721526,-0.075,-0.0125,-2.976443976175166,2.7700314672395963
ALFF5620ljk_9_00,122,2,1,186.0,309.9,215.9,331.3,200.95,320.6,0.0,-0.2999999999999545,1.0,0.2999999999999545,-1.5707963267948966,0.2999999999999545,-1.5707963267948966,0.0074999999999988635,-0.014999999999997727,-1.1071487177940904,0.5235987755982988
ALFF5620ljk_9_00,122,1,1,223.0,309.9,259.6,331.3,241.3,320.6,0.25,0.0,1.0,0.25,0.0,0.25,0.0,0.020000000000000285,-0.014999999999997727,-0.6435011087932049,0.0
ALFF5620ljk_9_00,123,12,1,285.6,310.5,357.8,335.8,321.70000000000005,323.15,0.20000000000004547,-0.3000000000000682,1.0,0.36055512754648095,-0.9827937232473289,0.060555127546412735,-2.5535900500422253,0.010000000000002274,-0.02750000000000057,-1.2220253232109233,1.3747954589457072
ALFF5620ljk_9_00,123,10,0,122.2,0.4,159.9,21.9,141.05,11.149999999999999,-0.09999999999999432,-0.05000000000000071,1.0,0.11180339887498472,-2.6779450445889585,-0.506662444967659,0.7086262721277017,-0.0125,0.0024999999999999467,2.9441970937399162,1.2017467541968756
ALFF5620ljk_9_00,123,3,1,260.2,309.4,297.6,331.3,278.9,320.35,0.0,0.0,1.0,0.0,0.0,-3.5626535054646675,-0.0843067325262109,-0.075,-0.0125,-2.976443976175166,1.7509361602184024
ALFF5620ljk_9_00,123,2,1,185.9,309.9,215.7,331.3,200.8,320.6,-0.14999999999997726,0.0,1.0,0.14999999999997726,3.141592653589793,-0.14999999999997726,-1.5707963267948968,0.0,-0.014999999999997727,-1.5707963267948966,1.0471975511965976
ALFF5620ljk_9_00,123,1,1,222.8,309.9,259.6,331.3,241.20000000000002,320.6,-0.09999999999999432,0.0,1.0,0.09999999999999432,3.141592653589793,-0.15000000000000568,3.141592653589793,0.015000000000000568,-0.014999999999997727,-0.7853981633973537,1.0471975511965976
ALFF5620ljk_9_00,124,19,0,285.2,142.5,335.2,162.1,310.2,152.3,,,,0.0,0.0,0.0,0.0,,,0.0,0.0
ALFF5620ljk_9_00,124,12,1,285.6,311.1,357.8,335.8,321.70000000000005,323.45000000000005,0.0,0.3000000000000682,1.0,0.3000000000000682,1.5707963267948966,-0.060555127546412735,2.5535900500422253,0.022500000000002275,0.030000000000001137,0.9272952180015818,2.2259921422931157
ALFF5620ljk_9_00,124,10,0,121.6,0.4,160.2,22.0,140.89999999999998,11.2,-0.1500000000000341,0.05000000000000071,1.0,0.15811388300845156,2.819842099193215,0.046310484133466834,-0.7853981633974131,-0.03500000000000085,0.0025000000000000356,3.0702851888045033,1.4635461419960134
ALFF5620ljk_9_00,124,3,1,260.4,309.9,297.6,331.3,279.0,320.6,0.10000000000002274,0.25,1.0,0.2692582403567336,1.1902899496824533,0.2692582403567336,1.190289949682453,-0.06999999999999887,0.0,3.141592653589793,1.4686072136433967
ALFF5620ljk_9_00,124,2,1,185.9,309.9,215.7,331.3,200.8,320.6,0.0,0.0,1.0,0.0,0.0,-0.14999999999997726,-3.141592653589793,0.0,-0.014999999999997727,-1.5707963267948966,2.0943951023931953
ALFF5620ljk_9_00,124,1,1,222.8,309.9,259.3,331.3,241.05,320.6,-0.15000000000000568,0.0,1.0,0.15000000000000568,3.141592653589793,0.05000000000001137,0.0,0.007500000000000284,-0.014999999999997727,-1.1071487177940147,1.0471975511965976
ALFF5620ljk_9_00,125,19,0,285.0,136.9,335.8,161.7,310.4,149.3,0.19999999999998863,-3.0,1.0,3.006659275674581,-1.5042281630190766,0.0,0.0,0.19999999999998863,-3.0,-1.5042281630190766,0.0
ALFF5620ljk_9_00,125,12,1,285.5,311.1,357.5,335.8,321.5,323.45000000000005,-0.20000000000004547,0.0,1.0,0.20000000000004547,3.141592653589793,-0.10000000000002274,1.5707963267948966,0.0125,0.030000000000001137,1.1760052070951486,2.2259921422931157
ALFF5620ljk_9_00,125,10,0,121.9,0.4,160.2,22.0,141.05,11.2,0.1500000000000341,0.0,1.0,0.1500000000000341,0.0,-0.00811388300841745,-2.819842099193215,-0.027499999999999147,0.0025000000000000356,3.0509327663890438,1.4379555115727765
ALFF5620ljk_9_00,125,3,1,260.2,309.9,297.6,331.3,278.9,320.6,-0.10000000000002274,0.0,1.0,0.10000000000002274,3.141592653589793,-0.1692582403567109,1.9513027039073398,-0.0875,0.0,3.141592653589793,1.0752997953720014
ALFF5620ljk_9_00,125,2,1,186.2,309.9,216.0,331.3,201.1,320.6,0.29999999999998295,0.0,1.0,0.29999999999998295,0.0,0.29999999999998295,0.0,0.014999999999999148,-0.014999999999997727,-0.785398163397401,1.5707963267948966
ALFF5620ljk_9_00,125,1,1,222.8,309.9,259.3,331.3,241.05,320.6,0.0,0.0,1.0,0.0,0.0,-0.15000000000000568,-3.141592653589793,0.0,-0.014999999999997727,-1.5707963267948966,2.0943951023931953
ALFF5620ljk_9_00,126,19,0,285.2,139.5,335.8,161.7,310.5,150.6,0.10000000000002274,1.299999999999983,1.0,1.3038404810405144,1.4940244355251,-1.7028187946340665,2.998252598544177,0.15000000000000568,-0.8500000000000085,-1.396124127786652,0.9994175328480589
ALFF5620ljk_9_00,126,15,1,94.2,310.8,178.7,336.1,136.45,323.45000000000005,-0.25,0.6000000000000227,5.0,0.1300000000000042,1.9655874464946446,0.02600000000000084,1.9655874464946446,0.0125,0.0,0.0,0.6551958154982148
ALFF5620ljk_9_00,126,12,1,285.3,310.8,357.2,335.5,321.25,323.15,-0.25,-0.3000000000000682,1.0,0.3905124837953851,-2.265534602991488,0.19051248379533964,0.876058050598305,0.0,0.014999999999997727,1.5707963267948966,1.6668148091451422
ALFF5620ljk_9_00,126,10,0,121.8,0.3,160.2,22.0,141.0,11.15,-0.05000000000001137,-0.049999999999998934,1.0,0.07071067811866204,-2.356194490192469,-0.07928932188137207,-2.3561944901924687,-0.02750000000000057,8.881784197001253e-17,3.14159265358979,1.9871449175943654
ALFF5620ljk_9_00,126,3,1,260.2,309.7,297.8,331.6,279.0,320.65,0.10000000000002274,0.049999999999954525,1.0,0.11180339887498948,0.4636476090003514,0.011803398874966745,-2.6779450445894417,-0.06999999999999887,0.0024999999999977263,3.105893540910501,1.9398458993930783
ALFF5620ljk_9_00,126,2,1,186.2,309.9,216.0,331.3,201.1,320.6,0.0,0.0,1.0,0.0,0.0,-0.29999999999998295,0.0,0.007500000000000284,0.0,0.0,1.0471975511965976
ALFF5620ljk_9_00,126,1,1,222.8,309.9,259.3,331.3,241.05,320.6,0.0,0.0,1.0,0.0,0.0,0.0,0.0,0.0,-0.014999999999997727,-1.5707963267948966,1.0471975511965976
ALFF5620ljk_9_00,127,19,0,285.0,141.6,335.8,162.1,310.4,151.85,-0.10000000000002274,1.25,1.0,1.253993620398447,1.6506263125071519,-0.04984686064206745,0.1566018769820519,0.06666666666666288,-0.15000000000000568,-1.1525719972157027,1.051618158508743
ALFF5620ljk_9_00,127,15,1,94.4,310.8,178.7,336.1,136.55,323.45000000000005,0.10000000000002274,0.0,1.0,0.10000000000002274,0.0,-0.029999999999981458,-1.9655874464946446,0.015000000000000568,0.0,0.0,1.3103916309964296
ALFF5620ljk_9_00,127,12,1,285.3,310.8,357.2,335.5,321.25,323.15,0.0,0.0,1.0,0.0,0.0,-0.3905124837953851,2.2655346029914876,0.0,0.014999999999997727,1.5707963267948966,1.5707963267948966
ALFF5620ljk_9_00,127,10,0,121.8,0.4,160.0,22.1,140.9,11.25,-0.09999999999999432,0.09999999999999964,1.0,0.14142135623730523,2.356194490192318,0.07071067811864319,-1.570796326794799,-0.034999999999999434,0.005000000000000071,2.999695598985625,2.248944305393494
ALFF5620ljk_9_00,127,3,1,260.2,309.9,297.8,331.3,279.0,320.6,0.0,-0.049999999999954525,1.0,0.049999999999954525,-1.5707963267948966,-0.06180339887503496,-2.034443935795248,-0.08999999999999772,0.0,3.141592653589793,2.221230561430677
ALFF5620ljk_9_00,127,2,1,185.9,309.9,216.0,331.3,200.95,320.6,-0.15000000000000568,0.0,1.0,0.15000000000000568,3.141592653589793,0.15000000000000568,3.141592653589793,0.0074999999999988635,-0.014999999999997727,-1.1071487177940904,1.0471975511965976
ALFF5620ljk_9_00,127,1,1,222.8,309.9,259.3,331.3,241.05,320.6,0.0,0.0,1.0,0.0,0.0,0.0,0.0,0.0,-0.014999999999997727,-1.5707963267948966,1.0471975511965976
ALFF5620ljk_9_00,128,19,0,284.6,142.0,335.8,161.7,310.20000000000005,151.85,-0.1999999999999318,0.0,1.0,0.1999999999999318,3.141592653589793,-1.0539936203985152,1.4909663410826413,1.4210854715202004e-14,-0.11250000000000426,-1.5707963267947702,1.5486069388696233
ALFF5620ljk_9_00,128,15,1,93.9,310.8,178.7,336.1,136.3,323.45000000000005,-0.25,0.0,1.0,0.25,3.141592653589793,0.14999999999997726,3.141592653589793,0.005000000000001137,0.0,0.0,2.3575891821930273
ALFF5620ljk_9_00,128,12,1,285.5,310.8,356.9,335.5,321.2,323.15,-0.05000000000001137,0.0,1.0,0.05000000000001137,3.141592653589793,0.05000000000001137,3.141592653589793,-0.0025000000000005686,0.014999999999997727,1.7359450042095848,2.0943951023931953
ALFF5620ljk_9_00,128,10,0,120.5,0.4,160.2,21.6,140.35,11.0,-0.5500000000000114,-0.25,1.0,0.604152298679739,-2.714965160462925,0.46273094244243373,1.212025656524343,-0.054999999999999716,-0.007499999999999929,-3.006064939604293,1.7130054911705368
ALFF5620ljk_9_00,128,3,1,260.2,309.9,297.8,331.3,279.0,320.6,0.0,0.0,1.0,0.0,0.0,-0.049999999999954525,1.5707963267948966,-0.06999999999999887,0.0,3.141592653589793,2.0943951023931953
ALFF5620ljk_9_00,128,2,1,185.9,310.5,215.7,331.3,200.8,320.9,-0.14999999999997726,0.2999999999999545,1.0,0.3354101966249176,2.0344439357957027,0.18541019662491193,-1.1071487177940904,-0.014999999999999148,0.014999999999997727,2.356194490192392,1.416247123794628
ALFF5620ljk_9_00,128,1,1,222.8,309.9,259.3,331.3,241.05,320.6,0.0,0.0,1.0,0.0,0.0,0.0,0.0,0.0,0.0,0.0,0.0
ALFF5620ljk_9_00,129,19,0,284.6,142.0,335.8,161.4,310.20000000000005,151.7,0.0,-0.15000000000000568,1.0,0.15000000000000568,-1.5707963267948966,-0.049999999999926104,1.5707963267948968,1.1368683772161604e-14,-0.12000000000000455,-1.5707963267948017,1.0727881816198632
ALFF5620ljk_9_00,129,12,1,285.3,310.8,357.2,335.5,321.25,323.15,0.05000000000001137,0.0,1.0,0.05000000000001137,0.0,0.0,-3.141592653589793,-0.0125,0.014999999999997727,2.2655346029916745,2.849573303390358
ALFF5620ljk_9_00,129,10,0,113.3,0.4,160.6,21.3,136.95,10.85,-3.4000000000000057,-0.15000000000000036,1.0,3.403307215048333,-3.0975035961917214,2.799154916368594,-0.38253843572879653,-0.22250000000000086,-0.01749999999999998,-3.0631025509524616,1.055120139682646
ALFF5620ljk_9_00,129,3,1,260.2,309.9,297.8,331.3,279.0,320.6,0.0,0.0,1.0,0.0,0.0,0.0,0.0,-0.04749999999999943,0.0,3.141592653589793,1.2017467541967148
ALFF5620ljk_9_00,129,2,1,185.9,310.5,215.7,331.3,200.8,320.9,0.0,0.0,1.0,0.0,0.0,-0.3354101966249176,-2.0344439357957027,-0.014999999999999148,0.014999999999997727,2.356194490192392,2.0943951023931953
ALFF5620ljk_9_00,129,1,1,222.8,309.9,259.3,331.3,241.05,320.6,0.0,0.0,1.0,0.0,0.0,0.0,0.0,-0.40749999999999886,0.0,3.141592653589793,0.0
ALFF5620ljk_9_00,130,19,0,284.6,135.0,335.8,161.7,310.20000000000005,148.35,0.0,-3.3499999999999943,1.0,3.3499999999999943,-1.5707963267948966,3.1999999999999886,0.0,9.473903143468002e-15,-0.6583333333333362,-1.5707963267948821,1.0205875559591793
ALFF5620ljk_9_00,130,12,1,303.8,311.1,356.6,335.8,330.20000000000005,323.45000000000005,8.950000000000045,0.3000000000000682,1.0,8.955026521457146,0.033507007780871186,8.905026521457135,0.033507007780871186,0.0,0.01500000000000341,1.5707963267948966,2.105564104986819
ALFF5620ljk_9_00,130,10,0,113.6,0.4,160.6,21.2,137.1,10.799999999999999,0.15000000000000568,-0.05000000000000071,1.0,0.15811388300842458,-0.3217505543966351,-3.245193332039908,2.7757530417950864,-0.2125,-0.020000000000000018,-3.0477514409604565,1.456772378016075
ALFF5620ljk_9_00,130,3,1,260.2,309.9,297.8,331.3,279.0,320.6,0.0,0.0,1.0,0.0,0.0,0.0,0.0,-0.042500000000001134,-0.0024999999999977263,-3.0828368308741254,0.5235987755982988
ALFF5620ljk_9_00,130,2,1,185.9,310.5,215.7,331.3,200.8,320.9,0.0,0.0,1.0,0.0,0.0,0.0,0.0,0.0,0.0,0.0,1.0471975511965976
ALFF5620ljk_9_00,130,1,1,222.8,309.9,259.3,331.3,241.05,320.6,0.0,0.0,1.0,0.0,0.0,0.0,0.0,-0.42249999999999943,0.0,3.141592653589793,0.0
ALFF5620ljk_9_00,131,19,0,284.6,141.4,335.8,161.7,310.20000000000005,151.55,0.0,3.200000000000017,1.0,3.200000000000017,1.5707963267948966,-0.14999999999997726,3.141592653589793,8.120488408686859e-15,-0.10714285714285714,-1.5707963267948208,1.5707963267948966
ALFF5620ljk_9_00,131,12,1,285.5,310.8,356.9,335.5,321.2,323.15,-9.000000000000057,-0.3000000000000682,1.0,9.00499861188224,-3.1082716577115383,0.04997209042509354,3.1414066416871766,-0.03250000000000171,0.014999999999997727,2.709184878019333,2.10550210101928
ALFF5620ljk_9_00,131,10,0,121.5,0.4,160.0,21.6,140.75,11.0,3.6500000000000057,0.20000000000000107,1.0,3.655475345286854,0.054739780049880914,3.497361462278429,0.3764903344465161,-0.032500000000000286,-0.007499999999999929,-2.9147938055359113,1.1782606039901327
ALFF5620ljk_9_00,131,3,1,260.2,309.9,297.8,331.3,279.0,320.6,0.0,0.0,1.0,0.0,0.0,0.0,0.0,-0.04749999999999943,0.0,3.141592653589793,0.0
ALFF5620ljk_9_00,131,2,1,185.9,310.5,215.7,331.3,200.8,320.9,0.0,0.0,1.0,0.0,0.0,0.0,0.0,-0.014999999999999148,0.014999999999997727,2.356194490192392,0.6781479785985676
ALFF5620ljk_9_00,131,1,1,222.8,309.9,259.6,331.3,241.20000000000002,320.6,0.15000000000000568,0.0,1.0,0.15000000000000568,0.0,0.15000000000000568,0.0,-0.3999999999999986,0.0,3.141592653589793,0.0
ALFF5620ljk_9_00,132,19,0,284.6,142.0,335.8,161.7,310.20000000000005,151.85,0.0,0.29999999999998295,1.0,0.29999999999998295,1.5707963267948966,-2.900000000000034,0.0,7.105427357601002e-15,-0.05625000000000213,-1.5707963267947702,1.0471975511965979
ALFF5620ljk_9_00,132,15,1,94.1,310.8,178.7,336.1,136.39999999999998,323.45000000000005,0.0999999999999659,0.0,4.0,0.024999999999991473,0.0,-0.05625000000000213,-3.141592653589793,0.009999999999999431,0.0,0.0,2.7495909178914104
ALFF5620ljk_9_00,132,12,1,285.3,310.8,357.2,335.5,321.25,323.15,0.05000000000001137,0.0,1.0,0.05000000000001137,0.0,-8.954998611882228,3.1082716577115383,-0.0125,0.0,3.141592653589793,2.0943951023931953
ALFF5620ljk_9_00,132,10,0,113.3,0.4,160.6,21.2,136.95,10.799999999999999,-3.8000000000000114,-0.20000000000000107,1.0,3.8052595180881013,-3.089009591978851,0.14978417280124745,3.1394359351508543,-0.22750000000000056,-0.015000000000000036,-3.0757538842870993,2.0972264371308187
ALFF5620ljk_9_00,132,3,1,260.2,309.9,297.8,331.3,279.0,320.6,0.0,0.0,1.0,0.0,0.0,0.0,0.0,-0.019999999999998862,0.0,3.141592653589793,0.0
ALFF5620ljk_9_00,132,2,1,185.9,310.5,215.7,331.3,200.8,320.9,0.0,0.0,1.0,0.0,0.0,0.0,0.0,0.0,0.0,0.0,0.0
ALFF5620ljk_9_00,132,1,1,222.8,309.9,259.6,331.3,241.20000000000002,320.6,0.0,0.0,1.0,0.0,0.0,-0.15000000000000568,0.0,0.007500000000000284,0.0,0.0,0.0
ALFF5620ljk_9_00,133,19,0,284.6,141.6,335.8,161.9,310.20000000000005,151.75,0.0,-0.09999999999999432,1.0,0.09999999999999432,-1.5707963267948966,-0.19999999999998863,-3.141592653589793,6.315935428978668e-15,-0.06111111111111237,-1.5707963267947933,2.0943951023931953
ALFF5620ljk_9_00,133,15,1,94.1,310.8,178.7,336.1,136.39999999999998,323.45000000000005,0.0,0.0,1.0,0.0,0.0,-0.024999999999991473,0.0,0.0074999999999988635,0.0,0.0,2.0943951023931953
ALFF5620ljk_9_00,133,12,1,285.3,310.8,357.2,335.5,321.25,323.15,0.0,0.0,1.0,0.0,0.0,-0.05000000000001137,0.0,-0.0125,0.0,3.141592653589793,2.0832260997995715
ALFF5620ljk_9_00,133,10,0,113.5,0.4,160.6,21.2,137.05,10.799999999999999,0.10000000000002274,0.0,1.0,0.10000000000002274,0.0,-3.7052595180880785,3.089009591978851,-0.2375,-0.0125,-3.0890095919788516,2.2016452871920738
ALFF5620ljk_9_00,133,3,1,260.2,309.9,297.8,331.3,279.0,320.6,0.0,0.0,1.0,0.0,0.0,0.0,0.0,-0.019999999999998862,0.0,3.141592653589793,0.0
ALFF5620ljk_9_00,133,2,1,185.9,310.5,215.7,331.3,200.8,320.9,0.0,0.0,1.0,0.0,0.0,0.0,0.0,-0.0074999999999988635,0.0,3.141592653589793,0.0
ALFF5620ljk_9_00,133,1,1,222.8,309.9,259.6,331.3,241.20000000000002,320.6,0.0,0.0,1.0,0.0,0.0,0.0,0.0,0.007500000000000284,0.0,0.0,0.0
ALFF5620ljk_9_00,134,19,0,284.3,141.8,336.1,162.0,310.20000000000005,151.9,0.0,0.15000000000000568,1.0,0.15000000000000568,1.5707963267948966,0.05000000000001137,3.141592653589793,5.684341886080802e-15,-0.04000000000000057,-1.5707963267947544,2.0943951023931953
ALFF5620ljk_9_00,134,15,1,93.8,310.8,178.7,336.1,136.25,323.45000000000005,-0.14999999999997726,0.0,1.0,0.14999999999997726,3.141592653589793,0.14999999999997726,3.141592653589793,0.004999999999999716,0.0,0.0,2.0943951023931953
ALFF5620ljk_9_00,134,12,1,285.5,310.8,357.5,335.5,321.5,323.15,0.25,0.0,1.0,0.25,0.0,0.25,0.0,-0.4350000000000023,-0.01500000000000341,-3.1071235525902776,1.0360905525705129
ALFF5620ljk_9_00,134,10,0,113.5,0.4,160.5,21.2,137.0,10.799999999999999,-0.05000000000001137,0.0,1.0,0.05000000000001137,3.141592653589793,-0.05000000000001137,3.141592653589793,-0.23249999999999887,-0.010000000000000054,-3.0986083937220217,3.1233460602398324
ALFF5620ljk_9_00,134,3,1,260.2,309.9,297.8,331.3,279.0,320.6,0.0,0.0,1.0,0.0,0.0,0.0,0.0,-0.027499999999997728,0.0,3.141592653589793,0.0
ALFF5620ljk_9_00,134,2,1,185.9,310.5,215.7,331.3,200.8,320.9,0.0,0.0,1.0,0.0,0.0,0.0,0.0,-0.0074999999999988635,0.0,3.141592653589793,0.0
ALFF5620ljk_9_00,134,1,1,222.8,309.9,259.6,331.3,241.20000000000002,320.6,0.0,0.0,1.0,0.0,0.0,0.0,0.0,0.007500000000000284,0.0,0.0,0.0
ALFF5620ljk_9_00,135,19,0,284.9,142.1,336.1,161.7,310.5,151.89999999999998,0.2999999999999545,-2.842170943040401e-14,1.0,0.2999999999999545,-9.473903143469438e-14,0.14999999999994884,-1.5707963267949914,0.027272727272728305,-0.036363636363639464,-0.9272952180016348,2.617993877991526
ALFF5620ljk_9_00,135,12,1,285.5,310.5,357.5,335.2,321.5,322.85,0.0,-0.2999999999999545,1.0,0.2999999999999545,-1.5707963267948966,0.049999999999954525,-1.5707963267948966,-0.4350000000000023,-0.030000000000001137,-3.072736164288746,0.5235987755982988
ALFF5620ljk_9_00,135,10,0,119.1,0.6,161.3,18.8,140.2,9.700000000000001,3.1999999999999886,-1.0999999999999979,1.0,3.3837848631377145,-0.3310960767041326,3.333784863137703,2.8104965768856607,-0.07000000000000028,-0.06249999999999991,-2.412737927137165,3.0136996074847677
ALFF5620ljk_9_00,135,3,1,260.2,309.9,298.7,331.3,279.45,320.6,0.44999999999998863,0.0,1.0,0.44999999999998863,0.0,0.44999999999998863,0.0,-0.004999999999998295,0.0,3.141592653589793,0.0
ALFF5620ljk_9_00,135,2,1,185.9,309.9,215.7,331.3,200.8,320.6,0.0,-0.2999999999999545,1.0,0.2999999999999545,-1.5707963267948966,0.2999999999999545,-1.5707963267948966,-0.0074999999999988635,-0.014999999999997727,-2.0344439357957027,0.5235987755982988
ALFF5620ljk_9_00,135,1,1,222.3,310.5,259.5,331.9,240.9,321.2,-0.30000000000001137,0.5999999999999659,1.0,0.6708203932499115,2.034443935795741,0.6708203932499115,2.034443935795741,-0.007500000000000284,0.029999999999998295,1.815774989921783,0.6781479785985803
ALFF5620ljk_9_00,136,19,0,284.6,141.9,335.8,161.9,310.20000000000005,151.9,-0.2999999999999545,2.842170943040401e-14,1.0,0.2999999999999545,3.1415926535896985,0.0,3.141592653589793,4.736951571734001e-15,-0.033333333333333805,-1.5707963267947544,2.617993877991526
ALFF5620ljk_9_00,136,12,1,285.3,311.1,357.2,335.2,321.25,323.15,-0.25,0.2999999999999545,1.0,0.3905124837952978,2.265534602991674,0.09051248379534327,-2.4468543773930156,-0.4475000000000023,-0.01500000000000341,-3.108085645808922,1.3392169013959707
ALFF5620ljk_9_00,136,10,0,119.1,0.6,161.3,18.8,140.2,9.700000000000001,0.0,0.0,1.0,0.0,0.0,-3.3837848631377145,0.33109607670413266,-0.07000000000000028,-0.06499999999999995,-2.393214606066277,2.0943951023931953
ALFF5620ljk_9_00,136,3,1,260.2,309.9,298.4,331.3,279.29999999999995,320.6,-0.1500000000000341,0.0,1.0,0.1500000000000341,3.141592653589793,-0.2999999999999545,3.141592653589793,-0.005000000000001137,0.0,3.141592653589793,1.0471975511965976
ALFF5620ljk_9_00,136,2,1,185.9,309.9,215.7,331.3,200.8,320.6,0.0,0.0,1.0,0.0,0.0,-0.2999999999999545,1.5707963267948966,-0.0074999999999988635,-0.014999999999997727,-2.0344439357957027,1.0471975511965976
ALFF5620ljk_9_00,136,1,1,222.3,310.5,259.5,331.9,240.9,321.2,0.0,0.0,1.0,0.0,0.0,-0.6708203932499115,-2.034443935795741,-0.007500000000000284,0.029999999999998295,1.815774989921783,1.3562959571971607
ALFF5620ljk_9_00,137,19,0,284.6,142.0,335.8,161.7,310.20000000000005,151.85,0.0,-0.05000000000001137,1.0,0.05000000000001137,-1.5707963267948966,-0.24999999999994316,1.570796326794991,4.372570681600617e-15,-0.03461538461538593,-1.5707963267947702,2.0943951023932583
ALFF5620ljk_9_00,137,12,1,285.2,311.1,357.2,335.2,321.2,323.15,-0.05000000000001137,0.0,1.0,0.05000000000001137,3.141592653589793,-0.3405124837952864,0.876058050598119,-0.015000000000000568,0.0,3.141592653589793,1.6312362515953438
ALFF5620ljk_9_00,137,10,0,119.1,0.6,161.3,18.8,140.2,9.700000000000001,0.0,0.0,1.0,0.0,0.0,0.0,0.0,-0.07249999999999943,-0.06499999999999995,-2.4106859464330723,1.0471975511965974
ALFF5620ljk_9_00,137,3,1,260.2,309.9,298.1,331.3,279.15,320.6,-0.14999999999997726,0.0,1.0,0.14999999999997726,3.141592653589793,-5.684341886080802e-14,0.0,-0.0125,0.0125,2.356194490192345,1.0471975511965976
ALFF5620ljk_9_00,137,2,1,185.9,309.9,215.7,331.3,200.8,320.6,0.0,0.0,1.0,0.0,0.0,0.0,0.0,-0.0074999999999988635,-0.014999999999997727,-2.0344439357957027,1.0471975511965976
ALFF5620ljk_9_00,137,1,1,222.3,310.2,259.5,331.6,240.9,320.9,0.0,-0.30000000000001137,1.0,0.30000000000001137,-1.5707963267948966,0.30000000000001137,-1.5707963267948966,-0.007500000000000284,0.014999999999997727,2.034443935795778,1.8798947327954594
ALFF5620ljk_9_00,138,19,0,284.6,141.1,336.4,162.0,310.5,151.55,0.2999999999999545,-0.29999999999998295,1.0,0.42426406871188427,-0.7853981633974956,0.3742640687118729,0.785398163397401,0.02142857142857224,-0.05357142857142857,-1.1902899496825186,1.8325957145940617
ALFF5620ljk_9_00,138,12,1,285.5,311.1,357.5,334.7,321.5,322.9,0.30000000000001137,-0.25,1.0,0.3905124837953415,-0.6947382761966846,0.3405124837953301,2.446854377393109,0.0,-0.0125,-1.5707963267948966,1.9232556017947477
ALFF5620ljk_9_00,138,10,0,119.1,0.6,161.3,19.0,140.2,9.8,0.0,0.09999999999999964,1.0,0.09999999999999964,1.5707963267948966,0.09999999999999964,1.5707963267948966,-0.07750000000000057,-0.06249999999999991,-2.462930162841485,0.6339641344996761
ALFF5620ljk_9_00,138,3,1,260.2,309.9,298.1,331.3,279.15,320.6,0.0,0.0,1.0,0.0,0.0,-0.14999999999997726,-3.141592653589793,-0.0125,0.0125,2.356194490192345,2.0943951023931953
ALFF5620ljk_9_00,138,2,1,185.9,309.9,215.7,331.3,200.8,320.6,0.0,0.0,1.0,0.0,0.0,0.0,0.0,-0.0074999999999988635,-0.014999999999997727,-2.0344439357957027,0.5235987755982988
ALFF5620ljk_9_00,138,1,1,222.3,310.5,259.5,331.9,240.9,321.2,0.0,0.30000000000001137,1.0,0.30000000000001137,1.5707963267948966,0.0,3.141592653589793,-0.007500000000000284,0.029999999999998295,1.815774989921783,2.248944305393477
ALFF5620ljk_9_00,139,19,0,284.5,138.9,336.4,162.0,310.45,150.45,-0.05000000000001137,-1.1000000000000227,1.0,1.1011357772772852,-1.6162196062164829,0.6768717085654009,-0.8308214428189873,0.016666666666666666,-0.12333333333333485,-1.4364748848419298,1.0623386443371263
ALFF5620ljk_9_00,139,12,1,285.5,311.1,357.5,334.7,321.5,322.9,0.0,0.0,1.0,0.0,0.0,-0.3905124837953415,0.6947382761966845,0.0,-0.0125,-1.5707963267948966,1.3392169013959707
ALFF5620ljk_9_00,139,10,0,119.1,0.6,161.3,18.9,140.2,9.75,0.0,-0.05000000000000071,1.0,0.05000000000000071,-1.5707963267948966,-0.049999999999998934,-3.141592653589793,-0.07750000000000057,-0.06499999999999995,-2.44368983099474,1.5707963267948963
ALFF5620ljk_9_00,139,3,1,260.4,310.2,298.1,331.6,279.25,320.9,0.10000000000002274,0.2999999999999545,1.0,0.31622776601680197,1.2490457723981407,0.31622776601680197,1.2490457723981407,0.0,0.014999999999997727,1.5707963267948966,1.4635461419959779
ALFF5620ljk_9_00,139,2,1,185.9,310.5,215.7,331.9,200.8,321.2,0.0,0.5999999999999659,1.0,0.5999999999999659,1.5707963267948966,0.5999999999999659,1.5707963267948966,-0.0074999999999988635,0.015000000000000568,2.034443935795627,0.5235987755982988
ALFF5620ljk_9_00,139,1,1,222.5,310.5,259.6,331.3,241.05,320.9,0.15000000000000568,-0.30000000000001137,1.0,0.33541019662498117,-1.1071487177940904,0.0354101966249698,-2.677945044588987,0.0,0.014999999999997727,1.5707963267948966,2.4634446749912255
ALFF5620ljk_9_00,140,19,0,284.3,139.9,336.1,162.3,310.20000000000005,151.10000000000002,-0.24999999999994316,0.6500000000000341,1.0,0.6964194138592174,1.937970160613022,-0.4047163634180678,-2.7289955403500814,3.552713678800501e-15,-0.07499999999999929,-1.5707963267948493,1.4484050488554898
ALFF5620ljk_9_00,140,12,1,285.3,311.1,357.2,334.7,321.25,322.9,-0.25,0.0,1.0,0.25,3.141592653589793,0.25,3.141592653589793,-0.0125,-0.0125,-2.356194490192345,2.0943951023931953
ALFF5620ljk_9_00,140,10,0,119.1,0.6,161.3,18.9,140.2,9.75,0.0,0.0,1.0,0.0,0.0,-0.05000000000000071,1.5707963267948966,-0.07750000000000057,-0.06499999999999995,-2.44368983099474,2.0943951023931953
ALFF5620ljk_9_00,140,3,1,260.2,309.9,297.8,331.3,279.0,320.6,-0.25,-0.2999999999999545,1.0,0.3905124837952978,-2.265534602991674,0.07428471777849582,2.7686049317897714,-0.019999999999998862,0.0125,2.582993338246205,2.3864144525925686
ALFF5620ljk_9_00,140,2,1,185.9,310.5,215.7,331.9,200.8,321.2,0.0,0.0,1.0,0.0,0.0,-0.5999999999999659,-1.5707963267948966,-0.0074999999999988635,0.015000000000000568,2.034443935795627,1.0471975511965976
ALFF5620ljk_9_00,140,1,1,222.5,310.5,259.6,331.9,241.05,321.2,0.0,0.30000000000001137,1.0,0.30000000000001137,1.5707963267948966,-0.0354101966249698,2.677945044588987,0.0,0.029999999999998295,1.5707963267948966,2.832494247589256
ALFF5620ljk_9_00,141,19,0,284.6,141.3,336.4,162.0,310.5,151.65,0.2999999999999545,0.549999999999983,1.0,0.6264982043070466,1.0714496051148172,-0.06992120955217074,-0.8665205554982047,0.01764705882353008,-0.038235294117647395,-1.1383885512243477,1.4754458462224243
ALFF5620ljk_9_00,141,12,1,285.3,311.1,357.2,335.2,321.25,323.15,0.0,0.25,1.0,0.25,1.5707963267948966,0.0,-1.5707963267948966,-0.0125,0.0,3.141592653589793,1.8023757521937913
ALFF5620ljk_9_00,141,10,0,119.5,0.7,161.4,19.3,140.45,10.0,0.25,0.25,1.0,0.3535533905932738,0.7853981633974483,0.3535533905932738,0.7853981633974483,-0.06500000000000057,-0.05249999999999995,-2.4621788481819493,1.8325957145940457
ALFF5620ljk_9_00,141,3,1,260.2,309.9,297.6,331.3,278.9,320.6,-0.10000000000002274,0.0,1.0,0.10000000000002274,3.141592653589793,-0.29051248379527506,-0.8760580505981193,0.17749999999999772,0.02750000000000057,0.1537075290584841,1.6312362515953438
ALFF5620ljk_9_00,141,2,1,185.9,310.5,215.7,331.9,200.8,321.2,0.0,0.0,1.0,0.0,0.0,0.0,0.0,-0.0074999999999988635,0.015000000000000568,2.034443935795627,1.0471975511965976
ALFF5620ljk_9_00,141,1,1,222.5,310.5,259.6,331.9,241.05,321.2,0.0,0.0,1.0,0.0,0.0,-0.30000000000001137,-1.5707963267948966,0.0,0.029999999999998295,1.5707963267948966,2.3088954719909567
ALFF5620ljk_9_00,142,19,0,284.8,141.5,336.4,161.7,310.6,151.6,0.10000000000002274,-0.05000000000001137,1.0,0.1118033988750149,-0.46364760900080615,-0.5146948054320317,-1.5350972141156234,0.022222222222224117,-0.03888888888888983,-1.0516502125483473,1.7102044366546363
ALFF5620ljk_9_00,142,12,1,285.5,310.8,357.5,335.0,321.5,322.9,0.25,-0.25,1.0,0.3535533905932738,-0.7853981633974483,0.10355339059327379,-2.356194490192345,0.0,-0.02750000000000341,-1.5707963267948966,2.356194490192345
ALFF5620ljk_9_00,142,10,0,121.5,0.4,159.5,22.0,140.5,11.2,0.05000000000001137,1.1999999999999993,1.0,1.2010412149464311,1.5291537476962986,0.8474878243531574,0.7437555842988502,-0.032500000000000286,0.0,3.141592653589793,1.0333166914970648
ALFF5620ljk_9_00,142,3,1,260.4,309.7,299.2,331.6,279.79999999999995,320.65,0.8999999999999773,0.049999999999954525,1.0,0.9013878188659722,0.055498505245667865,0.8013878188659495,-3.086094148344125,0.04499999999999886,0.014999999999997727,0.3217505543966043,2.2435857102440053
ALFF5620ljk_9_00,142,2,1,186.2,310.5,216.0,331.3,201.1,320.9,0.29999999999998295,-0.30000000000001137,1.0,0.4242640687119245,-0.7853981633974956,0.4242640687119245,-0.7853981633974956,0.007500000000000284,0.014999999999997727,1.1071487177940147,0.7853981633974639
ALFF5620ljk_9_00,142,1,1,222.5,310.2,259.6,331.6,241.05,320.9,0.0,-0.30000000000001137,1.0,0.30000000000001137,-1.5707963267948966,0.30000000000001137,-1.5707963267948966,-0.0125,0.014999999999997727,2.2655346029916745,1.9398458993929266
ALFF5620ljk_9_00,143,19,0,284.8,141.5,336.4,161.7,310.6,151.6,0.0,0.0,1.0,0.0,0.0,-0.1118033988750149,0.4636476090008062,0.021052631578949165,-0.03684210526315879,-1.0516502125483473,0.9550884595382114
ALFF5620ljk_9_00,143,12,1,285.5,310.5,357.5,335.2,321.5,322.85,0.0,-0.049999999999954525,1.0,0.049999999999954525,-1.5707963267948966,-0.30355339059331926,-0.7853981633974483,-0.010000000000002274,-0.014999999999997727,-2.158798930342639,1.5707963267948966
ALFF5620ljk_9_00,143,10,0,119.5,0.6,161.3,21.1,140.4,10.850000000000001,-0.09999999999999432,-0.34999999999999787,1.0,0.3640054944640223,-1.8490959857999945,-0.8370357204824088,2.904935573683293,-0.032500000000000286,-0.014999999999999857,-2.709184878019262,1.4780297737931969
ALFF5620ljk_9_00,143,3,1,260.4,309.7,299.2,331.6,279.79999999999995,320.65,0.0,0.0,1.0,0.0,0.0,-0.9013878188659722,-0.055498505245667865,0.04499999999999886,0.014999999999997727,0.3217505543966043,1.3392169013959707
ALFF5620ljk_9_00,143,2,1,186.2,310.5,216.0,331.3,201.1,320.9,0.0,0.0,1.0,0.0,0.0,-0.4242640687119245,0.7853981633974956,0.014999999999999148,0.014999999999997727,0.785398163397401,0.5235987755983303
ALFF5620ljk_9_00,143,1,1,222.5,310.2,259.6,331.6,241.05,320.9,0.0,0.0,1.0,0.0,0.0,-0.30000000000001137,1.5707963267948966,-0.007500000000000284,0.014999999999997727,2.034443935795778,1.5707963267948966
ALFF5620ljk_9_00,144,19,0,284.5,131.3,336.4,161.7,310.45,146.5,-0.1500000000000341,-5.099999999999994,1.0,5.10220540550848,-1.6001996149989084,5.10220540550848,-1.6001996149989084,0.0125,-0.2900000000000006,-1.527719542871135,1.199648146038446
ALFF5620ljk_9_00,144,15,1,94.4,310.5,179.2,335.8,136.8,323.15,0.5500000000000114,-0.3000000000000682,10.0,0.0626498204307126,-0.499346721680217,-0.008735017956926466,2.642245931909576,0.02750000000000057,-0.01500000000000341,-0.499346721680217,1.9279461951664565
ALFF5620ljk_9_00,144,12,1,285.8,310.8,357.2,335.5,321.5,323.15,0.0,0.2999999999999545,1.0,0.2999999999999545,1.5707963267948966,0.25,3.141592653589793,-0.010000000000002274,-0.01500000000000341,-2.1587989303424644,2.0943951023931953
ALFF5620ljk_9_00,144,10,0,119.2,0.7,163.4,18.7,141.3,9.7,0.9000000000000057,-1.1500000000000021,1.0,1.4603081866510286,-0.9067501639682097,1.0963026921870063,0.9423458218317847,0.020000000000001704,-0.075,-1.3101939350475345,1.5303456599379757
ALFF5620ljk_9_00,144,3,1,260.4,309.7,299.0,331.6,279.7,320.65,-0.0999999999999659,0.0,1.0,0.0999999999999659,3.141592653589793,0.0999999999999659,3.141592653589793,0.034999999999999434,0.0024999999999977263,0.07130746478522684,2.0943951023931953
ALFF5620ljk_9_00,144,2,1,186.2,310.5,216.0,331.3,201.1,320.9,0.0,0.0,1.0,0.0,0.0,0.0,0.0,0.014999999999999148,0.014999999999997727,0.785398163397401,0.5235987755983303
ALFF5620ljk_9_00,144,1,1,222.5,310.2,259.6,331.6,241.05,320.9,0.0,0.0,1.0,0.0,0.0,0.0,0.0,0.0,0.014999999999997727,1.5707963267948966,1.0471975511965976
ALFF5620ljk_9_00,145,19,0,284.8,141.6,336.4,161.9,310.6,151.75,0.1500000000000341,5.25,1.0,5.25214242000348,1.54223266895613,0.1499370144950003,-3.1407530232245477,0.010000000000002274,0.12249999999999943,1.4893442824890069,1.7348667490747542
ALFF5620ljk_9_00,145,15,1,94.4,310.5,179.2,335.8,136.8,323.15,0.0,0.0,1.0,0.0,0.0,-0.0626498204307126,0.499346721680217,0.032500000000000286,-0.01500000000000341,-0.43240777557062104,2.0943951023931953
ALFF5620ljk_9_00,145,12,1,285.5,310.8,356.9,335.5,321.2,323.15,-0.30000000000001137,0.0,1.0,0.30000000000001137,3.141592653589793,5.684341886080802e-14,1.5707963267948966,-0.015000000000000568,-0.01500000000000341,-2.3561944901922502,1.832595714594046
ALFF5620ljk_9_00,145,10,0,119.2,0.7,161.4,18.7,140.3,9.7,-1.0,0.0,1.0,1.0,3.141592653589793,-0.4603081866510286,-2.2348424896215837,-0.0375,-0.075,-2.0344439357957027,2.0273746283788867
ALFF5620ljk_9_00,145,3,1,260.2,309.7,298.7,331.6,279.45,320.65,-0.25,0.0,1.0,0.25,3.141592653589793,0.1500000000000341,0.0,0.02750000000000057,0.0024999999999977263,0.09065988720066125,1.0656970529451537
ALFF5620ljk_9_00,145,2,1,186.2,310.5,216.0,331.3,201.1,320.9,0.0,0.0,1.0,0.0,0.0,0.0,0.0,0.0,0.014999999999997727,1.5707963267948966,0.2617993877991652
ALFF5620ljk_9_00,145,1,1,222.5,309.9,259.3,331.3,240.9,320.6,-0.15000000000000568,-0.2999999999999545,1.0,0.3354101966249303,-2.034443935795778,0.3354101966249303,-2.034443935795778,-0.007500000000000284,0.0,3.141592653589793,1.2017467541968916
ALFF5620ljk_9_00,146,19,0,284.8,141.8,336.4,162.0,310.6,151.9,0.0,0.15000000000000568,1.0,0.15000000000000568,1.5707963267948966,-5.102142420003474,0.02856365783876646,0.005000000000001137,0.06500000000000057,1.4940244355251018,1.5898387653540744
ALFF5620ljk_9_00,146,15,1,94.2,310.5,179.2,335.8,136.7,323.15,-0.10000000000002274,0.0,1.0,0.10000000000002274,3.141592653589793,0.10000000000002274,3.141592653589793,0.027499999999999147,-0.01500000000000341,-0.49934672168023875,2.0943951023931953
ALFF5620ljk_9_00,146,12,1,285.5,310.8,356.9,335.5,321.2,323.15,0.0,0.0,1.0,0.0,0.0,-0.30000000000001137,-3.141592653589793,-0.0025000000000005686,0.0,3.141592653589793,2.6179938779914944
ALFF5620ljk_9_00,146,10,0,119.2,0.7,162.0,18.7,140.6,9.7,0.29999999999998295,0.0,1.0,0.29999999999998295,0.0,-0.700000000000017,-3.141592653589793,-0.020000000000000285,-0.07250000000000005,-1.8399638195806005,2.1062603216810536
ALFF5620ljk_9_00,146,3,1,260.2,309.7,298.4,331.6,279.29999999999995,320.65,-0.1500000000000341,0.0,1.0,0.1500000000000341,3.141592653589793,-0.0999999999999659,0.0,0.014999999999997727,0.0,0.0,1.0471975511965976
ALFF5620ljk_9_00,146,2,1,186.0,310.5,215.9,331.3,200.95,320.9,-0.15000000000000568,0.0,1.0,0.15000000000000568,3.141592653589793,0.15000000000000568,3.141592653589793,-0.007500000000000284,0.014999999999997727,2.034443935795778,1.0471975511965976
ALFF5620ljk_9_00,146,1,1,222.5,310.2,259.3,331.6,240.9,320.9,0.0,0.2999999999999545,1.0,0.2999999999999545,1.5707963267948966,-0.0354101966249758,-2.6779450445889115,-0.007500000000000284,0.014999999999997727,2.034443935795778,1.5707963267948966
ALFF5620ljk_9_00,147,15,1,94.5,310.5,179.2,335.8,136.85,323.15,0.15000000000000568,0.0,1.0,0.15000000000000568,0.0,0.04999999999998295,-3.141592653589793,0.034999999999999434,-0.01500000000000341,-0.4048917862851716,2.2608440096199343
ALFF5620ljk_9_00,147,12,1,285.8,310.8,357.2,335.5,321.5,323.15,0.30000000000001137,0.0,1.0,0.30000000000001137,0.0,0.30000000000001137,0.0,0.0125,0.0,0.0,1.5707963267948966
ALFF5620ljk_9_00,147,10,0,119.2,0.7,161.7,18.6,140.45,9.65,-0.15000000000000568,-0.049999999999998934,1.0,0.15811388300842402,-2.8198420991931687,-0.14188611699155892,-2.8198420991931687,-0.022500000000000853,-0.07999999999999999,-1.8449637779145653,2.7320924141348484
ALFF5620ljk_9_00,147,3,1,260.2,309.7,298.1,331.6,279.15,320.65,-0.14999999999997726,0.0,1.0,0.14999999999997726,3.141592653589793,-5.684341886080802e-14,0.0,0.0074999999999988635,0.0024999999999977263,0.3217505543964148,0.0
ALFF5620ljk_9_00,147,2,1,186.2,310.5,216.0,331.3,201.1,320.9,0.15000000000000568,0.0,1.0,0.15000000000000568,0.0,0.0,-3.141592653589793,0.007500000000000284,0.014999999999997727,1.1071487177940147,2.0943951023931953
ALFF5620ljk_9_00,147,1,1,222.5,310.5,259.3,331.9,240.9,321.2,0.0,0.30000000000001137,1.0,0.30000000000001137,1.5707963267948966,5.684341886080802e-14,0.0,-0.007500000000000284,0.029999999999998295,1.815774989921783,1.5707963267948966
ALFF5620ljk_9_00,148,15,1,94.2,310.5,179.2,335.8,136.7,323.15,-0.15000000000000568,0.0,1.0,0.15000000000000568,3.141592653589793,0.0,3.141592653589793,0.0024999999999991474,0.014999999999997727,1.4056476493803005,3.141592653589793
ALFF5620ljk_9_00,148,12,1,285.6,310.8,356.6,335.5,321.1,323.15,-0.39999999999997726,0.0,1.0,0.39999999999997726,3.141592653589793,0.0999999999999659,3.141592653589793,-0.004999999999998295,0.0,3.141592653589793,2.0943951023931953
ALFF5620ljk_9_00,148,10,0,121.5,0.6,159.3,21.1,140.4,10.850000000000001,-0.04999999999998295,1.200000000000001,1.0,1.2010412149464318,1.6124389058934707,1.0429273319380077,-1.8509043020929472,0.0025000000000005686,-0.007499999999999929,-1.2490457723981834,2.604113018291969
ALFF5620ljk_9_00,148,3,1,260.2,309.4,297.8,331.9,279.0,320.65,-0.14999999999997726,0.0,1.0,0.14999999999997726,3.141592653589793,0.0,0.0,0.0,0.0024999999999977263,1.5707963267948966,0.0
ALFF5620ljk_9_00,148,2,1,186.2,310.5,216.0,331.3,201.1,320.9,0.0,0.0,1.0,0.0,0.0,-0.15000000000000568,0.0,0.014999999999999148,0.0,0.0,2.0943951023931953
ALFF5620ljk_9_00,148,1,1,222.5,310.5,259.6,331.9,241.05,321.2,0.15000000000000568,0.0,1.0,0.15000000000000568,0.0,-0.15000000000000568,-1.5707963267948966,0.0,0.029999999999998295,1.5707963267948966,1.4162471237946026
ALFF5620ljk_9_00,149,15,1,94.4,310.5,179.2,335.8,136.8,323.15,0.10000000000002274,0.0,1.0,0.10000000000002274,0.0,-0.04999999999998295,-3.141592653589793,0.007500000000000284,0.014999999999997727,1.1071487177940147,3.141592653589793
ALFF5620ljk_9_00,149,12,1,285.6,310.8,355.5,335.5,320.55,323.15,-0.5500000000000114,0.0,1.0,0.5500000000000114,3.141592653589793,0.1500000000000341,0.0,-0.034999999999999434,0.0,3.141592653589793,1.0471975511965976
ALFF5620ljk_9_00,149,10,0,119.4,0.5,159.3,20.9,139.35000000000002,10.7,-1.049999999999983,-0.15000000000000213,1.0,1.0606601717798048,-2.999695598985625,-0.14038104316662703,1.6710508023004904,0.1200000000000017,-0.007500000000000018,-0.06241880999595662,2.113932401195535
ALFF5620ljk_9_00,149,3,1,260.2,309.4,298.1,331.9,279.15,320.65,0.14999999999997726,0.0,1.0,0.14999999999997726,0.0,0.0,-3.141592653589793,0.0074999999999988635,0.0024999999999977263,0.3217505543964148,1.0471975511965976
ALFF5620ljk_9_00,149,2,1,186.2,310.5,216.0,331.3,201.1,320.9,0.0,0.0,1.0,0.0,0.0,0.0,0.0,0.014999999999999148,0.0,0.0,1.0471975511965976
ALFF5620ljk_9_00,149,1,1,222.5,310.2,259.6,331.6,241.05,320.9,0.0,-0.30000000000001137,1.0,0.30000000000001137,-1.5707963267948966,0.15000000000000568,-1.5707963267948966,0.0,0.014999999999997727,1.5707963267948966,1.0471975511965976
ALFF5620ljk_9_00,150,19,0,284.8,141.6,336.4,162.1,310.6,151.85,0.0,-0.05000000000001137,4.0,0.012500000000002842,-1.5707963267948966,-0.03437500000000071,-3.141592653589793,0.010000000000002274,0.0,0.0,2.103636444884369
ALFF5620ljk_9_00,150,15,1,94.4,310.5,179.2,335.8,136.8,323.15,0.0,0.0,1.0,0.0,0.0,-0.10000000000002274,0.0,0.007500000000000284,0.014999999999997727,1.1071487177940147,2.0943951023931953
ALFF5620ljk_9_00,150,12,1,285.6,311.1,354.4,335.8,320.0,323.45000000000005,-0.5500000000000114,0.3000000000000682,1.0,0.626498204307126,2.642245931909576,0.07649820430711463,-0.499346721680217,-0.5100000000000022,0.0,3.141592653589793,1.2136464584233366
ALFF5620ljk_9_00,150,10,0,119.2,0.7,162.0,19.6,140.6,10.15,1.2499999999999716,-0.5499999999999989,1.0,1.36565002837474,-0.4145068745847936,0.30498985659493516,2.5851887244008314,0.175,-0.03249999999999993,-0.1836223261692798,2.0357146095980894
ALFF5620ljk_9_00,150,3,1,260.2,309.4,298.1,331.9,279.15,320.65,0.0,0.0,1.0,0.0,0.0,-0.14999999999997726,0.0,0.0074999999999988635,0.0024999999999977263,0.3217505543964148,1.0471975511965976
ALFF5620ljk_9_00,150,2,1,186.2,310.5,216.0,331.3,201.1,320.9,0.0,0.0,1.0,0.0,0.0,0.0,0.0,0.014999999999999148,0.0,0.0,0.0
ALFF5620ljk_9_00,150,1,1,222.5,310.2,259.6,331.6,241.05,320.9,0.0,0.0,1.0,0.0,0.0,-0.30000000000001137,1.5707963267948966,0.0,0.014999999999997727,1.5707963267948966,1.5707963267948966
ALFF5620ljk_9_00,151,19,0,284.6,141.5,336.4,162.3,310.5,151.9,-0.10000000000002274,0.05000000000001137,1.0,0.1118033988750149,2.677945044588987,0.09930339887501206,-2.0344439357957027,0.014999999999997727,0.0025000000000005686,0.1651486774146883,1.7348667490747538
ALFF5620ljk_9_00,151,15,1,94.5,310.5,179.2,335.8,136.85,323.15,0.04999999999998295,0.0,1.0,0.04999999999998295,0.0,0.04999999999998295,0.0,-0.0025000000000005686,0.014999999999997727,1.7359450042095848,1.0471975511965976
ALFF5620ljk_9_00,151,12,1,285.9,311.1,355.5,335.8,320.7,323.45000000000005,0.6999999999999886,0.0,1.0,0.6999999999999886,0.0,0.07350179569286264,-2.642245931909576,-0.025,0.01500000000000341,2.6011731533191087,1.0471975511965976
ALFF5620ljk_9_00,151,10,0,119.4,0.7,161.9,18.9,140.65,9.799999999999999,0.05000000000001137,-0.3500000000000014,1.0,0.3535533905932768,-1.4288992721907015,-1.012096637781463,-1.0143923976059077,-0.004999999999999716,-0.06000000000000005,-1.653937558683333,1.7568773081024096
ALFF5620ljk_9_00,151,3,1,260.2,309.4,298.7,331.9,279.45,320.65,0.30000000000001137,0.0,1.0,0.30000000000001137,0.0,0.30000000000001137,0.0,0.02249999999999943,0.0024999999999977263,0.1106572211737986,1.0471975511965976
ALFF5620ljk_9_00,151,2,1,186.2,310.5,216.0,331.3,201.1,320.9,0.0,0.0,1.0,0.0,0.0,0.0,0.0,0.014999999999999148,0.0,0.0,0.0
ALFF5620ljk_9_00,151,1,1,222.5,310.2,259.6,331.6,241.05,320.9,0.0,0.0,1.0,0.0,0.0,0.0,0.0,-0.007500000000000284,0.014999999999997727,2.034443935795778,1.0471975511965976
ALFF5620ljk_9_00,152,19,0,284.8,141.3,336.4,162.1,310.6,151.7,0.10000000000002274,-0.20000000000001705,1.0,0.2236067977500044,-1.1071487177940336,0.11180339887498948,2.4980915447965657,0.019999999999998862,0.0,0.0,2.55804271139402
ALFF5620ljk_9_00,152,15,1,94.2,310.5,179.2,335.8,136.7,323.15,-0.15000000000000568,0.0,1.0,0.15000000000000568,3.141592653589793,0.10000000000002274,3.141592653589793,-0.007500000000000284,0.014999999999997727,2.034443935795778,1.0471975511965976
ALFF5620ljk_9_00,152,12,1,285.8,311.1,355.5,335.8,320.65,323.45000000000005,-0.05000000000001137,0.0,1.0,0.05000000000001137,3.141592653589793,-0.6499999999999773,3.141592653589793,-0.030000000000001137,0.01500000000000341,2.677945044588911,2.0943951023931953
ALFF5620ljk_9_00,152,10,0,119.4,0.7,161.9,18.8,140.65,9.75,0.0,-0.049999999999998934,1.0,0.049999999999998934,-1.5707963267948966,-0.30355339059327785,-0.14189705460419513,0.18500000000000086,-0.05249999999999995,-0.27651394661747264,1.2471593922036444
ALFF5620ljk_9_00,152,3,1,260.2,309.4,298.7,331.9,279.45,320.65,0.0,0.0,1.0,0.0,0.0,-0.30000000000001137,0.0,0.02249999999999943,0.0024999999999977263,0.1106572211737986,0.0
ALFF5620ljk_9_00,152,2,1,186.2,310.5,216.0,331.3,201.1,320.9,0.0,0.0,1.0,0.0,0.0,0.0,0.0,0.014999999999999148,0.0,0.0,0.0
ALFF5620ljk_9_00,152,1,1,222.5,310.2,259.6,331.6,241.05,320.9,0.0,0.0,1.0,0.0,0.0,0.0,0.0,-0.007500000000000284,0.014999999999997727,2.034443935795778,0.5235987755982988
ALFF5620ljk_9_00,153,19,0,284.3,133.5,336.1,162.1,310.20000000000005,147.8,-0.39999999999997726,-3.8999999999999773,1.0,3.920459156782507,-1.673003044902145,3.6968523590325026,-0.5658543271081113,0.0,-0.027499999999999147,-1.5707963267948966,1.69946326923346
ALFF5620ljk_9_00,153,15,1,94.1,310.5,179.0,335.8,136.55,323.15,-0.14999999999997726,0.0,1.0,0.14999999999997726,3.141592653589793,-2.842170943040401e-14,0.0,0.0,0.014999999999997727,1.5707963267948966,1.0471975511965976
ALFF5620ljk_9_00,153,12,1,285.8,311.1,355.5,335.8,320.65,323.45000000000005,0.0,0.0,1.0,0.0,0.0,-0.05000000000001137,-3.141592653589793,-0.030000000000001137,0.01500000000000341,2.677945044588911,2.975143746363054
ALFF5620ljk_9_00,153,10,0,119.5,0.5,159.2,20.5,139.35,10.5,-1.3000000000000114,0.75,1.0,1.5008331019803733,2.6183143314578214,1.4508331019803744,-2.0940746489268687,0.11499999999999914,-0.014999999999999947,-0.12970253715591262,1.0834547003789903
ALFF5620ljk_9_00,153,3,1,260.2,309.9,299.0,331.3,279.6,320.6,0.1500000000000341,-0.049999999999954525,1.0,0.15811388300843693,-0.3217505543963012,0.15811388300843693,-0.3217505543963012,0.030000000000001137,0.0,0.0,0.10725018479876706
ALFF5620ljk_9_00,153,2,1,186.2,310.5,216.0,331.3,201.1,320.9,0.0,0.0,1.0,0.0,0.0,0.0,0.0,0.014999999999999148,0.0,0.0,0.0
ALFF5620ljk_9_00,153,1,1,222.5,310.2,259.6,331.6,241.05,320.9,0.0,0.0,1.0,0.0,0.0,0.0,0.0,-0.007500000000000284,0.014999999999997727,2.034443935795778,0.0
ALFF5620ljk_9_00,154,19,0,284.6,138.5,335.8,161.0,310.20000000000005,149.75,0.0,1.9499999999999886,1.0,1.9499999999999886,1.5707963267948966,-1.9704591567825185,-3.039385935482545,0.0,-0.09000000000000057,-1.5707963267948966,2.034443935795741
ALFF5620ljk_9_00,154,15,1,94.2,310.5,179.0,335.8,136.6,323.15,0.04999999999998295,0.0,1.0,0.04999999999998295,0.0,-0.09999999999999432,-3.141592653589793,0.0024999999999991474,0.014999999999997727,1.4056476493803005,2.0943951023931953
ALFF5620ljk_9_00,154,12,1,285.8,310.8,355.5,335.5,320.65,323.15,0.0,-0.3000000000000682,1.0,0.3000000000000682,-1.5707963267948966,0.3000000000000682,-1.5707963267948966,-0.042500000000001134,0.0,3.141592653589793,2.6179938779914944
ALFF5620ljk_9_00,154,10,0,119.5,0.5,159.2,20.6,139.35,10.55,0.0,0.05000000000000071,1.0,0.05000000000000071,1.5707963267948966,-1.4508331019803726,-1.0475180046629249,0.11749999999999972,-0.01249999999999991,-0.1059843579895994,1.094496569397996
ALFF5620ljk_9_00,154,3,1,260.4,309.9,299.2,331.3,279.79999999999995,320.6,0.1999999999999318,0.0,1.0,0.1999999999999318,0.0,0.04188611699149486,0.3217505543963012,0.039999999999997725,0.0,0.0,0.21450036959753413
ALFF5620ljk_9_00,154,2,1,186.2,310.5,216.0,331.3,201.1,320.9,0.0,0.0,1.0,0.0,0.0,0.0,0.0,0.014999999999999148,0.0,0.0,0.0
ALFF5620ljk_9_00,154,1,1,222.5,309.9,259.6,331.3,241.05,320.6,0.0,-0.2999999999999545,1.0,0.2999999999999545,-1.5707963267948966,0.2999999999999545,-1.5707963267948966,-0.007500000000000284,0.0,3.141592653589793,0.5235987755982988
ALFF5620ljk_9_00,155,19,0,284.6,138.5,335.8,161.0,310.20000000000005,149.75,0.0,0.0,1.0,0.0,0.0,-1.9499999999999886,-1.5707963267948966,0.0,-0.10499999999999972,-1.5707963267948966,1.7253455297951845
ALFF5620ljk_9_00,155,15,1,94.6,310.5,179.0,335.8,136.8,323.15,0.20000000000001705,0.0,1.0,0.20000000000001705,0.0,0.1500000000000341,0.0,0.005000000000001137,0.014999999999997727,1.2490457723981407,1.0471975511965976
ALFF5620ljk_9_00,155,12,1,285.8,310.5,356.1,335.2,320.95000000000005,322.85,0.3000000000000682,-0.2999999999999545,1.0,0.4242640687119446,-0.7853981633972589,0.1242640687118764,0.7853981633976376,-0.027499999999997728,0.0,3.141592653589793,1.832595714594109
ALFF5620ljk_9_00,155,10,0,119.4,0.6,161.3,18.5,140.35000000000002,9.55,1.0000000000000284,-1.0,1.0,1.4142135623731151,-0.7853981633974341,1.3642135623731144,-2.3561944901923306,0.007500000000001705,-0.007500000000000018,-0.7853981633973358,1.832595714594041
ALFF5620ljk_9_00,155,3,1,260.4,309.9,298.7,331.3,279.54999999999995,320.6,-0.25,0.0,1.0,0.25,3.141592653589793,0.05000000000006821,3.141592653589793,0.004999999999998295,0.0,0.0,1.2616979207941317
ALFF5620ljk_9_00,155,2,1,186.2,310.5,216.0,331.3,201.1,320.9,0.0,0.0,1.0,0.0,0.0,0.0,0.0,0.014999999999999148,0.014999999999997727,0.785398163397401,0.0
ALFF5620ljk_9_00,155,1,1,222.5,310.2,259.6,331.6,241.05,320.9,0.0,0.2999999999999545,1.0,0.2999999999999545,1.5707963267948966,0.0,3.141592653589793,0.007500000000000284,-0.015000000000000568,-1.1071487177940904,1.5707963267948966
ALFF5620ljk_9_00,156,19,0,284.6,136.9,336.4,161.2,310.5,149.05,0.2999999999999545,-0.6999999999999886,1.0,0.7615773105863625,-1.165904540509862,0.7615773105863625,-1.165904540509862,0.014999999999997727,-0.13499999999999943,-1.4601391056210171,1.9253622675957682
ALFF5620ljk_9_00,156,15,1,94.6,310.5,179.2,335.8,136.89999999999998,323.15,0.0999999999999659,0.0,1.0,0.0999999999999659,0.0,-0.10000000000005116,0.0,0.009999999999999431,0.014999999999997727,0.9827937232472853,1.0471975511965976
ALFF5620ljk_9_00,156,12,1,285.8,310.8,356.6,335.5,321.20000000000005,323.15,0.25,0.2999999999999545,1.0,0.3905124837952978,0.8760580505981188,-0.033751584916646815,1.6614562139953777,-0.0024999999999977263,0.0,3.141592653589793,1.3392169013959705
ALFF5620ljk_9_00,156,11,1,40.8,310.5,91.8,331.9,66.3,321.2,-19.200000000000003,-1.650000000000034,35.0,0.5505933719402096,-3.0558657778190463,0.014302667769720357,0.08572687577074706,0.039285714285714084,0.02142857142857224,0.4993467216801482,1.0757731764535134
ALFF5620ljk_9_00,156,10,0,119.4,0.6,161.4,18.6,140.4,9.600000000000001,0.04999999999998295,0.05000000000000071,1.0,0.07071067811864319,0.7853981633976259,-1.3435028842544718,1.57079632679506,0.010000000000000852,-0.004999999999999982,-0.4636476090007706,1.6581696072167713
ALFF5620ljk_9_00,156,3,1,259.9,309.9,297.6,331.3,278.75,320.6,-0.7999999999999545,0.0,1.0,0.7999999999999545,3.141592653589793,0.5499999999999545,0.0,-0.027499999999997728,0.0,3.141592653589793,1.1544477359953647
ALFF5620ljk_9_00,156,2,1,186.2,310.5,216.0,331.3,201.1,320.9,0.0,0.0,1.0,0.0,0.0,0.0,0.0,0.014999999999999148,0.014999999999997727,0.785398163397401,0.0
ALFF5620ljk_9_00,156,1,1,222.5,309.9,259.6,331.3,241.05,320.6,0.0,-0.2999999999999545,1.0,0.2999999999999545,-1.5707963267948966,0.0,-3.141592653589793,0.007500000000000284,-0.029999999999998295,-1.3258176636680101,2.6179938779914944
ALFF5620ljk_9_00,157,19,0,284.6,132.8,336.4,161.2,310.5,147.0,0.0,-2.0500000000000114,1.0,2.0500000000000114,-1.5707963267948966,1.288422689413649,-0.4048917862850346,0.014999999999997727,-0.24500000000000027,-1.5096481641456048,1.0471975511965979
ALFF5620ljk_9_00,157,15,1,95.1,310.5,179.2,335.8,137.14999999999998,323.15,0.25,0.0,1.0,0.25,0.0,0.1500000000000341,0.0,0.02249999999999943,0.014999999999997727,0.5880026035475093,0.0
ALFF5620ljk_9_00,157,12,1,285.8,310.5,356.6,335.2,321.20000000000005,322.85,0.0,-0.2999999999999545,1.0,0.2999999999999545,-1.5707963267948966,-0.09051248379534327,-2.4468543773930156,2.842170943040401e-15,-0.014999999999997727,-1.5707963267947072,1.6312362515953438
ALFF5620ljk_9_00,157,11,1,40.8,310.5,92.0,331.9,66.4,321.2,0.10000000000000853,0.0,1.0,0.10000000000000853,0.0,-0.4505933719402011,3.0558657778190463,0.04333333333333371,0.020000000000000757,0.43240777557054894,2.0651371382841215
ALFF5620ljk_9_00,157,10,0,119.4,0.6,161.4,18.6,140.4,9.600000000000001,0.0,0.0,1.0,0.0,0.0,-0.07071067811864319,-0.7853981633976258,0.010000000000000852,-0.004999999999999982,-0.4636476090007706,1.5707963267950051
ALFF5620ljk_9_00,157,3,1,260.2,309.9,298.7,331.3,279.45,320.6,0.6999999999999886,0.0,1.0,0.6999999999999886,0.0,-0.0999999999999659,-3.141592653589793,0.015000000000000568,0.0,0.0,2.0943951023931953
ALFF5620ljk_9_00,157,2,1,186.2,310.5,216.0,331.3,201.1,320.9,0.0,0.0,1.0,0.0,0.0,0.0,0.0,0.014999999999999148,0.014999999999997727,0.785398163397401,0.0
ALFF5620ljk_9_00,157,1,1,222.5,309.9,259.6,331.3,241.05,320.6,0.0,0.0,1.0,0.0,0.0,-0.2999999999999545,1.5707963267948966,0.007500000000000284,-0.014999999999997727,-1.1071487177940147,2.6179938779914944
ALFF5620ljk_9_00,158,19,0,284.3,133.2,336.1,161.3,310.20000000000005,147.25,-0.2999999999999545,0.25,1.0,0.3905124837952978,2.4468543773930156,-1.6594875162047136,-2.265534602991674,-0.014999999999997727,-0.23249999999999887,-1.6352231662204406,1.2787769765955237
ALFF5620ljk_9_00,158,15,1,94.9,310.5,179.2,335.8,137.05,323.15,-0.0999999999999659,0.0,1.0,0.0999999999999659,3.141592653589793,-0.1500000000000341,3.141592653589793,0.030000000000001137,-0.01500000000000341,-0.4636476090008819,1.0471975511965976
ALFF5620ljk_9_00,158,12,1,285.8,310.5,354.4,335.2,320.1,322.85,-1.1000000000000227,0.0,1.0,1.1000000000000227,3.141592653589793,0.8000000000000682,-1.5707963267948968,-0.06999999999999887,-0.0024999999999977263,-3.105893540910501,1.89303563939443
ALFF5620ljk_9_00,158,11,1,40.8,310.5,91.4,331.9,66.1,321.2,-0.30000000000001137,0.0,1.0,0.30000000000001137,3.141592653589793,0.20000000000000284,3.141592653589793,0.021874999999999645,0.01875000000000071,0.708626272127697,2.0943951023931953
ALFF5620ljk_9_00,158,10,0,119.5,0.6,161.4,18.5,140.45,9.55,0.04999999999998295,-0.05000000000000071,1.0,0.07071067811864319,-0.7853981633976259,0.07071067811864319,-0.7853981633976258,0.0125,-0.0125,-0.7853981633974483,1.0471975511967704
ALFF5620ljk_9_00,158,3,1,260.2,309.9,298.7,331.3,279.45,320.6,0.0,0.0,1.0,0.0,0.0,-0.6999999999999886,0.0,0.015000000000000568,0.0,0.0,1.0471975511965976
ALFF5620ljk_9_00,158,2,1,186.2,310.5,216.0,331.3,201.1,320.9,0.0,0.0,1.0,0.0,0.0,0.0,0.0,0.014999999999999148,0.014999999999997727,0.785398163397401,0.0
ALFF5620ljk_9_00,158,1,1,222.5,309.9,259.6,331.3,241.05,320.6,0.0,0.0,1.0,0.0,0.0,0.0,0.0,0.007500000000000284,-0.029999999999998295,-1.3258176636680101,1.5707963267948966
ALFF5620ljk_9_00,159,19,0,284.3,133.8,336.1,160.9,310.20000000000005,147.35000000000002,0.0,0.10000000000002274,1.0,0.10000000000002274,1.5707963267948966,-0.29051248379527506,-0.876058050598119,0.0,-0.22749999999999915,-1.5707963267948966,1.182161479958276
ALFF5620ljk_9_00,159,15,1,94.8,310.5,179.2,335.8,137.0,323.15,-0.05000000000001137,0.0,1.0,0.05000000000001137,3.141592653589793,-0.049999999999954525,0.0,0.02249999999999943,-0.01500000000000341,-0.5880026035476842,1.0471975511965976
ALFF5620ljk_9_00,159,12,1,285.8,310.5,355.5,335.2,320.65,322.85,0.5499999999999545,0.0,1.0,0.5499999999999545,0.0,-0.5500000000000682,-3.141592653589793,-0.042500000000001134,-0.0024999999999977263,-3.0828368308741254,2.3864144525925686
ALFF5620ljk_9_00,159,11,1,40.8,310.5,91.5,331.9,66.15,321.2,0.05000000000001137,0.0,1.0,0.05000000000001137,0.0,-0.25,-3.141592653589793,0.023529411764706215,0.01764705882353008,0.6435011087932959,3.113017028332878
ALFF5620ljk_9_00,159,10,0,119.4,0.7,162.3,18.5,140.85000000000002,9.6,0.4000000000000341,0.049999999999998934,1.0,0.4031128874149612,0.12435499454674832,0.33240220929631803,0.9097531579443743,0.03250000000000171,-0.007500000000000018,-0.22679884805387487,0.8268498282465417
ALFF5620ljk_9_00,159,3,1,260.2,309.9,298.7,331.3,279.45,320.6,0.0,0.0,1.0,0.0,0.0,0.0,0.0,0.009999999999999431,-0.014999999999997727,-0.9827937232472853,1.0471975511965976
ALFF5620ljk_9_00,159,2,1,186.0,310.5,215.9,331.3,200.95,320.9,-0.15000000000000568,0.0,1.0,0.15000000000000568,3.141592653589793,0.15000000000000568,3.141592653589793,0.0074999999999988635,-0.015000000000000568,-1.1071487177941661,1.0471975511965976
ALFF5620ljk_9_00,159,1,1,222.5,309.9,259.6,331.3,241.05,320.6,0.0,0.0,1.0,0.0,0.0,0.0,0.0,0.0,-0.014999999999997727,-1.5707963267948966,0.5235987755982988
ALFF5620ljk_9_00,160,19,0,284.3,135.3,336.1,160.9,310.20000000000005,148.10000000000002,0.0,0.75,1.0,0.75,1.5707963267948966,0.6499999999999773,0.0,0.0,-0.18749999999999858,-1.5707963267948966,1.0471975511965979
ALFF5620ljk_9_00,160,15,1,94.8,310.5,179.2,335.8,137.0,323.15,0.0,0.0,1.0,0.0,0.0,-0.05000000000001137,-3.141592653589793,0.034999999999999434,-0.01500000000000341,-0.4048917862851716,2.0943951023931953
ALFF5620ljk_9_00,160,12,1,285.8,310.5,354.9,335.2,320.35,322.85,-0.2999999999999545,0.0,1.0,0.2999999999999545,3.141592653589793,-0.25,3.141592653589793,-0.04499999999999886,-0.0024999999999977263,-3.086094148344125,2.6179938779914944
ALFF5620ljk_9_00,160,11,1,40.7,310.2,91.9,332.2,66.30000000000001,321.2,0.15000000000000568,0.0,1.0,0.15000000000000568,0.0,0.09999999999999432,0.0,0.030555555555556186,0.016666666666667298,0.49934672168013733,2.0943951023931953
ALFF5620ljk_9_00,160,10,0,119.4,0.7,162.7,18.6,141.05,9.65,0.19999999999998863,0.05000000000000071,1.0,0.20615528128087218,0.24497866312688088,-0.19695760613408902,0.12062366858013258,0.042500000000001134,-0.004999999999999982,-0.11710874456686077,0.6052583299740438
ALFF5620ljk_9_00,160,3,1,260.2,309.9,298.7,331.3,279.45,320.6,0.0,0.0,1.0,0.0,0.0,0.0,0.0,0.02249999999999943,0.0,0.0,0.0
ALFF5620ljk_9_00,160,2,1,186.2,310.5,216.0,331.3,201.1,320.9,0.15000000000000568,0.0,1.0,0.15000000000000568,0.0,0.0,-3.141592653589793,0.014999999999999148,-0.015000000000000568,-0.7853981633974956,2.0943951023931953
ALFF5620ljk_9_00,160,1,1,222.5,309.9,259.6,331.3,241.05,320.6,0.0,0.0,1.0,0.0,0.0,0.0,0.0,0.0,-0.029999999999998295,-1.5707963267948966,0.0
ALFF5620ljk_9_00,161,19,0,284.6,134.4,336.4,160.9,310.5,147.65,0.2999999999999545,-0.45000000000001705,1.0,0.5408326913195873,-0.9827937232474164,-0.20916730868041267,-2.553590050042313,0.0,-0.19500000000000028,-1.5707963267948966,1.143216033546811
ALFF5620ljk_9_00,161,15,1,139.9,311.1,178.6,331.3,159.25,321.20000000000005,22.25,-1.9499999999999318,1.0,22.335285984289516,-0.08741709354120211,22.335285984289516,-0.08741709354120214,1.1425000000000012,-0.1125,-0.09815186058828047,1.0763365823769984
ALFF5620ljk_9_00,161,12,1,285.6,311.1,357.8,335.8,321.70000000000005,323.45000000000005,1.3500000000000227,0.6000000000000227,1.0,1.4773286702694457,0.41822432957923694,1.1773286702694912,-2.723368324010556,0.022500000000002275,0.01500000000000341,0.5880026035476258,3.0021845437300474
ALFF5620ljk_9_00,161,10,0,121.8,0.5,158.5,21.6,140.15,11.05,-0.9000000000000057,1.4000000000000004,1.0,1.6643316977093272,2.142133806628526,1.458176416428455,1.8971551435016452,-0.014999999999999148,0.05250000000000003,1.8490959857999927,0.975843990008717
ALFF5620ljk_9_00,161,3,1,260.2,309.7,299.0,331.6,279.6,320.65,0.1500000000000341,0.049999999999954525,1.0,0.15811388300843693,0.3217505543963012,0.15811388300843693,0.3217505543963012,0.03500000000000227,0.0024999999999977263,0.07130746478522108,0.10725018479876706
ALFF5620ljk_9_00,161,2,1,186.0,309.9,215.9,331.3,200.95,320.6,-0.15000000000000568,-0.2999999999999545,1.0,0.3354101966249303,-2.034443935795778,0.18541019662492464,-2.034443935795778,0.0074999999999988635,-0.029999999999998295,-1.3258176636680548,2.772543080991788
ALFF5620ljk_9_00,161,1,1,222.8,309.9,259.3,331.3,241.05,320.6,0.0,0.0,1.0,0.0,0.0,0.0,0.0,0.0,-0.029999999999998295,-1.5707963267948966,0.0
ALFF5620ljk_9_00,162,19,0,284.6,134.4,336.4,160.9,310.5,147.65,0.0,0.0,1.0,0.0,0.0,-0.5408326913195873,0.9827937232474164,0.0025000000000005686,-0.13999999999999915,-1.55294108165534,1.1787945910965767
ALFF5620ljk_9_00,162,15,1,140.1,311.1,178.6,331.3,159.35,321.20000000000005,0.09999999999999432,0.0,1.0,0.09999999999999432,0.0,-22.235285984289522,0.08741709354120214,1.1475000000000009,-0.1125,-0.09772690735871867,1.105475613557399
ALFF5620ljk_9_00,162,12,1,285.6,311.1,357.8,335.8,321.70000000000005,323.45000000000005,0.0,0.0,1.0,0.0,0.0,-1.4773286702694457,-0.418224329579237,0.010000000000002274,0.02750000000000341,1.2220253232109564,2.0943951023931953
ALFF5620ljk_9_00,162,10,0,119.4,0.5,158.6,20.0,139.0,10.25,-1.1500000000000057,-0.8000000000000007,1.0,1.400892572612195,-2.5337906574758344,-0.2634391250971322,1.607260843075226,-0.075,-0.047499999999999966,-2.5770232599216936,1.2083465517190008
ALFF5620ljk_9_00,162,3,1,260.2,309.7,298.7,331.6,279.45,320.65,-0.1500000000000341,0.0,1.0,0.1500000000000341,3.141592653589793,-0.008113883008402822,2.819842099193492,-0.017499999999998295,0.0,3.141592653589793,1.0471975511965976
ALFF5620ljk_9_00,162,2,1,186.0,310.5,215.9,331.3,200.95,320.9,0.0,0.2999999999999545,1.0,0.2999999999999545,1.5707963267948966,-0.0354101966249758,-2.6779450445889115,-0.007500000000000284,0.0,3.141592653589793,2.6179938779914944
ALFF5620ljk_9_00,162,1,1,222.8,309.9,259.3,331.3,241.05,320.6,0.0,0.0,1.0,0.0,0.0,0.0,0.0,0.0,-0.014999999999997727,-1.5707963267948966,0.0
ALFF5620ljk_9_00,163,19,0,284.6,134.7,336.4,160.9,310.5,147.8,0.0,0.15000000000000568,1.0,0.15000000000000568,1.5707963267948966,0.15000000000000568,1.5707963267948966,0.014999999999997727,-0.16500000000000056,-1.4801364395941654,1.7023933666948754
ALFF5620ljk_9_00,163,15,1,139.9,311.1,178.6,331.3,159.25,321.20000000000005,-0.09999999999999432,0.0,1.0,0.09999999999999432,3.141592653589793,0.0,3.141592653589793,1.15,-0.1125,-0.09751580328754605,1.105475613557399
ALFF5620ljk_9_00,163,12,1,285.6,311.1,357.8,335.8,321.70000000000005,323.45000000000005,0.0,0.0,1.0,0.0,0.0,0.0,0.0,0.010000000000002274,0.030000000000001137,1.2490457723981976,1.0471975511965976
ALFF5620ljk_9_00,163,10,0,121.8,0.6,158.9,20.2,140.35,10.4,1.3499999999999943,0.15000000000000036,1.0,1.3583077707206068,0.11065722117389637,-0.0425848018915882,2.6444478786497307,-0.0025000000000005686,-0.022500000000000055,-1.6814535479688169,2.049621288408867
ALFF5620ljk_9_00,163,3,1,260.2,309.7,298.7,331.6,279.45,320.65,0.0,0.0,1.0,0.0,0.0,-0.1500000000000341,-3.141592653589793,-0.017499999999998295,0.0,3.141592653589793,2.0943951023931953
ALFF5620ljk_9_00,163,2,1,186.0,310.5,215.9,331.3,200.95,320.9,0.0,0.0,1.0,0.0,0.0,-0.2999999999999545,-1.5707963267948966,-0.007500000000000284,0.0,3.141592653589793,2.0943951023931953
ALFF5620ljk_9_00,163,1,1,222.8,309.9,259.3,331.3,241.05,320.6,0.0,0.0,1.0,0.0,0.0,0.0,0.0,0.0,-0.014999999999997727,-1.5707963267948966,0.0
ALFF5620ljk_9_00,164,19,0,284.6,134.3,336.4,160.7,310.5,147.5,0.0,-0.30000000000001137,1.0,0.30000000000001137,-1.5707963267948966,0.15000000000000568,-3.141592653589793,0.0,-0.2075000000000003,-1.5707963267948966,1.8983942345440354
ALFF5620ljk_9_00,164,15,1,139.9,311.1,178.6,331.3,159.25,321.20000000000005,0.0,0.0,1.0,0.0,0.0,-0.09999999999999432,-3.141592653589793,1.1224999999999994,-0.09749999999999659,-0.08664223103572063,2.123534133573596
ALFF5620ljk_9_00,164,12,1,285.8,311.1,357.8,335.8,321.8,323.45000000000005,0.0999999999999659,0.0,1.0,0.0999999999999659,0.0,0.0999999999999659,0.0,0.015000000000000568,0.01500000000000341,0.7853981633975429,0.13940810985974567
ALFF5620ljk_9_00,164,10,0,121.9,0.6,158.8,20.3,140.35000000000002,10.450000000000001,2.842170943040401e-14,0.05000000000000071,1.0,0.05000000000000071,1.5707963267943281,-1.3083077707206061,1.4601391056204318,-0.04749999999999943,0.03750000000000009,2.473303234759202,1.9039492757817957
ALFF5620ljk_9_00,164,3,1,260.2,309.7,298.7,331.6,279.45,320.65,0.0,0.0,1.0,0.0,0.0,0.0,0.0,-0.0125,0.0,3.141592653589793,1.9871449175944285
ALFF5620ljk_9_00,164,2,1,186.0,310.5,215.9,331.3,200.95,320.9,0.0,0.0,1.0,0.0,0.0,0.0,0.0,-0.007500000000000284,0.0,3.141592653589793,1.4162471237946026
ALFF5620ljk_9_00,164,1,1,222.9,309.9,259.5,331.3,241.2,320.6,0.14999999999997726,0.0,1.0,0.14999999999997726,0.0,0.14999999999997726,0.0,0.0074999999999988635,-0.014999999999997727,-1.1071487177940904,0.0
ALFF5620ljk_9_00,165,15,1,139.9,311.1,178.6,331.3,159.25,321.20000000000005,0.0,0.0,1.0,0.0,0.0,0.0,0.0,1.1224999999999994,-0.09749999999999659,-0.08664223103572063,2.0943951023931953
ALFF5620ljk_9_00,165,12,1,285.8,310.8,356.6,336.1,321.20000000000005,323.45000000000005,-0.5999999999999659,0.0,1.0,0.5999999999999659,3.141592653589793,0.5,3.141592653589793,2.842170943040401e-15,0.01500000000000341,1.5707963267947072,1.0471975511965976
ALFF5620ljk_9_00,165,10,0,121.8,0.6,158.1,20.0,139.95,10.3,-0.4000000000000341,-0.15000000000000036,1.0,0.42720018726590864,-2.782821983319248,0.3772001872659079,1.9295669970660099,-0.017500000000001136,0.030000000000000072,2.0988707752212834,2.011384660445391
ALFF5620ljk_9_00,165,3,1,260.2,309.4,297.3,331.9,278.75,320.65,-0.6999999999999886,0.0,1.0,0.6999999999999886,3.141592653589793,0.6999999999999886,3.141592653589793,-0.034999999999999434,0.0,3.141592653589793,2.0943951023931953
ALFF5620ljk_9_00,165,2,1,186.0,310.5,215.9,331.3,200.95,320.9,0.0,0.0,1.0,0.0,0.0,0.0,0.0,-0.007500000000000284,0.0,3.141592653589793,0.5235987755982988
ALFF5620ljk_9_00,165,1,1,222.9,309.9,259.5,331.3,241.2,320.6,0.0,0.0,1.0,0.0,0.0,-0.14999999999997726,0.0,0.014999999999999148,0.0,0.0,0.0
ALFF5620ljk_9_00,166,12,1,285.5,311.1,358.0,335.8,321.75,323.45000000000005,0.5499999999999545,0.0,1.0,0.5499999999999545,0.0,-0.05000000000001137,-3.141592653589793,0.02750000000000057,0.01500000000000341,0.499346721680217,2.0943951023931953
ALFF5620ljk_9_00,166,10,0,121.6,0.6,158.1,20.3,139.85,10.450000000000001,-0.09999999999999432,0.15000000000000036,1.0,0.18027756377319662,2.158798930342437,-0.24692262349271202,-1.3415643935179011,-0.0375,0.03750000000000009,2.3561944901923435,1.5770901654014473
ALFF5620ljk_9_00,166,3,1,260.2,309.9,298.4,331.3,279.29999999999995,320.6,0.5499999999999545,-0.049999999999954525,1.0,0.5522680508593136,-0.09065988720067057,-0.147731949140675,3.0509327663891224,0.0,-0.0024999999999977263,-1.5707963267948966,2.064175139992972
ALFF5620ljk_9_00,166,2,1,186.0,310.5,215.9,331.3,200.95,320.9,0.0,0.0,1.0,0.0,0.0,0.0,0.0,0.0,0.0,0.0,0.0
ALFF5620ljk_9_00,166,1,1,222.9,310.5,259.5,331.3,241.2,320.9,0.0,0.2999999999999545,1.0,0.2999999999999545,1.5707963267948966,0.2999999999999545,1.5707963267948966,0.014999999999999148,0.0,0.0,0.5235987755982988
ALFF5620ljk_9_00,167,12,1,285.5,311.1,358.0,335.8,321.75,323.45000000000005,0.0,0.0,1.0,0.0,0.0,-0.5499999999999545,0.0,0.0125,0.01500000000000341,0.8760580505983051,2.0943951023931953
ALFF5620ljk_9_00,167,10,0,121.6,0.6,158.1,20.3,139.85,10.450000000000001,0.0,0.0,1.0,0.0,0.0,-0.18027756377319662,-2.158798930342437,-0.029999999999999714,0.040000000000000036,2.214297435588176,1.8099767736421157
ALFF5620ljk_9_00,167,3,1,260.2,309.9,298.1,331.3,279.15,320.6,-0.14999999999997726,0.0,1.0,0.14999999999997726,3.141592653589793,-0.40226805085933637,-3.0509327663891224,0.0,-0.0024999999999977263,-1.5707963267948966,3.081152728789346
ALFF5620ljk_9_00,167,2,1,186.0,310.5,215.9,331.3,200.95,320.9,0.0,0.0,1.0,0.0,0.0,0.0,0.0,-0.007500000000000284,0.0,3.141592653589793,0.0
ALFF5620ljk_9_00,167,1,1,222.9,309.9,259.5,331.3,241.2,320.6,0.0,-0.2999999999999545,1.0,0.2999999999999545,-1.5707963267948966,0.0,-3.141592653589793,0.014999999999999148,-0.029999999999998295,-1.1071487177940904,1.5707963267948966
ALFF5620ljk_9_00,168,12,1,285.5,311.1,358.0,335.8,321.75,323.45000000000005,0.0,0.0,1.0,0.0,0.0,0.0,0.0,0.03249999999999886,0.01500000000000341,0.43240777557063764,1.0471975511965976
ALFF5620ljk_9_00,168,10,0,121.6,0.6,158.1,20.3,139.85,10.450000000000001,0.0,0.0,1.0,0.0,0.0,0.0,0.0,-0.02750000000000057,-0.020000000000000018,-2.51279636717437,1.1667877746201125
ALFF5620ljk_9_00,168,3,1,259.9,309.9,298.1,331.3,279.0,320.6,-0.14999999999997726,0.0,1.0,0.14999999999997726,3.141592653589793,0.0,0.0,0.0,-0.0024999999999977263,-1.5707963267948966,2.0339551775927482
ALFF5620ljk_9_00,168,2,1,186.0,310.5,215.9,331.3,200.95,320.9,0.0,0.0,1.0,0.0,0.0,0.0,0.0,-0.007500000000000284,0.0,3.141592653589793,0.0
ALFF5620ljk_9_00,168,1,1,222.9,309.9,259.5,331.3,241.2,320.6,0.0,0.0,1.0,0.0,0.0,-0.2999999999999545,1.5707963267948966,0.0074999999999988635,-0.029999999999998295,-1.3258176636680548,2.0943951023931953
ALFF5620ljk_9_00,169,12,1,285.8,311.1,357.8,335.8,321.8,323.45000000000005,0.05000000000001137,0.0,1.0,0.05000000000001137,0.0,0.05000000000001137,0.0,0.0625,0.01500000000000341,0.23554498072091495,0.0
ALFF5620ljk_9_00,169,3,1,259.9,309.9,298.1,331.3,279.0,320.6,0.0,0.0,1.0,0.0,0.0,-0.14999999999997726,-3.141592653589793,-0.0074999999999988635,-0.0024999999999977263,-2.8198420991933784,2.064175139992972
ALFF5620ljk_9_00,169,2,1,186.0,310.5,216.1,331.3,201.05,320.9,0.10000000000002274,0.0,1.0,0.10000000000002274,0.0,0.10000000000002274,0.0,-0.0024999999999991474,0.0,3.141592653589793,0.0
ALFF5620ljk_9_00,169,1,1,222.9,309.9,259.5,331.3,241.2,320.6,0.0,0.0,1.0,0.0,0.0,0.0,0.0,0.0074999999999988635,-0.014999999999997727,-1.1071487177940904,1.5707963267948966
ALFF5620ljk_9_00,170,12,1,285.6,311.1,357.8,335.8,321.70000000000005,323.45000000000005,-0.0999999999999659,0.0,1.0,0.0999999999999659,3.141592653589793,0.049999999999954525,3.141592653589793,0.08500000000000227,0.0,0.0,1.0471975511965976
ALFF5620ljk_9_00,170,3,1,260.2,309.9,298.4,331.3,279.29999999999995,320.6,0.2999999999999545,0.0,1.0,0.2999999999999545,0.0,0.2999999999999545,0.0,0.0074999999999988635,-0.0024999999999977263,-0.3217505543964148,1.0471975511965976
ALFF5620ljk_9_00,170,2,1,186.2,310.5,216.0,331.3,201.1,320.9,0.04999999999998295,0.0,1.0,0.04999999999998295,0.0,-0.05000000000003979,0.0,0.0,0.0,0.0,0.0
ALFF5620ljk_9_00,170,1,1,223.0,309.9,259.6,331.3,241.3,320.6,0.10000000000002274,0.0,1.0,0.10000000000002274,0.0,0.10000000000002274,0.0,0.0125,-0.014999999999997727,-0.8760580505981187,0.5235987755982988
ALFF5620ljk_9_00,171,12,1,285.8,311.1,357.8,335.8,321.8,323.45000000000005,0.0999999999999659,0.0,1.0,0.0999999999999659,0.0,0.0,-3.141592653589793,0.05500000000000114,0.0,0.0,2.0943951023931953
ALFF5620ljk_9_00,171,3,1,260.2,309.9,298.1,331.3,279.15,320.6,-0.14999999999997726,0.0,1.0,0.14999999999997726,3.141592653589793,-0.14999999999997726,3.141592653589793,-0.015000000000000568,-0.0024999999999977263,-2.97644397617532,2.0943951023931953
ALFF5620ljk_9_00,171,2,1,186.2,310.5,216.0,331.3,201.1,320.9,0.0,0.0,1.0,0.0,0.0,-0.04999999999998295,0.0,0.0,0.0,0.0,0.0
ALFF5620ljk_9_00,171,1,1,223.0,309.9,259.6,331.3,241.3,320.6,0.0,0.0,1.0,0.0,0.0,-0.10000000000002274,0.0,0.0125,-0.014999999999997727,-0.8760580505981187,0.0
