video_name,frame_idx,track_id,class_id,x1,y1,x2,y2,cx,cy,dx,dy,dframes,velocity,direction,acceleration,direction_change,rolling_dx,rolling_dy,traj_direction,curvature
yqaUDA6i5GY_00,0,6,0,703.8000002647059,385.59999975,736.1999997352941,416.20000025,720.0,400.9,,,,0.0,0.0,0.0,0.0,,,0.0,0.0
yqaUDA6i5GY_00,0,5,0,1007.5000002840908,456.89999975,1069.999999715909,511.90000025,1038.75,484.4,,,,0.0,0.0,0.0,0.0,,,0.0,0.0
yqaUDA6i5GY_00,0,4,0,243.10000015943527,841.1999997500001,289.3999998405648,913.80000025,266.25000000000006,877.5,,,,0.0,0.0,0.0,0.0,,,0.0,0.0
yqaUDA6i5GY_00,0,3,3,638.8000001749999,704.99999975,673.799999825,755.00000025,656.3,730.0,,,,0.0,0.0,0.0,0.0,,,0.0,0.0
yqaUDA6i5GY_00,0,2,0,1782.5000004707792,784.99999975,2144.999999529221,977.50000025,1963.75,881.25,,,,0.0,0.0,0.0,0.0,,,0.0,0.0
yqaUDA6i5GY_00,0,1,0,1455.000000435,778.79999975,1672.499999565,903.80000025,1563.75,841.3,,,,0.0,0.0,0.0,0.0,,,0.0,0.0
yqaUDA6i5GY_00,2,6,0,703.1,385.0,736.9,416.2,720.0,400.6,0.0,-0.2999999999999545,2.0,0.14999999999997726,-1.5707963267948966,0.0,0.0,0.0,-0.2999999999999545,-1.5707963267948966,0.0
yqaUDA6i5GY_00,2,5,0,1001.2,455.0,1065.0,510.0,1033.1,482.5,-5.650000000000091,-1.8999999999999773,2.0,2.9804571796957986,-2.817189585520155,0.0,0.0,-5.650000000000091,-1.8999999999999773,-2.817189585520155,0.0
yqaUDA6i5GY_00,2,4,0,242.8,841.2,289.7,913.8,266.25,877.5,-5.684341886080802e-14,0.0,2.0,2.842170943040401e-14,3.141592653589793,0.0,0.0,-5.684341886080802e-14,0.0,3.141592653589793,0.0
yqaUDA6i5GY_00,2,3,3,638.8,705.0,673.8,755.0,656.3,730.0,0.0,0.0,2.0,0.0,0.0,0.0,0.0,0.0,0.0,0.0,0.0
yqaUDA6i5GY_00,2,2,0,1745.0,766.2,2085.0,946.2,1915.0,856.2,-48.75,-25.049999999999955,2.0,27.404675695946477,-2.6669295782786313,0.0,0.0,-48.75,-25.049999999999955,-2.6669295782786313,0.0
yqaUDA6i5GY_00,2,1,0,1422.5,761.2,1632.5,883.8,1527.5,822.5,-36.25,-18.799999999999955,2.0,20.41753229457467,-2.663159703671917,0.0,0.0,-36.25,-18.799999999999955,-2.663159703671917,0.0
yqaUDA6i5GY_00,4,6,0,705.0,389.4,740.0,418.8,722.5,404.1,2.5,3.5,2.0,2.1505813167606567,0.9505468408120751,1.0002906583803397,2.5213431676069717,1.25,1.6000000000000227,0.9075933340888102,0.8404477225356572
yqaUDA6i5GY_00,4,5,0,997.5,452.5,1057.5,506.2,1027.5,479.35,-5.599999999999909,-3.1499999999999773,2.0,3.212572956369973,-2.6292031932790514,0.1160578883370873,0.1879863922411036,-5.625,-2.5249999999999773,-2.7196631124773503,0.06266213074703454
yqaUDA6i5GY_00,4,4,0,242.3,840.0,291.4,915.0,266.85,877.5,0.6000000000000227,0.0,2.0,0.30000000000001137,0.0,0.14999999999999147,-3.141592653589793,0.29999999999998295,0.0,0.0,1.0471975511965976
yqaUDA6i5GY_00,4,3,3,638.8,705.0,673.8,755.0,656.3,730.0,0.0,0.0,2.0,0.0,0.0,0.0,0.0,0.0,0.0,0.0,0.0
yqaUDA6i5GY_00,4,2,0,1707.5,752.5,2032.5,923.8,1870.0,838.15,-45.0,-18.050000000000068,2.0,24.242537511572518,-2.7601287892173674,-1.5810690921869792,-0.09319921093873608,-46.875,-21.55000000000001,-2.7106740297935668,0.03106640364624536
yqaUDA6i5GY_00,4,1,0,1396.2,745.6,1598.8,861.9,1497.5,803.75,-30.0,-18.75,2.0,17.68871462260613,-2.5829933382462307,-1.3644088359842694,0.08016636542568636,-33.125,-18.774999999999977,-2.6259484388648837,0.02672212180856212
yqaUDA6i5GY_00,6,6,0,705.6,390.0,739.4,416.2,722.5,403.1,0.0,-1.0,2.0,0.5,-1.5707963267948966,-0.8252906583803283,-2.5213431676069717,0.8333333333333334,0.7333333333333485,0.7216548508647714,1.6808954450713145
yqaUDA6i5GY_00,6,5,0,988.8,449.4,1053.8,500.6,1021.3,475.0,-6.2000000000000455,-4.350000000000023,2.0,3.7869017679364476,-2.5297850238571566,0.2871644057832372,0.09941816942189476,-5.8166666666666815,-3.1333333333333258,-2.647480432117631,0.09580152055433279
yqaUDA6i5GY_00,6,4,0,242.2,842.5,290.0,913.8,266.1,878.15,-0.75,0.6499999999999773,2.0,0.4962358310319728,2.4275019549776524,0.0981179155159807,2.4275019549776524,-0.05000000000001137,0.2166666666666591,1.79759517484884,1.8563648695224817
yqaUDA6i5GY_00,6,3,3,639.1,688.1,673.8,754.4,656.45,721.25,0.15000000000009095,-8.75,2.0,4.3756428099194755,-1.5536551486562775,2.1878214049597378,-1.5536551486562775,0.05000000000003032,-2.9166666666666665,-1.5536551486562775,0.5178850495520925
yqaUDA6i5GY_00,6,2,0,1675.0,738.8,1985.0,908.8,1830.0,823.8,-40.0,-14.350000000000023,2.0,21.248073442079406,-2.797144099965855,-1.4972320347465562,-0.03701531074848762,-44.583333333333336,-19.150000000000016,-2.7358890327365355,0.0434048405624079
yqaUDA6i5GY_00,6,1,0,1370.0,730.0,1565.0,845.0,1467.5,787.5,-30.0,-16.25,2.0,17.059180079945225,-2.645169900184911,-0.314767271330453,-0.06217656193868049,-32.083333333333336,-17.93333333333332,-2.6318956084706358,0.04744764245478895
yqaUDA6i5GY_00,8,6,0,705.0,391.2,738.8,418.8,721.9,405.0,-0.6000000000000227,1.8999999999999773,2.0,0.9962429422585564,1.876675198199763,0.24812147112927818,-2.8357137821849268,0.4749999999999943,1.0250000000000057,1.1368429574010066,2.62613337246629
yqaUDA6i5GY_00,8,5,0,982.5,449.4,1045.0,496.9,1013.75,473.15,-7.5499999999999545,-1.8500000000000227,2.0,3.8866759576789844,-2.9012941434990176,0.04988709487126841,-0.371509119641861,-6.25,-2.8125,-2.718738727456852,0.21963789376828646
yqaUDA6i5GY_00,8,4,0,242.2,843.8,289.1,913.8,265.65,878.8,-0.4500000000000455,0.6499999999999773,2.0,0.395284707521051,2.1763409903999302,-0.05047556175546089,-0.25116096457772225,-0.1500000000000199,0.32499999999998863,2.003204102365498,1.9400851910483894
yqaUDA6i5GY_00,8,3,3,638.8,686.2,672.5,753.8,655.65,720.0,-0.8000000000000682,-1.25,2.0,0.7420411039828099,-2.1401095178955973,-1.8168008529683328,-0.5864543692393198,-0.16249999999999432,-2.5,-1.6357050164883278,0.7133698392985325
yqaUDA6i5GY_00,8,2,0,1643.8,725.0,1941.2,887.5,1792.5,806.25,-37.5,-17.549999999999955,2.0,20.701766228996007,-2.7038711628495586,-0.2731536065416993,0.09327293711629638,-42.8125,-18.75,-2.728799363619074,0.07449581960117337
yqaUDA6i5GY_00,8,1,0,1348.8,720.6,1536.2,830.6,1442.5,775.6,-25.0,-11.899999999999977,2.0,13.843861455533274,-2.6973287231905525,-1.6076593122059757,-0.05215882300564134,-30.3125,-16.424999999999983,-2.645023782920204,0.06483391679000274
yqaUDA6i5GY_00,10,6,0,705.6,383.8,741.9,422.5,723.75,403.15,1.8500000000000227,-1.8500000000000227,2.0,1.308147545195129,-0.7853981633974483,0.15595230146828631,-2.662073361597211,0.75,0.45,0.5404195002705842,2.673043437129703
yqaUDA6i5GY_00,10,5,0,976.2,447.8,1038.8,493.4,1007.5,470.6,-6.25,-2.5499999999999545,2.0,3.3750925913224874,-2.754208805821203,-0.2557916831782485,0.14708533767781476,-6.25,-2.759999999999991,-2.7257460873998665,0.20600420891385685
yqaUDA6i5GY_00,10,4,0,242.2,843.8,289.1,911.2,265.65,877.5,0.0,-1.2999999999999545,2.0,0.6499999999999773,-1.5707963267948966,0.12735764623946313,2.53604798998476,-0.12000000000001591,0.0,3.141592653589793,1.7382369698467113
yqaUDA6i5GY_00,10,3,3,638.8,686.2,672.5,753.8,655.65,720.0,0.0,0.0,2.0,0.0,0.0,-0.37102055199140493,2.1401095178955973,-0.12999999999999545,-2.0,-1.6357050164883278,1.426739678597065
yqaUDA6i5GY_00,10,2,0,1617.5,715.0,1902.5,867.5,1760.0,791.25,-32.5,-15.0,2.0,17.89727632909544,-2.709184878019255,-1.4022449499502834,-0.005313715169696476,-40.75,-18.0,-2.72564752234314,0.04520065434482682
yqaUDA6i5GY_00,10,1,0,1331.2,711.2,1508.8,817.5,1420.0,764.35,-22.5,-11.25,2.0,12.577882373436317,-2.677945044588987,-0.6329895410484783,0.019383678601565535,-28.75,-15.389999999999986,-2.650102056535145,0.044573021181962456
yqaUDA6i5GY_00,12,8,0,692.5,375.6,717.5,395.6,705.0,385.6,,,,0.0,0.0,0.0,0.0,,,0.0,0.0
yqaUDA6i5GY_00,12,6,0,710.0,392.8,745.0,423.4,727.5,408.1,3.75,4.9500000000000455,2.0,3.1050362316726856,0.9224643377076402,0.8984443432387783,1.7078625011050885,1.25,1.2000000000000075,0.7649928327109133,2.401883214962409
yqaUDA6i5GY_00,12,5,0,968.8,445.9,1031.2,489.7,1000.0,467.79999999999995,-7.5,-2.800000000000068,2.0,4.002811511925099,-2.784283970581685,0.31385946030130585,-0.03007516476048222,-6.458333333333333,-2.7666666666666706,-2.736856606284917,0.18288987402671933
yqaUDA6i5GY_00,12,4,0,242.8,843.8,288.4,913.8,265.6,878.8,-0.049999999999954525,1.2999999999999545,2.0,0.6504805915628608,1.609238916816051,0.00024029578144174613,-3.1031500635686387,-0.10833333333333901,0.2166666666666591,2.0344439357957373,1.963453006043707
yqaUDA6i5GY_00,12,3,3,638.1,686.2,673.1,753.8,655.6,720.0,-0.049999999999954525,0.0,2.0,0.024999999999977263,3.141592653589793,0.012499999999988631,3.141592653589793,-0.1166666666666553,-1.6666666666666667,-1.6406823284295322,1.95605218024157
yqaUDA6i5GY_00,12,2,0,1587.5,705.0,1867.5,845.0,1727.5,775.0,-32.5,-16.25,2.0,18.16805231718579,-2.677945044588987,0.13538799404517476,0.031239833430268142,-39.375,-17.708333333333332,-2.7189587494555023,0.043275495238753674
yqaUDA6i5GY_00,12,1,0,1315.0,701.2,1485.0,802.5,1400.0,751.85,-20.0,-12.5,2.0,11.792476415070755,-2.5829933382462307,-0.39270297918278096,0.0949517063427563,-27.291666666666668,-14.908333333333323,-2.6416257305306408,0.0554980693166544
yqaUDA6i5GY_00,14,8,0,692.5,375.0,717.5,396.2,705.0,385.6,0.0,0.0,2.0,0.0,0.0,0.0,0.0,0.0,0.0,0.0,0.0
yqaUDA6i5GY_00,14,6,0,710.0,393.1,747.5,421.9,728.75,407.5,1.25,-0.6000000000000227,2.0,0.6932712311931073,-0.44751997515718467,-1.205882500239789,-1.3699843128648248,1.25,0.9428571428571461,0.6462383282345507,1.9133067251890417
yqaUDA6i5GY_00,14,5,0,962.5,442.5,1025.0,486.2,993.75,464.35,-6.25,-3.449999999999932,2.0,3.5694887589121054,-2.63721523091693,-0.21666137650649686,0.14706873966475523,-6.428571428571429,-2.8642857142857077,-2.7224408716796193,0.10807641403435074
yqaUDA6i5GY_00,14,4,0,242.8,843.8,288.4,913.8,265.6,878.8,0.0,0.0,2.0,0.0,0.0,-0.3252402957814304,-1.609238916816051,-0.09285714285714773,0.18571428571427923,2.034443935795738,2.4161456567898165
yqaUDA6i5GY_00,14,3,3,639.1,686.2,673.8,753.8,656.45,720.0,0.8500000000000227,0.0,2.0,0.42500000000001137,0.0,0.20000000000001705,-3.141592653589793,0.021428571428584422,-1.4285714285714286,-1.5557974516430368,2.807764941691728
yqaUDA6i5GY_00,14,2,0,1567.5,695.0,1832.5,838.8,1700.0,766.9,-27.5,-8.100000000000023,2.0,14.334050369661748,-2.8551475111054136,-1.917000973762021,-0.1772024665164267,-37.67857142857143,-16.33571428571429,-2.7324986356112766,0.07125200503879711
yqaUDA6i5GY_00,14,1,0,1295.0,693.8,1465.0,791.2,1380.0,742.5,-20.0,-9.350000000000023,2.0,11.038823533329994,-2.7042814057724147,-0.37682644087038053,-0.12128806752618407,-26.25,-14.114285714285709,-2.6482518657007996,0.07854115082350198
yqaUDA6i5GY_00,16,8,0,691.2,375.3,716.2,397.8,703.7,386.55,-1.2999999999999545,0.9499999999999886,2.0,0.8050621094052093,2.510513266118453,0.40253105470260464,2.510513266118453,-0.6499999999999773,0.4749999999999943,2.510513266118453,0.8368377553728177
yqaUDA6i5GY_00,16,6,0,712.5,382.2,750.0,425.9,731.25,404.04999999999995,2.5,-3.4500000000000455,2.0,2.1302875392772873,-0.9437256642058844,0.71850815404209,-0.4962056890486998,1.40625,0.39374999999999716,0.2730087030867087,1.1913508343395376
yqaUDA6i5GY_00,16,5,0,956.2,440.6,1018.8,483.1,987.5,461.85,-6.25,-2.5,2.0,3.365728004459065,-2.761086276477428,-0.10188037722652021,-0.12387104556049837,-6.40625,-2.8187499999999943,-2.727085779005008,0.10033831666191194
yqaUDA6i5GY_00,16,4,0,242.7,843.8,288.0,913.8,265.35,878.8,-0.25,0.0,2.0,0.125,3.141592653589793,0.0625,3.141592653589793,-0.11250000000000426,0.16249999999999432,2.1763409903999005,2.6179938779914944
yqaUDA6i5GY_00,16,3,3,639.1,686.2,673.8,753.8,656.45,720.0,0.0,0.0,2.0,0.0,0.0,-0.21250000000000568,0.0,0.01875000000001137,-1.25,-1.5557974516430368,2.0943951023931953
yqaUDA6i5GY_00,16,2,0,1545.0,685.0,1802.5,820.0,1673.75,752.5,-26.25,-14.399999999999977,2.0,14.970157814799409,-2.639846896128276,0.31805372256883047,0.21530061497713773,-36.25,-16.09375,-2.7237683239892307,0.1412476383079442
yqaUDA6i5GY_00,16,1,0,1282.5,685.6,1447.5,783.1,1365.0,734.35,-15.0,-8.149999999999977,2.0,8.535550655933095,-2.6438822090842145,-1.2516364386984495,0.06039919668820027,-24.84375,-13.368749999999991,-2.6479213602848195,0.09221299018571355
yqaUDA6i5GY_00,18,8,0,691.2,377.5,716.2,398.8,703.7,388.15,0.0,1.599999999999966,2.0,0.799999999999983,1.5707963267948966,-0.002531054702613167,-0.9397169393235566,-0.4333333333333182,0.8499999999999849,2.042256276855797,1.1500767351473364
yqaUDA6i5GY_00,18,6,0,714.4,395.6,749.4,424.4,731.9,410.0,0.6499999999999773,5.9500000000000455,2.0,2.992699450329105,1.4619841219776561,0.4312059555259089,2.4057097861835404,1.3222222222222197,1.0111111111111137,0.6528466311007765,1.4239665960323549
yqaUDA6i5GY_00,18,5,0,952.5,436.9,1012.5,478.8,982.5,457.85,-5.0,-4.0,2.0,3.2015621187164243,-2.4668517113662403,-0.08208294287132034,0.294234565111188,-6.25,-2.949999999999995,-2.7005948922351424,0.1883914501121472
yqaUDA6i5GY_00,18,4,0,242.0,841.2,288.9,913.8,265.45,877.5,0.0999999999999659,-1.2999999999999545,2.0,0.6519202405202409,-1.494024435525142,0.26346012026012045,1.6475682180646516,-0.08888888888889647,0.0,3.141592653589793,2.132799929490165
yqaUDA6i5GY_00,18,3,3,639.1,686.9,673.8,754.4,656.45,720.65,0.0,0.6499999999999773,2.0,0.32499999999998863,1.5707963267948966,0.16249999999999432,1.5707963267948966,0.016666666666676773,-1.0388888888888914,-1.554754922148243,1.5707963267948966
yqaUDA6i5GY_00,18,2,0,1520.0,675.6,1775.0,805.6,1647.5,740.6,-26.25,-11.899999999999977,2.0,14.41069481322812,-2.7159701852501623,-0.279731500785644,-0.07612328912188639,-35.138888888888886,-15.627777777777775,-2.723118973061598,0.15620879020515027
yqaUDA6i5GY_00,18,1,0,1270.0,677.5,1430.0,775.0,1350.0,726.25,-15.0,-8.100000000000023,2.0,8.523643587105228,-2.6464593901213878,-0.005953534413933426,-0.0025771810371733035,-23.75,-12.783333333333328,-2.6478186907120063,0.06142148175051921
yqaUDA6i5GY_00,20,8,0,691.2,377.8,718.8,399.7,705.0,388.75,1.2999999999999545,0.6000000000000227,2.0,0.7158910531638019,0.43240777557056553,-0.04205447341809054,-1.138388551224331,0.0,0.7874999999999943,1.5707963267948966,1.5295395855554468
yqaUDA6i5GY_00,20,6,0,715.0,396.9,751.2,428.1,733.1,412.5,1.2000000000000455,2.5,2.0,1.3865424623862146,1.123276351637712,-0.8030784939714453,-0.3387077703399442,1.3100000000000023,1.1600000000000024,0.7247439091702833,1.0802077485240613
yqaUDA6i5GY_00,20,5,0,946.2,433.1,1003.8,475.6,975.0,454.35,-7.5,-3.5,2.0,4.138236339311712,-2.704965493776252,0.4683371102976439,-0.2381137824100117,-6.375,-3.0049999999999955,-2.7011081496297393,0.21873979769389937
yqaUDA6i5GY_00,20,4,0,242.2,840.0,289.7,913.8,265.95,876.9,0.5,-0.6000000000000227,2.0,0.3905124837953415,-0.876058050598212,-0.1307038783624497,0.6179663849269299,-0.03000000000000682,-0.060000000000002274,-2.034443935795778,1.8023757521937915
yqaUDA6i5GY_00,20,3,3,639.1,686.9,673.8,754.4,656.45,720.65,0.0,0.0,2.0,0.0,0.0,-0.16249999999999432,-1.5707963267948966,0.015000000000009095,-0.9350000000000023,-1.554754922148243,1.0471975511965976
yqaUDA6i5GY_00,20,2,0,1505.0,668.8,1750.0,801.2,1627.5,735.0,-20.0,-5.600000000000023,2.0,10.384603988597739,-2.8685839505030817,-2.013045412315191,-0.1526137652529194,-33.625,-14.625,-2.7313293880797223,0.14801255645064784
yqaUDA6i5GY_00,20,1,0,1263.8,673.8,1416.2,766.2,1340.0,720.0,-10.0,-6.25,2.0,5.896238207535378,-2.5829933382462307,-1.3137026897849253,0.06346605187515708,-22.375,-12.129999999999995,-2.644817224905517,0.04214747653351022
yqaUDA6i5GY_00,22,8,0,692.5,378.8,718.8,401.2,705.65,390.0,0.6499999999999773,1.25,2.0,0.7044501401802633,1.0912770348023146,-0.005720456491769277,0.658869259231749,0.12999999999999545,0.8799999999999955,1.424129832997708,0.9123249165932122
yqaUDA6i5GY_00,22,6,0,715.0,397.5,752.5,428.1,733.75,412.8,0.6499999999999773,0.30000000000001137,2.0,0.35794552658190093,0.43240777557056553,-0.5142984679021568,-0.6908685760671464,1.25,1.081818181818185,0.713398082016998,1.1450953775302104
yqaUDA6i5GY_00,22,5,0,941.2,431.9,998.8,471.9,970.0,451.9,-5.0,-2.4500000000000455,2.0,2.783994432465707,-2.6859770003785615,-0.6771209534230025,0.018988493397690483,-6.25,-2.9545454545454546,-2.700000291282502,0.18377894697296338
yqaUDA6i5GY_00,22,4,0,242.2,842.5,289.7,912.5,265.95,877.5,0.0,0.6000000000000227,2.0,0.30000000000001137,1.5707963267948966,-0.045256241897665056,2.4468543773931084,-0.027272727272733475,0.0,3.141592653589793,1.5707963267948966
yqaUDA6i5GY_00,22,3,3,639.1,686.2,673.8,753.8,656.45,720.0,0.0,-0.6499999999999773,2.0,0.32499999999998863,-1.5707963267948966,0.16249999999999432,-1.5707963267948966,0.013636363636371905,-0.9090909090909091,-1.5557974516430368,1.5707963267948966
yqaUDA6i5GY_00,22,2,0,1490.0,663.8,1727.5,786.2,1608.75,725.0,-18.75,-10.0,2.0,10.625,-2.6516353273360647,0.12019800570113048,0.21694862316701705,-32.27272727272727,-14.204545454545455,-2.7269677849052596,0.14856189251394095
yqaUDA6i5GY_00,22,1,0,1251.2,666.2,1403.8,758.8,1327.5,712.5,-12.5,-7.5,2.0,7.2886898685566255,-2.601173153319209,0.6962258305106239,-0.018179815072978386,-21.477272727272727,-11.709090909090905,-2.642453551547498,0.02807434932843626
yqaUDA6i5GY_00,24,8,0,692.5,378.8,717.5,402.5,705.0,390.65,-0.6499999999999773,0.6499999999999773,2.0,0.45961940777123983,2.356194490192345,-0.12241536620451174,1.2649174553900302,0.0,0.8416666666666591,1.5707963267948966,1.02072508861537
yqaUDA6i5GY_00,24,6,0,717.5,396.6,757.5,431.6,737.5,414.1,3.75,1.3000000000000114,2.0,1.9844709622466155,0.333702176537553,0.8132627178323573,-0.09870559903301256,1.4583333333333333,1.1000000000000039,0.6462383282345507,0.37609398181336773
yqaUDA6i5GY_00,24,5,0,935.6,428.1,991.9,468.1,963.75,448.1,-6.25,-3.7999999999999545,2.0,3.657270156824611,-2.595311555738919,0.436637862179452,0.09066544463964245,-6.25,-3.0249999999999964,-2.6908267796789085,0.11592257348244821
yqaUDA6i5GY_00,24,4,0,242.2,840.0,289.4,912.5,265.79999999999995,876.25,-0.1500000000000341,-1.25,2.0,0.6294839156007106,-1.690225252813262,0.16474195780034961,3.022163727571428,-0.037500000000008527,-0.10416666666666667,-1.9163519073766813,2.028994829963822
yqaUDA6i5GY_00,24,3,3,639.4,698.8,673.1,753.8,656.25,726.3,-0.20000000000004547,6.2999999999999545,2.0,3.151586901863863,1.602531700323362,1.4132934509319373,-3.1098572800613278,-0.004166666666662877,-0.3083333333333371,-1.5843090178082124,2.0838166445503736
yqaUDA6i5GY_00,24,2,0,1477.5,657.5,1707.5,782.5,1592.5,720.0,-16.25,-5.0,2.0,8.500919067959652,-2.843093722003614,-1.062040466020174,-0.19145839466754924,-30.9375,-13.4375,-2.73183472566541,0.18700692769582858
yqaUDA6i5GY_00,24,1,0,1242.5,661.2,1392.5,753.8,1317.5,707.5,-10.0,-5.0,2.0,5.5901699437494745,-2.677945044588987,-0.8492599624035755,-0.07677189126977792,-20.520833333333332,-11.149999999999997,-2.643869145303702,0.052805919405971125
yqaUDA6i5GY_00,26,8,0,693.8,379.4,718.8,403.1,706.3,391.25,1.2999999999999545,0.6000000000000227,2.0,0.7158910531638019,0.43240777557056553,0.12813582269628102,-1.9237867146217793,0.18571428571427923,0.8071428571428539,1.3446438910621015,1.2825244764145196
yqaUDA6i5GY_00,26,6,0,717.5,399.4,758.8,431.9,738.15,415.65,0.6499999999999773,1.5499999999999545,2.0,0.8403868156985552,1.1737168815699164,-0.5720420732740301,0.8400147050323634,1.3961538461538443,1.1346153846153846,0.6824202570417524,0.5431962933775075
yqaUDA6i5GY_00,26,5,0,928.8,425.0,983.8,466.2,956.3,445.6,-7.4500000000000455,-2.5,2.0,3.9291379461658216,-2.817830029473787,0.13593389467060524,-0.2225184737348678,-6.3423076923076955,-2.984615384615381,-2.7017500707740574,0.11072413725740025
yqaUDA6i5GY_00,26,4,0,242.2,842.5,289.7,912.5,265.95,877.5,0.1500000000000341,1.25,2.0,0.6294839156007106,1.4513674007765311,0.0,3.141592653589793,-0.023076923076928324,0.0,3.141592653589793,2.870203586184777
yqaUDA6i5GY_00,26,3,3,639.4,698.8,673.1,753.8,656.25,726.3,0.0,0.0,2.0,0.0,0.0,-1.5757934509319316,-1.602531700323362,-0.0038461538461503483,-0.2846153846153881,-1.5843090178082124,2.0943951023931953
yqaUDA6i5GY_00,26,2,0,1465.0,651.9,1690.0,774.4,1577.5,713.15,-15.0,-6.850000000000023,2.0,8.245036385608016,-2.7132085750676125,-0.12794134117581812,0.12988514693600142,-29.71153846153846,-12.930769230769233,-2.731105626369855,0.17943072159018925
yqaUDA6i5GY_00,26,1,0,1238.8,657.5,1383.8,747.5,1311.3,702.5,-6.2000000000000455,-5.0,2.0,3.982461550347993,-2.462930162841484,-0.8038541967007407,0.21501488174750308,-19.419230769230772,-10.676923076923073,-2.6388939117749515,0.10332219603008647
yqaUDA6i5GY_00,28,8,0,695.0,381.2,720.0,406.2,707.5,393.7,1.2000000000000455,2.4499999999999886,2.0,1.364047286570379,1.1153452555439862,0.32407811670328857,0.6829374799734206,0.3125,1.0124999999999957,1.2714300927375435,1.2905472166617433
yqaUDA6i5GY_00,28,6,0,722.5,401.2,758.8,435.0,740.65,418.1,2.5,2.4500000000000455,2.0,1.7501785623187296,0.7752974968121357,0.4548958733100872,-0.3984193847577808,1.4749999999999983,1.2285714285714318,0.694500067530415,0.4457132296077189
yqaUDA6i5GY_00,28,5,0,923.1,425.9,975.6,462.8,949.35,444.35,-6.949999999999932,-1.25,2.0,3.5307577090477,-2.963639088179991,-0.19919011855906077,-0.1458090587062042,-6.385714285714284,-2.8607142857142827,-2.720414352503159,0.15299765902690482
yqaUDA6i5GY_00,28,4,0,242.5,841.2,290.0,913.8,266.25,877.5,0.30000000000001137,0.0,2.0,0.15000000000000568,0.0,-0.23974195780035246,-1.4513674007765311,-4.0602442043434294e-15,0.0,3.141592653589793,2.538374593979251
yqaUDA6i5GY_00,28,3,3,639.4,698.8,673.1,753.8,656.25,726.3,0.0,0.0,2.0,0.0,0.0,0.0,0.0,-0.003571428571425323,-0.2642857142857175,-1.5843090178082124,1.5707963267948966
yqaUDA6i5GY_00,28,2,0,1455.0,645.0,1672.5,757.5,1563.75,701.25,-13.75,-11.899999999999977,2.0,9.092201328611232,-2.4281945715727975,0.4235824715016081,0.285014003494815,-28.571428571428573,-12.857142857142858,-2.718738727456852,0.20211918169945522
yqaUDA6i5GY_00,28,1,0,1231.2,655.0,1376.2,745.0,1303.7,700.0,-7.599999999999909,-2.5,2.0,4.000312487793879,-2.8237946477798976,0.008925468722942975,-0.36086448493841383,-18.574999999999996,-10.09285714285714,-2.643863900754123,0.21755041931856497
yqaUDA6i5GY_00,30,8,0,695.0,381.2,720.0,407.5,707.5,394.35,0.0,0.6500000000000341,2.0,0.32500000000001705,1.5707963267948966,-0.519523643285181,0.45545107125091044,0.2777777777777778,0.9722222222222222,1.2924966677897851,1.02072508861537
yqaUDA6i5GY_00,30,6,0,723.8,401.6,761.2,437.2,742.5,419.4,1.8500000000000227,1.2999999999999545,2.0,1.1305419054594976,0.6125375566102811,-0.309818328429616,-0.1627599402018546,1.5,1.2333333333333334,0.6881449651458826,0.46706467666399965
yqaUDA6i5GY_00,30,5,0,917.5,422.5,970.0,460.0,943.75,441.25,-5.600000000000023,-3.1000000000000227,2.0,3.2003906011610677,-2.6360115987155863,-0.16518355394331619,0.32762748946440473,-6.333333333333333,-2.876666666666665,-2.715242772988008,0.23198500730182559
yqaUDA6i5GY_00,30,2,0,1443.8,640.0,1658.8,751.2,1551.3,695.6,-12.450000000000045,-5.649999999999977,2.0,6.836025892285679,-2.7155704872654987,-1.1280877181627762,-0.28737591569270116,-27.49666666666667,-12.376666666666665,-2.7186429598800146,0.23409168870783917
yqaUDA6i5GY_00,30,1,0,1227.5,652.5,1370.0,740.0,1298.75,696.25,-4.9500000000000455,-3.75,2.0,3.1050362316726856,-2.493260664502537,-0.4476381280605968,0.3305339832773609,-17.666666666666668,-9.669999999999996,-2.6407797347725825,0.3021377833210926
yqaUDA6i5GY_00,32,8,0,693.8,378.8,721.2,407.5,707.5,393.15,0.0,-1.2000000000000455,2.0,0.6000000000000227,-1.5707963267948966,0.13750000000000284,-3.141592653589793,0.25,0.7549999999999955,1.2510338413495985,1.426660401604708
yqaUDA6i5GY_00,32,6,0,725.0,402.2,766.2,439.7,745.6,420.95,3.1000000000000227,1.5500000000000114,2.0,1.7329526825623498,0.46364760900080615,0.3012053885514261,-0.14888994760947497,1.6000000000000014,1.2531250000000007,0.6644147002428732,0.2366897575230368
yqaUDA6i5GY_00,32,5,0,911.2,420.6,963.8,456.9,937.5,438.75,-6.25,-2.5,2.0,3.365728004459065,-2.761086276477428,0.08266870164899864,-0.12507467776184192,-6.328125,-2.8531249999999986,-2.7180202925372505,0.19950374197748363
yqaUDA6i5GY_00,32,2,0,1433.8,637.2,1643.8,755.0,1538.8,696.1,-12.5,0.5,2.0,6.254998001598402,3.1016139664665032,-0.2905139453436387,-0.46600085344758424,-26.559375000000003,-11.571874999999999,-2.7306954439061446,0.3461302575450335
yqaUDA6i5GY_00,32,1,0,1222.5,649.4,1365.0,738.1,1293.75,693.75,-5.0,-2.5,2.0,2.7950849718747373,-2.677945044588987,-0.15497562989897418,-0.1846843800864502,-16.875,-9.221874999999997,-2.6414548133550237,0.2920276161007416
yqaUDA6i5GY_00,34,8,0,696.2,383.1,723.8,408.8,710.0,395.95000000000005,2.5,2.800000000000068,2.0,1.8768324379123713,0.8419416003422777,0.6384162189561743,2.412737927137174,0.45454545454545453,0.940909090909093,1.1207665529859874,2.003260550659293
yqaUDA6i5GY_00,34,6,0,727.5,407.5,767.5,440.0,747.5,423.75,1.8999999999999773,2.8000000000000114,2.0,1.6918924315688615,0.9745971854974238,-0.020530125496744156,0.5109495764966177,1.6176470588235294,1.344117647058825,0.6933058689400238,0.2741998214359824
yqaUDA6i5GY_00,34,5,0,907.5,418.8,957.5,455.0,932.5,436.9,-5.0,-1.8500000000000227,2.0,2.6656378223607238,-2.787212734466351,-0.3500450910491706,-0.026126457988922876,-6.25,-2.7941176470588234,-2.72118730238705,0.15960954173838984
yqaUDA6i5GY_00,34,2,0,1425.0,632.8,1632.5,750.0,1528.75,691.4,-10.049999999999955,-4.7000000000000455,2.0,5.547352972364377,-2.704148722926019,-0.35382251461701264,0.4774226177870643,-25.58823529411765,-11.167647058823531,-2.730074966567357,0.41026646230911656
yqaUDA6i5GY_00,34,1,0,1218.8,647.5,1361.2,735.0,1290.0,691.25,-3.75,-2.5,2.0,2.2534695471649933,-2.5535900500422253,-0.270807712354872,0.12435499454676174,-16.102941176470587,-8.826470588235292,-2.640187927119989,0.21319111930352427
yqaUDA6i5GY_00,36,8,0,695.6,381.2,724.4,411.2,710.0,396.2,0.0,0.24999999999994316,2.0,0.12499999999997158,1.5707963267948966,-0.8759162189561999,0.7288547264526187,0.4166666666666667,0.8833333333333305,1.1300454790154733,2.0943951023931953
yqaUDA6i5GY_00,36,6,0,722.5,405.6,770.0,443.1,746.25,424.35,-1.25,0.6000000000000227,2.0,0.6932712311931073,2.6940726784326086,-0.4993106001878771,1.7194754929351848,1.4583333333333333,1.3027777777777803,0.7291196271086873,0.7931050056804257
yqaUDA6i5GY_00,36,5,0,900.6,416.9,951.9,451.9,926.25,434.4,-6.25,-2.5,2.0,3.365728004459065,-2.761086276477428,0.3500450910491706,0.026126457988922876,-6.25,-2.7777777777777777,-2.723368324010564,0.059109197913229224
yqaUDA6i5GY_00,36,4,0,241.9,841.2,291.2,916.2,266.55,878.7,0.30000000000001137,1.2000000000000455,8.0,0.15461646096066814,1.3258176636680323,0.0005770576200828069,1.3258176636680323,0.019999999999996968,0.08000000000000303,1.325817663668077,1.9729259060114523
yqaUDA6i5GY_00,36,2,0,1412.5,630.6,1622.5,743.1,1517.5,686.85,-11.25,-4.5499999999999545,2.0,6.067639574002389,-2.757260740433999,0.2601433008190064,-0.053112017507979996,-24.791666666666668,-10.799999999999999,-2.7307526511304934,0.33217849624754286
yqaUDA6i5GY_00,36,1,0,1215.0,645.0,1355.0,733.8,1285.0,689.4,-5.0,-1.8500000000000227,2.0,2.6656378223607238,-2.787212734466351,0.20608413759786526,-0.23362268442412581,-15.48611111111111,-8.438888888888888,-2.6426481794461996,0.1808873530191126
yqaUDA6i5GY_00,38,8,0,696.2,379.1,726.2,411.6,711.2,395.35,1.2000000000000455,-0.8499999999999659,2.0,0.7352720584926459,-0.6162969373960344,0.30513602924633715,-2.1870932641909304,0.47692307692308045,0.75,1.0043990043803421,1.7762286392602409
yqaUDA6i5GY_00,38,6,0,725.0,408.8,772.5,443.8,748.75,426.3,2.5,1.9499999999999886,2.0,1.5852838862487655,0.6624262938331483,0.4460063275278291,-2.03164638459946,1.513157894736842,1.3368421052631596,0.7236117189395055,1.4206904846770876
yqaUDA6i5GY_00,38,5,0,896.2,414.4,943.8,449.4,920.0,431.9,-6.25,-2.5,2.0,3.365728004459065,-2.761086276477428,0.0,0.0,-6.25,-2.763157894736842,-2.7253233557328516,0.017417638659281916
yqaUDA6i5GY_00,38,4,0,241.7,841.2,291.1,916.2,266.4,878.7,-0.1500000000000341,0.0,2.0,0.07500000000001705,3.141592653589793,-0.03980823048032554,1.8157749899217608,0.009374999999995026,0.07500000000000284,1.446441332248205,1.5309866847887748
yqaUDA6i5GY_00,38,2,0,1410.0,627.5,1610.0,723.8,1510.0,675.65,-7.5,-11.200000000000045,2.0,6.739621651101808,-2.160856540607372,0.33599103854970913,0.596404199826627,-23.88157894736842,-10.821052631578949,-2.716153015534083,0.3756462783738905
yqaUDA6i5GY_00,38,1,0,1207.5,643.8,1350.0,731.2,1278.75,687.5,-6.25,-1.8999999999999773,2.0,3.266209576864286,-2.8464701863811968,0.30028587725178113,-0.05925745191484566,-15.0,-8.094736842105261,-2.6467310908526427,0.13907837696191108
yqaUDA6i5GY_00,40,6,0,731.2,410.0,775.0,446.2,753.1,428.1,4.350000000000023,1.8000000000000114,2.0,2.3538532239712953,0.39234014421551616,0.3842846688612649,-0.27008614961763217,1.6550000000000011,1.3600000000000023,0.6878645051989114,1.3404026757174259
yqaUDA6i5GY_00,40,5,0,891.2,413.1,940.0,446.9,915.6,430.0,-4.399999999999977,-1.8999999999999773,2.0,2.3963513932643368,-2.7339611481321686,-0.4846883055973641,0.027125128345259594,-6.157499999999999,-2.719999999999999,-2.72563084890289,0.017750528778060822
yqaUDA6i5GY_00,40,4,0,241.9,841.2,291.2,916.2,266.55,878.7,0.1500000000000341,0.0,2.0,0.07500000000001705,0.0,0.0,-3.141592653589793,0.017647058823526737,0.07058823529412032,1.325817663668077,2.0943951023931953
yqaUDA6i5GY_00,40,2,0,1405.0,624.4,1605.0,723.1,1505.0,673.75,-5.0,-1.8999999999999773,2.0,2.6744158240632623,-2.7784456436436207,-2.0326029135192725,-0.6175891030362485,-22.9375,-10.375,-2.716814346766909,0.4223684401236185
yqaUDA6i5GY_00,40,1,0,1203.8,640.6,1346.2,726.9,1275.0,683.75,-3.75,-3.75,2.0,2.6516504294495533,-2.356194490192345,-0.30727957370736636,0.490275696188852,-14.4375,-7.877499999999998,-2.642112486968625,0.26105194417594113
yqaUDA6i5GY_00,42,6,0,733.8,411.2,778.8,447.5,756.3,429.35,3.199999999999932,1.25,2.0,1.7177383386301566,0.3723984466767615,-0.31805744267056935,-0.019941697538754685,1.8149999999999977,1.4375,0.6698505933506447,0.7738914105852822
yqaUDA6i5GY_00,42,5,0,886.2,411.9,933.8,444.4,910.0,428.15,-5.600000000000023,-1.8500000000000227,2.0,2.9488345155332274,-2.8225230579174174,0.2762415611344453,-0.0885619097852488,-6.154999999999996,-2.717500000000001,-2.725820594051485,0.0385623460435028
yqaUDA6i5GY_00,42,4,0,241.7,841.2,291.1,915.0,266.4,878.1,-0.1500000000000341,-0.6000000000000227,2.0,0.3092329219213397,-1.8157749899218052,0.11711646096066133,-1.8157749899218052,0.008333333333328911,0.033333333333334596,1.3258176636681662,2.257714211144453
yqaUDA6i5GY_00,42,2,0,1400.0,622.8,1597.5,725.0,1498.75,673.9,-6.25,0.14999999999997726,2.0,3.125899870437311,3.1175972599979267,0.2257420231870244,-0.3871424035380397,-20.8125,-9.115000000000004,-2.7287978922572917,0.5337119021336384
yqaUDA6i5GY_00,42,1,0,1202.5,640.6,1341.2,724.4,1271.85,682.5,-3.150000000000091,-1.25,2.0,1.6944763202830966,-2.7638259956499818,-0.47858705458322837,-0.407631505457637,-12.782500000000004,-7.0,-2.6405756844314503,0.31905488452044484
yqaUDA6i5GY_00,44,6,0,736.9,415.3,783.1,451.6,760.0,433.45000000000005,3.7000000000000455,4.100000000000023,2.0,2.761340254296839,0.8366353308008636,0.5218009578333411,0.46423688412410213,1.875,1.4675000000000011,0.6640821133587375,0.25142157709349633
yqaUDA6i5GY_00,44,5,0,882.5,410.0,927.5,441.9,905.0,425.95,-5.0,-2.1999999999999886,2.0,2.7313000567495305,-2.727085779005009,-0.10876722939184846,0.0954372789124083,-6.125,-2.6700000000000017,-2.730510516978605,0.0703747723476389
yqaUDA6i5GY_00,44,4,0,241.6,841.2,290.9,916.2,266.25,878.7,-0.14999999999997726,0.6000000000000227,2.0,0.30923292192133284,1.8157749899217162,-3.4416913763379853e-15,-2.6516353273360647,-2.991758887410948e-15,0.0631578947368445,1.5707963267949439,2.5363343236158875
yqaUDA6i5GY_00,44,2,0,1392.5,620.3,1592.5,720.0,1492.5,670.15,-6.25,-3.75,2.0,3.6443449342783127,-2.601173153319209,0.2592225319205008,0.5644148938624503,-18.875,-8.4,-2.722876863182704,0.5230488001455794
yqaUDA6i5GY_00,44,1,0,1196.2,636.2,1336.2,721.2,1266.2,678.7,-5.649999999999864,-3.7999999999999545,2.0,3.4045006976059686,-2.549516752814479,0.855012188661436,0.21430924283550293,-11.564999999999998,-6.252499999999998,-2.645964120323483,0.37073881482733057
yqaUDA6i5GY_00,46,8,0,702.5,391.6,735.0,418.4,718.75,405.0,7.5499999999999545,9.649999999999977,8.0,1.53156884435535,0.9068898873150758,0.099537098232838,1.5231868247111102,0.9821428571428571,1.3857142857142841,0.9542134095681996,1.4797116051182198
yqaUDA6i5GY_00,46,6,0,735.0,415.3,785.0,454.7,760.0,435.0,0.0,1.5499999999999545,2.0,0.7749999999999773,1.5707963267948966,-0.9931701271484308,0.7341609959940328,1.875,1.5949999999999989,0.7048809712878341,0.40611319255229655
yqaUDA6i5GY_00,46,5,0,878.8,408.1,921.2,439.4,900.0,423.75,-5.0,-2.1999999999999886,2.0,2.7313000567495305,-2.727085779005009,0.0,0.0,-6.064999999999998,-2.5625,-2.7418361863742033,0.06133306289921903
yqaUDA6i5GY_00,46,4,0,241.7,841.2,291.1,916.2,266.4,878.7,0.14999999999997726,0.0,2.0,0.07499999999998863,0.0,-0.1171164609606721,-1.8157749899217162,0.007499999999996021,0.060000000000002274,1.446441332248205,2.0943951023931953
yqaUDA6i5GY_00,46,2,0,1388.8,618.8,1586.2,728.8,1487.5,673.8,-5.0,3.6499999999999773,2.0,3.0952584706289,2.5110148963748613,-0.2745432318247063,-1.1709972574855154,-17.125,-7.5,-2.728799363619074,0.7075181849620017
yqaUDA6i5GY_00,46,1,0,1190.0,636.2,1331.2,718.8,1260.6,677.5,-5.600000000000136,-1.2000000000000455,2.0,2.863564212655342,-2.9304993203670437,-0.2704682424753133,-0.380982567552565,-10.345000000000004,-5.5,-2.652940711306531,0.3343077719485683
yqaUDA6i5GY_00,48,8,0,706.2,392.2,736.2,419.7,721.2,405.95,2.4500000000000455,0.9499999999999886,2.0,1.3138683343471105,0.3699060674565474,-0.10885025500411971,-0.5369838198585284,1.080000000000003,1.3566666666666645,0.8984570611304912,1.4157546362535232
yqaUDA6i5GY_00,48,6,0,732.5,416.9,787.5,455.6,760.0,436.25,0.0,1.25,2.0,0.625,1.5707963267948966,-0.07499999999998863,0.0,1.9050000000000011,1.5625,0.6869431891852118,0.39946596003937823
yqaUDA6i5GY_00,48,5,0,873.8,406.2,916.2,437.5,895.0,421.85,-5.0,-1.8999999999999773,2.0,2.6744158240632623,-2.7784456436436207,-0.028442116343134094,-0.05135986463861152,-5.9375,-2.5649999999999977,-2.7338079149124037,0.048932381183673275
yqaUDA6i5GY_00,48,4,0,241.9,841.2,291.2,916.2,266.55,878.7,0.1500000000000341,0.0,2.0,0.07500000000001705,0.0,1.4210854715202004e-14,0.0,0.015000000000000568,0.060000000000002274,1.3258176636680323,1.4891367724192603
yqaUDA6i5GY_00,48,2,0,1388.8,618.1,1581.2,726.9,1485.0,672.5,-2.5,-1.2999999999999545,2.0,1.4089002803605266,-2.662073361597211,-0.8431790951341868,1.1100970492075142,-15.375,-6.6875,-2.731316680469135,0.9485030668518265
yqaUDA6i5GY_00,48,1,0,1182.5,633.1,1325.0,716.9,1253.75,675.0,-6.849999999999909,-2.5,2.0,3.6459738068175542,-2.79165000437915,0.3912047970811061,0.13884931598789366,-9.4375,-5.030000000000001,-2.6519103510499265,0.2447137087919872
yqaUDA6i5GY_00,50,12,0,697.5,378.1,722.5,401.9,710.0,390.0,,,,0.0,0.0,0.0,0.0,,,0.0,0.0
yqaUDA6i5GY_00,50,8,0,708.8,396.2,738.8,422.5,723.8,409.35,2.599999999999909,3.400000000000034,2.0,2.1400934559032554,0.917949695694144,0.41311256077807246,0.5480436282375964,1.1749999999999972,1.484375,0.9012113069163097,0.8694047576024116
yqaUDA6i5GY_00,50,6,0,740.0,418.1,790.0,459.4,765.0,438.75,5.0,2.5,2.0,2.7950849718747373,0.46364760900080615,1.0850424859373686,-1.1071487177940904,2.0625,1.7800000000000011,0.7120103539640851,0.6137699045960411
yqaUDA6i5GY_00,50,5,0,868.8,402.8,911.2,434.7,890.0,418.75,-5.0,-3.1000000000000227,2.0,2.9415132160165514,-2.586596926251203,0.13354869597664454,0.19184871739241777,-5.875,-2.592500000000001,-2.7260167485243803,0.08106952734367644
yqaUDA6i5GY_00,50,4,0,241.9,841.2,291.2,916.2,266.55,878.7,0.0,0.0,2.0,0.0,0.0,-0.037500000000008527,0.0,-0.015000000000000568,0.060000000000002274,1.8157749899217608,0.6052583299739054
yqaUDA6i5GY_00,50,2,0,1385.0,617.5,1580.0,726.2,1482.5,671.85,-2.5,-0.6499999999999773,2.0,1.2915591353089462,-2.887224595036536,-0.05867057252579022,-0.22515123343932464,-13.875,-5.969999999999999,-2.7352665222197707,0.8354151800441181
yqaUDA6i5GY_00,50,1,0,1175.0,633.1,1317.5,713.1,1246.25,673.1,-7.5,-1.8999999999999773,2.0,3.8684622267769373,-2.8934792044931195,0.11124420997969153,-0.10182920011396938,-8.6875,-4.5625,-2.658004667954728,0.2072203612181427
yqaUDA6i5GY_00,52,15,0,1800.0,943.1,2157.5,1076.9,1978.75,1010.0,,,,0.0,0.0,0.0,0.0,,,0.0,0.0
yqaUDA6i5GY_00,52,12,0,697.5,378.1,725.0,403.1,711.25,390.6,1.25,0.6000000000000227,2.0,0.6932712311931073,0.44751997515718467,0.0,0.0,1.25,0.6000000000000227,0.44751997515718467,0.0
yqaUDA6i5GY_00,52,8,0,710.0,396.2,740.0,423.8,725.0,410.0,1.2000000000000455,0.6499999999999773,2.0,0.6823672031978236,0.4964227534048514,-0.7288631263527159,-0.4215269422892926,1.1764705882352942,1.4352941176470575,0.8841747554651105,0.5021847967951392
yqaUDA6i5GY_00,52,6,0,739.4,416.6,794.4,460.3,766.9,438.45000000000005,1.8999999999999773,-0.2999999999999545,2.0,0.9617692030835525,-0.15660187698199385,-0.9166578843955924,-0.6202494859827999,1.9699999999999989,1.5175000000000012,0.6563698936396611,0.5757994012589633
yqaUDA6i5GY_00,52,5,0,863.8,402.2,903.8,432.8,883.8,417.5,-6.2000000000000455,-1.25,2.0,3.1623764798012495,-2.942646707385236,0.11043163189234906,-0.3560497811340331,-5.810000000000002,-2.514999999999998,-2.7330713073849093,0.19975278772168747
yqaUDA6i5GY_00,52,4,0,241.7,841.2,291.1,916.2,266.4,878.7,-0.1500000000000341,0.0,2.0,0.07500000000001705,3.141592653589793,0.037500000000008527,3.141592653589793,0.014999999999997727,0.02750000000000341,1.0714496051148823,1.0471975511965976
yqaUDA6i5GY_00,52,2,0,1383.8,616.6,1581.2,726.2,1482.5,671.4000000000001,0.0,-0.4499999999999318,2.0,0.2249999999999659,-1.5707963267948966,-0.5332795676544901,1.3164282682416393,-12.25,-5.179999999999995,-2.7415384245924366,0.8838921836294927
yqaUDA6i5GY_00,52,1,0,1163.8,628.1,1308.8,710.6,1236.3,669.35,-9.950000000000045,-3.75,2.0,5.316601358010606,-2.78117091162194,0.7240695656168346,0.1123082928711794,-8.185000000000002,-4.125,-2.6747735499772123,0.11766226965768083
yqaUDA6i5GY_00,54,15,0,1757.5,922.5,2167.5,1077.5,1962.5,1000.0,-16.25,-10.0,2.0,9.540210951546092,-2.589937671061246,0.0,0.0,-16.25,-10.0,-2.589937671061246,0.0
yqaUDA6i5GY_00,54,12,0,700.6,378.8,724.4,403.8,712.5,391.3,1.25,0.6999999999999886,2.0,0.7163274390947174,0.5104883219167689,0.011528103950805058,0.0629683467595842,1.25,0.6500000000000057,0.4795192919925998,0.0209894489198614
yqaUDA6i5GY_00,54,8,0,711.2,398.8,743.8,425.0,727.5,411.9,2.5,1.8999999999999773,2.0,1.5700318468107513,0.6498704494119418,0.4438323218064638,0.15344769600709046,1.25,1.4611111111111086,0.863110198545674,0.37433942217799315
yqaUDA6i5GY_00,54,6,0,739.4,418.1,799.4,464.4,769.4,441.25,2.5,2.7999999999999545,2.0,1.876832437912329,0.8419416003422575,0.4575316174143882,0.9985434773242514,2.032499999999999,1.6875,0.6929207572965312,0.9086472270337138
yqaUDA6i5GY_00,54,5,0,858.1,400.6,900.6,431.9,879.35,416.25,-4.449999999999932,-1.25,2.0,2.3111144497838807,-2.8677506173626464,-0.4256310150086844,0.07489609002258969,-5.719999999999999,-2.405000000000001,-2.743578337960941,0.20759819618301353
yqaUDA6i5GY_00,54,4,0,241.7,841.2,291.1,917.5,266.4,879.35,0.0,0.6499999999999773,2.0,0.32499999999998863,1.5707963267948966,0.12499999999998579,-1.5707963267948966,0.0375,0.02750000000000341,0.6327488350022423,1.5707963267948966
yqaUDA6i5GY_00,54,2,0,1380.0,615.3,1580.0,725.0,1480.0,670.15,-2.5,-1.2500000000001137,2.0,1.397542485937394,-2.6779450445889506,0.586271242968714,-1.107148717794054,-11.0,-4.8375,-2.727276204413072,0.8829094064916726
yqaUDA6i5GY_00,54,1,0,1152.5,623.8,1300.0,706.2,1226.25,665.0,-10.049999999999955,-4.350000000000023,2.0,5.475513674533178,-2.7331037605171624,0.07945615826128583,0.04806715110477766,-7.6875,-3.875,-2.6746983027506106,0.08740154802997548
yqaUDA6i5GY_00,56,15,0,1697.5,902.5,2162.5,1077.5,1930.0,990.0,-32.5,-10.0,2.0,17.001838135919304,-2.843093722003614,3.730813592186606,-0.25315605094236787,-24.375,-10.0,-2.7522759317566523,0.08438535031412263
yqaUDA6i5GY_00,56,12,0,701.2,379.7,725.0,407.2,713.1,393.45,0.6000000000000227,2.1499999999999773,2.0,1.1160757142774778,1.2986504362636966,0.19987413759138017,0.7881621143469276,1.033333333333341,1.1499999999999961,0.8387825068881782,0.2837101537021706
yqaUDA6i5GY_00,56,8,0,712.5,399.1,745.0,427.2,728.75,413.15,1.25,1.25,2.0,0.8838834764831844,0.7853981633974483,-0.3430741851637834,0.13552771398550648,1.25,1.4499999999999975,0.8593372010553877,0.23683411742729651
yqaUDA6i5GY_00,56,6,0,740.0,422.5,802.5,465.0,771.25,443.75,1.8500000000000227,2.5,2.0,1.5550321540084053,0.933725997519207,-0.16090014195196178,0.09178439717694954,2.0,1.9850000000000023,0.781634065741796,0.5701924534946669
yqaUDA6i5GY_00,56,5,0,853.8,398.8,896.2,429.4,875.0,414.1,-4.350000000000023,-2.1499999999999773,2.0,2.4261595166023247,-2.6825533068991136,0.057522533409221976,0.18519731046353272,-5.625,-2.3875,-2.7401926607952447,0.2053810605400518
yqaUDA6i5GY_00,56,4,0,241.6,841.2,290.9,916.2,266.25,878.7,-0.14999999999997726,-0.6499999999999773,2.0,0.3335416016031447,-1.7975951748487569,0.004270800801578045,2.9147938055359326,0.030000000000001137,0.060000000000002274,1.1071487177940904,2.542394261973541
yqaUDA6i5GY_00,56,2,0,1382.5,615.3,1577.5,725.0,1480.0,670.15,0.0,0.0,2.0,0.0,0.0,-0.698771242968697,2.6779450445889506,-9.6875,-4.1175000000000015,-2.739694683595668,1.7005073435415479
yqaUDA6i5GY_00,56,1,0,1140.0,622.5,1290.0,701.2,1215.0,661.85,-11.25,-3.1499999999999773,2.0,5.841339743586223,-2.8685839505030843,0.18291303452652263,-0.13548018998592196,-7.5,-3.625,-2.691367057329078,0.09861854465395965
yqaUDA6i5GY_00,58,15,0,1667.5,881.2,2127.5,1077.5,1897.5,979.35,-32.5,-10.649999999999977,2.0,17.100237571449114,-2.8249275847095205,0.04919971776490506,0.01816613729409333,-27.083333333333332,-10.21666666666666,-2.7808676762176687,0.09044072941215374
yqaUDA6i5GY_00,58,12,0,703.8,380.6,728.8,408.8,716.3,394.70000000000005,3.199999999999932,1.2500000000000568,2.0,1.717738338630167,0.37239844667677685,0.3008313121763446,-0.9262519895869197,1.5749999999999886,1.1750000000000114,0.6409565850228124,0.5924608168978105
yqaUDA6i5GY_00,58,8,0,715.0,400.0,747.5,428.8,731.25,414.4,2.5,1.25,2.0,1.3975424859373686,0.46364760900080615,0.2568295047270921,-0.3217505543966422,1.3125,1.4399999999999977,0.8316866014216077,0.2035753214630797
yqaUDA6i5GY_00,58,6,0,746.2,424.1,803.8,467.8,775.0,445.95000000000005,3.75,2.2000000000000455,2.0,2.173850270832849,0.5305578870294566,0.30940905841222177,-0.4031681104897505,2.155000000000001,1.7975000000000023,0.6951945325811498,0.49783199499698366
yqaUDA6i5GY_00,58,5,0,850.0,397.5,890.0,427.5,870.0,412.5,-5.0,-1.6000000000000227,2.0,2.624880949681341,-2.8318897090473327,0.09936071653950806,-0.14933640214821908,-5.625,-2.267500000000001,-2.7584071646999613,0.13647660087811384
yqaUDA6i5GY_00,58,4,0,241.7,841.2,291.1,916.2,266.4,878.7,0.14999999999997726,0.0,2.0,0.07499999999998863,0.0,-0.12927080080157805,1.7975951748487569,0.039999999999997725,-0.0049999999999954525,-0.1243549945466565,2.0943951023931953
yqaUDA6i5GY_00,58,2,0,1382.5,615.0,1577.5,723.8,1480.0,669.4,0.0,-0.75,2.0,0.375,-1.5707963267948966,0.1875,-1.5707963267948966,-8.375,-3.5600000000000023,-2.739658798220618,1.7852966963926338
yqaUDA6i5GY_00,58,1,0,1126.2,621.6,1276.2,696.2,1201.2,658.9000000000001,-13.799999999999955,-2.949999999999932,2.0,7.055892927192106,-2.9309942473249073,0.6072765918029415,-0.06241029682182298,-7.439999999999998,-3.3674999999999953,-2.7165612676429047,0.0819858793041742
yqaUDA6i5GY_00,60,15,0,1642.5,861.2,2067.5,1078.8,1855.0,970.0,-42.5,-9.350000000000023,2.0,21.75817375148935,-2.925042348613703,2.3289680900201173,-0.10011476390418264,-30.9375,-10.0,-2.8289603875103464,0.12381231738021463
yqaUDA6i5GY_00,60,12,0,703.8,381.2,727.5,408.8,715.65,395.0,-0.6499999999999773,0.2999999999999545,2.0,0.35794552658188894,2.7091848780192995,-0.679896406024139,2.3367864313425226,1.1299999999999955,1.0,0.7244409133078763,1.3504001784254565
yqaUDA6i5GY_00,60,8,0,717.5,399.7,751.2,430.9,734.35,415.29999999999995,3.1000000000000227,0.8999999999999773,2.0,1.6140012391569052,0.28255495246957874,0.10822937660976828,-0.18109265653122744,1.4675000000000011,1.4849999999999965,0.7913252743443603,0.2127903083044587
yqaUDA6i5GY_00,60,6,0,746.2,428.1,808.8,471.9,777.5,450.0,2.5,4.0499999999999545,2.0,2.3797321277824333,1.017764882644251,0.10294092847479219,0.48720699561479425,2.219999999999999,1.875,0.7013475652849841,0.32738650109383133
yqaUDA6i5GY_00,60,5,0,848.8,395.6,887.5,426.9,868.15,411.25,-1.8500000000000227,-1.25,2.0,1.1163556780883148,-2.547378949789365,-0.754262635796513,0.28451075925796765,-5.342500000000001,-2.155000000000001,-2.7581851644617514,0.2063481572899065
yqaUDA6i5GY_00,60,4,0,241.7,841.2,291.1,916.2,266.4,878.7,0.0,0.0,2.0,0.0,0.0,-0.037499999999994316,0.0,0.039999999999997725,-0.0049999999999954525,-0.1243549945466565,1.5707963267948966
yqaUDA6i5GY_00,60,2,0,1380.0,615.0,1572.5,723.8,1476.25,669.4,-3.75,0.0,2.0,1.875,3.141592653589793,0.75,-1.5707963267948968,-7.5625,-3.280000000000001,-2.732360167395576,1.9398458993929146
yqaUDA6i5GY_00,60,1,0,1111.2,612.5,1263.8,692.5,1187.5,652.5,-13.700000000000045,-6.400000000000091,2.0,7.560588601425196,-2.7045659732221945,0.25234783711654485,0.22642827410271285,-7.625,-3.375,-2.7248903928503947,0.1414395869701526
yqaUDA6i5GY_00,62,15,0,1610.0,843.8,2017.5,1077.5,1813.75,960.65,-41.25,-9.350000000000023,2.0,21.14819732270342,-2.918692421261417,-0.30498821439296364,0.006349927352286233,-33.0,-9.870000000000005,-2.8509700960085773,0.04154360951685407
yqaUDA6i5GY_00,62,12,0,702.5,383.1,732.5,410.6,717.5,396.85,1.8500000000000227,1.8500000000000227,2.0,1.308147545195129,0.7853981633974483,0.47510100930662,-1.9237867146218512,1.25,1.1416666666666704,0.7401329367641887,1.728941711850431
yqaUDA6i5GY_00,62,8,0,718.8,401.9,753.8,432.5,736.3,417.2,1.9499999999999318,1.900000000000034,2.0,1.3612953390061855,0.7724118804773024,-0.12635295007535985,0.48985692800772374,1.6299999999999955,1.5324999999999989,0.7545778862001215,0.3309000463118645
yqaUDA6i5GY_00,62,6,0,745.0,430.0,810.0,475.0,777.5,452.5,0.0,2.5,2.0,1.25,1.5707963267948966,-0.5648660638912166,0.5530314441506456,2.1875,1.9849999999999994,0.73690415800975,0.4811355167517301
yqaUDA6i5GY_00,62,5,0,844.4,393.8,885.6,423.8,865.0,408.8,-3.1499999999999773,-2.4499999999999886,2.0,1.995306993923479,-2.4805494847391047,0.43947565791758214,0.06682946505026034,-5.25,-2.1549999999999985,-2.752087828260146,0.1668922088188157
yqaUDA6i5GY_00,62,4,0,241.9,841.2,291.2,916.2,266.55,878.7,0.1500000000000341,0.0,2.0,0.07500000000001705,0.0,0.037500000000008527,0.0,0.05999999999999943,-0.0049999999999954525,-0.08314123188836675,0.5991983916162523
yqaUDA6i5GY_00,62,2,0,1380.0,615.0,1572.5,723.8,1476.25,669.4,0.0,0.0,2.0,0.0,0.0,-0.9375,-3.141592653589793,-6.625,-2.780000000000001,-2.7442854792421922,2.0943951023931953
yqaUDA6i5GY_00,62,1,0,1093.8,611.9,1251.2,689.4,1172.5,650.65,-15.0,-1.8500000000000227,2.0,7.5568263841377235,-3.018879019899785,-0.0018811086437362512,-0.3143130466775905,-7.75,-3.092500000000001,-2.7619208150619237,0.20105053920070878
yqaUDA6i5GY_00,64,15,0,1581.2,831.2,1963.8,1061.2,1772.5,946.2,-41.25,-14.449999999999932,2.0,21.85386121489746,-2.804647899533815,0.3528319460970195,0.11404452172760184,-34.375,-10.633333333333326,-2.841595315183472,0.07350307099469024
yqaUDA6i5GY_00,64,12,0,705.0,386.6,735.0,411.6,720.0,399.1,2.5,2.25,2.0,1.6817030058842137,0.7328151017865067,0.18677773034454237,-0.05258306161094162,1.4285714285714286,1.3000000000000032,0.7383125725172291,1.4377187358584385
yqaUDA6i5GY_00,64,8,0,723.1,405.9,755.6,435.3,739.35,420.6,3.050000000000068,3.400000000000034,2.0,2.2837742883218914,0.8396085628721056,0.461239474657853,0.06719668239480325,1.7824999999999989,1.6225000000000023,0.7384429816175109,0.2460487556445848
yqaUDA6i5GY_00,64,6,0,763.8,434.4,813.8,476.9,788.8,455.65,11.299999999999955,3.1499999999999773,2.0,5.865417717434941,0.27185946701410024,2.3077088587174703,-1.2989368597807962,2.5649999999999977,2.077499999999998,0.6807735163110079,0.7797250998487453
yqaUDA6i5GY_00,64,5,0,839.4,392.5,876.9,421.2,858.15,406.85,-6.850000000000023,-1.9499999999999886,2.0,3.56107427611389,-2.864257314440064,0.7828836410952055,-0.38370782970095935,-5.280000000000001,-2.0625,-2.769194206913039,0.2450160180030624
yqaUDA6i5GY_00,64,4,0,241.6,837.5,289.7,912.5,265.65,875.0,-0.9000000000000341,-3.7000000000000455,2.0,1.9039432764660031,-1.8094056493031034,0.914471638232993,-1.8094056493031034,0.009999999999999431,-0.125,-1.4909663410826637,0.6031352164343678
yqaUDA6i5GY_00,64,2,0,1382.5,615.6,1572.5,724.4,1477.5,670.0,1.25,0.6000000000000227,2.0,0.6932712311931073,0.44751997515718467,0.34663561559655365,0.44751997515718467,-5.75,-2.5,-2.731465313048302,1.7199696518472916
yqaUDA6i5GY_00,64,1,0,1075.6,611.9,1231.9,684.4,1153.75,648.15,-18.75,-2.5,2.0,9.457966219013473,-3.009041121293119,0.9505699174378748,0.009837898606666062,-8.1875,-2.967500000000001,-2.7938762690934724,0.18352640646232313
yqaUDA6i5GY_00,66,15,0,1550.0,812.5,1915.0,1027.5,1732.5,920.0,-40.0,-26.200000000000045,2.0,23.908366736354044,-2.561710521195979,1.0272527607282917,0.24293737833783616,-35.17857142857143,-12.857142857142858,-2.791192323545441,0.12111060913924139
yqaUDA6i5GY_00,66,12,0,705.6,386.9,734.4,412.5,720.0,399.7,0.0,0.5999999999999659,2.0,0.29999999999998295,1.5707963267948966,-0.6908515029421154,0.8379812250083899,1.25,1.2124999999999986,0.7701709140203304,0.9381170004137275
yqaUDA6i5GY_00,66,8,0,723.8,406.2,757.5,436.2,740.65,421.2,1.2999999999999545,0.5999999999999659,2.0,0.7158910531637899,0.4324077755705295,-0.7839416175790508,-0.4072007873015762,1.7824999999999989,1.6224999999999994,0.73844298161751,0.32141813256803436
yqaUDA6i5GY_00,66,6,0,766.2,434.1,816.2,479.1,791.2,456.6,2.400000000000091,0.9500000000000455,2.0,1.2905909499140813,0.3769092703248244,-2.2874133837604296,0.1050498033107242,2.6525000000000034,2.047500000000002,0.6573787434257738,0.652339369080722
yqaUDA6i5GY_00,66,5,0,836.2,391.6,875.0,420.9,855.6,406.25,-2.5499999999999545,-0.6000000000000227,2.0,1.309818689742954,-2.9105019863938835,-1.1256277931854681,-0.04624467195381943,-5.034999999999997,-1.9675000000000011,-2.769073052717994,0.1655939889016797
yqaUDA6i5GY_00,66,4,0,241.7,837.5,289.5,912.5,265.6,875.0,-0.049999999999954525,0.0,2.0,0.024999999999977263,3.141592653589793,-0.9394716382330129,-1.3321870042866897,-0.017499999999998295,-0.09499999999999886,-1.7529646372676448,1.0471975511965976
yqaUDA6i5GY_00,66,2,0,1382.5,615.6,1572.5,724.4,1477.5,670.0,0.0,0.0,2.0,0.0,0.0,-0.34663561559655365,-0.44751997515718467,-5.0,-2.157499999999999,-2.7342293550665477,1.3455442013013874
yqaUDA6i5GY_00,66,1,0,1056.2,609.1,1216.2,681.2,1136.2,645.1500000000001,-17.549999999999955,-2.9999999999998863,2.0,8.902282010810454,-2.9722888754340113,-0.27784210410150934,0.03675224585910763,-8.754999999999995,-2.8674999999999953,-2.8250767548897704,0.12030106371445475
yqaUDA6i5GY_00,68,15,0,1522.5,801.2,1872.5,1006.2,1697.5,903.7,-35.0,-16.299999999999955,2.0,19.304727400302745,-2.7057478437965754,-2.301819668025649,-0.14403732260059648,-35.15625,-13.287499999999994,-2.7802333324780597,0.16700640755534482
yqaUDA6i5GY_00,68,12,0,707.5,386.6,735.0,413.4,721.25,400.0,1.25,0.30000000000001137,2.0,0.6427480066091233,0.23554498072087196,0.1713740033045702,-1.3352513460740245,1.25,1.1111111111111112,0.7266423406817256,0.7419385442311187
yqaUDA6i5GY_00,68,8,0,726.2,407.2,761.2,438.4,743.7,422.79999999999995,3.050000000000068,1.599999999999966,2.0,1.7220990099294746,0.48312566481731567,0.5031039783828424,0.05071788924678616,1.9025000000000034,1.6399999999999977,0.711433130782534,0.17503845298105522
yqaUDA6i5GY_00,68,6,0,768.8,438.1,821.2,483.1,795.0,460.6,3.7999999999999545,4.0,2.0,2.758622844826729,0.8110335719191317,0.7340159474563238,0.4341243015943074,2.717500000000001,2.125,0.6636491503664634,0.6127036548952759
yqaUDA6i5GY_00,68,5,0,833.8,390.6,868.8,418.1,851.3,404.35,-4.300000000000068,-1.8999999999999773,2.0,2.350531854708658,-2.7255281478659805,0.5203565824828521,0.18497383852790297,-4.902500000000003,-2.0,-2.7542472774483526,0.2049754467275606
yqaUDA6i5GY_00,68,4,0,241.6,837.5,289.7,912.5,265.65,875.0,0.049999999999954525,0.0,2.0,0.024999999999977263,0.0,0.0,-3.141592653589793,-0.015000000000000568,-0.125,-1.6902252528132395,2.0943951023931953
yqaUDA6i5GY_00,68,2,0,1382.5,615.6,1572.5,724.4,1477.5,670.0,0.0,0.0,2.0,0.0,0.0,0.0,0.0,-4.3125,-1.5625,-2.7939857938338912,0.2983466501047898
yqaUDA6i5GY_00,68,1,0,1030.0,605.0,1197.5,677.5,1113.75,641.25,-22.450000000000045,-3.900000000000091,2.0,11.393117439928401,-2.969589826657455,1.2454177145589735,0.0026990487765563564,-9.497500000000002,-2.9375,-2.8416331132839394,0.016429731080776683
yqaUDA6i5GY_00,70,15,0,1496.2,785.6,1833.8,983.1,1665.0,884.35,-32.5,-19.350000000000023,2.0,18.91211582557595,-2.604573729646653,-0.1963057873633982,0.1011741141499223,-34.861111111111114,-13.961111111111109,-2.76067419990945,0.16271627169611833
yqaUDA6i5GY_00,70,12,0,706.2,388.1,736.2,416.9,721.2,402.5,-0.049999999999954525,2.5,2.0,1.2502499750049982,1.5907936607680289,0.30375098419793745,1.3552486800471568,1.1200000000000045,1.25,0.8401955703705617,1.1761604170431905
yqaUDA6i5GY_00,70,8,0,727.5,408.1,762.5,440.6,745.0,424.35,1.2999999999999545,1.5500000000000682,2.0,1.011496416207207,0.8728935041998784,-0.35530129686113376,0.3897678393825628,2.0,1.6850000000000023,0.7001237810451896,0.2825621719769751
yqaUDA6i5GY_00,70,6,0,770.0,438.8,820.0,485.0,795.0,461.9,0.0,1.2999999999999545,2.0,0.6499999999999773,1.5707963267948966,-1.0543114224133758,0.7597627548757648,2.625,2.125,0.6805212246672144,0.4329789532602654
yqaUDA6i5GY_00,70,5,0,830.6,388.8,865.6,416.2,848.1,402.5,-3.199999999999932,-1.8500000000000227,2.0,1.8481409578275982,-2.6174130248068654,-0.25119544844053,0.10811512305911511,-4.782499999999999,-1.9375,-2.756677847995769,0.11311121118027917
yqaUDA6i5GY_00,70,4,0,241.4,837.5,289.5,912.5,265.45,875.0,-0.19999999999998863,0.0,2.0,0.09999999999999432,3.141592653589793,0.037500000000008527,3.141592653589793,-0.017499999999998295,-0.0625,-1.8438050298815818,2.5384574371554254
yqaUDA6i5GY_00,70,2,0,1382.5,616.2,1572.5,723.8,1477.5,670.0,0.0,0.0,2.0,0.0,0.0,0.0,0.0,-3.6899999999999977,-1.2800000000000011,-2.8076969473962383,0.1491733250523949
yqaUDA6i5GY_00,70,1,0,1011.2,604.4,1176.2,673.1,1093.7,638.75,-20.049999999999955,-2.5,2.0,10.102629608176256,-3.017544595804418,-0.6452439158760725,-0.04795476914696283,-10.252499999999998,-2.875,-2.868195074194401,0.029135354594208938
yqaUDA6i5GY_00,72,15,0,1472.5,773.8,1792.5,966.2,1632.5,870.0,-32.5,-14.350000000000023,2.0,17.763533573025388,-2.725797584736377,-0.5742911262752806,-0.12122385508972403,-34.625,-14.0,-2.7573572695234265,0.12214509728008094
yqaUDA6i5GY_00,72,12,0,708.8,389.7,738.8,417.2,723.8,403.45,2.599999999999909,0.9499999999999886,2.0,1.3840610535665963,0.35031421223540965,0.06690553928079901,-1.2404794485326192,1.2545454545454504,1.2227272727272718,0.7725548329207902,1.310326491551267
yqaUDA6i5GY_00,72,8,0,728.8,408.8,766.2,443.8,747.5,426.3,2.5,1.9499999999999886,2.0,1.5852838862487655,0.6624262938331483,0.2868937350207792,-0.21046721036673013,2.0600000000000023,1.7525000000000006,0.7049166440670476,0.21698431299869303
yqaUDA6i5GY_00,72,6,0,772.5,442.2,825.0,487.8,798.75,465.0,3.75,3.1000000000000227,2.0,2.4327196714788237,0.6907909282777224,0.8913598357394232,-0.8800053985171742,2.657499999999999,2.2025000000000006,0.6920488641516721,0.6912974849957488
yqaUDA6i5GY_00,72,5,0,826.9,386.9,860.6,415.6,843.75,401.25,-4.350000000000023,-1.25,2.0,2.2630178965266823,-2.861775545066551,0.20743846934954202,-0.24436252025968574,-4.6875,-1.875,-2.761086276477428,0.17915049394890126
yqaUDA6i5GY_00,72,4,0,241.6,835.0,289.1,912.5,265.35,873.75,-0.0999999999999659,-1.25,2.0,0.6269968101992213,-1.6506263125071068,0.2634984050996135,1.490966341082686,-0.029999999999998295,-0.1875,-1.7294515889812891,2.5913838827540907
yqaUDA6i5GY_00,72,2,0,1381.2,616.2,1571.2,723.8,1476.2,670.0,-1.2999999999999545,0.0,2.0,0.6499999999999773,3.141592653589793,0.32499999999998863,3.141592653589793,-3.1299999999999955,-1.305000000000001,-2.746574699369707,1.0471975511965976
yqaUDA6i5GY_00,72,1,0,987.5,600.0,1155.0,672.5,1071.25,636.25,-22.450000000000045,-2.5,2.0,11.294384666727113,-3.0306909934083,0.5958775292754286,-0.013146397603882141,-11.125,-2.875,-2.8886985884941954,0.021266738509133774
yqaUDA6i5GY_00,74,15,0,1445.0,760.0,1760.0,952.5,1602.5,856.25,-30.0,-13.75,2.0,16.500473478055106,-2.7118303744931045,-0.6315300474851409,0.01396721024327263,-34.20454545454545,-13.977272727272727,-2.7536620839293393,0.07878839316097298
yqaUDA6i5GY_00,74,12,0,710.0,389.7,738.8,419.1,724.4,404.4,0.6000000000000227,0.9499999999999886,2.0,0.561805126356107,1.007480065302906,-0.4111279636052446,0.6571658530674961,1.1999999999999982,1.1999999999999982,0.7853981633974483,1.084297993882424
yqaUDA6i5GY_00,74,8,0,731.9,410.6,769.4,445.0,750.65,427.8,3.1499999999999773,1.5,2.0,1.7444555024419408,0.44441920990110173,0.07958580809658766,-0.21800708393204662,2.157499999999999,1.7050000000000012,0.6687776450283195,0.2727473778937799
yqaUDA6i5GY_00,74,6,0,775.0,446.9,830.0,491.9,802.5,469.4,3.75,4.399999999999977,2.0,2.8906097972573104,0.8649843061493855,0.22894506288924332,0.17419337787166314,2.75,2.282499999999999,0.6927678353971221,0.6046538437548673
yqaUDA6i5GY_00,74,5,0,823.1,386.9,858.1,413.1,840.6,400.0,-3.1499999999999773,-1.25,2.0,1.6944763202830437,-2.7638259956499693,-0.2842707881218193,0.09794954941658189,-4.594999999999999,-1.8449999999999989,-2.7597736951948537,0.15014239757846093
yqaUDA6i5GY_00,74,4,0,241.6,835.6,289.1,911.9,265.35,873.75,0.0,0.0,2.0,0.0,0.0,-0.31349840509961063,1.6506263125071068,-0.04499999999999886,-0.1875,-1.8063413075157542,2.0943951023931953
yqaUDA6i5GY_00,74,2,0,1381.2,616.2,1571.2,723.8,1476.2,670.0,0.0,0.0,2.0,0.0,0.0,-0.32499999999998863,-3.141592653589793,-2.6274999999999977,-1.069999999999999,-2.754868061745479,2.0943951023931953
yqaUDA6i5GY_00,74,1,0,961.2,598.8,1131.2,668.8,1046.2,633.8,-25.049999999999955,-2.4500000000000455,2.0,12.584762611984361,-3.0440983404275292,0.645188972628624,-0.013407347019229297,-12.189999999999998,-2.8725000000000023,-2.910170512375312,0.024836171256691422
yqaUDA6i5GY_00,76,15,0,1426.2,748.1,1728.8,929.4,1577.5,838.75,-25.0,-17.5,2.0,15.258194519667128,-2.5308666892005847,-0.6211394791939888,0.18096368529251985,-33.4375,-14.270833333333334,-2.738205757064081,0.10538491687517215
yqaUDA6i5GY_00,76,12,0,711.9,391.9,741.9,420.6,726.9,406.25,2.5,1.8500000000000227,2.0,1.5550321540084053,0.6370703292756895,0.49661351382614916,-0.3704097360272165,1.2999999999999983,1.25,0.7657928325402443,0.7560183458757773
yqaUDA6i5GY_00,76,8,0,733.8,411.9,771.2,447.5,752.5,429.7,1.8500000000000227,1.8999999999999773,2.0,1.3259430606176117,0.7987307066915817,-0.20925622091216456,0.3543114967904801,2.25,1.7674999999999983,0.6658710875045657,0.2609285970297523
yqaUDA6i5GY_00,76,6,0,777.5,445.6,830.0,493.8,803.75,469.70000000000005,1.25,0.3000000000000682,2.0,0.64274800660913,0.23554498072091495,-1.12393089532409,-0.6294393254284704,2.875,2.267500000000001,0.6678099378350343,0.5612127006057691
yqaUDA6i5GY_00,76,5,0,818.8,385.0,855.0,412.5,836.9,398.75,-3.7000000000000455,-1.25,2.0,1.9527224585178724,-2.815793538317126,0.12912306911741434,-0.05196754266715687,-4.467500000000001,-1.7824999999999989,-2.7619549182819245,0.13142653744780816
yqaUDA6i5GY_00,76,4,0,241.6,835.6,289.1,911.9,265.35,873.75,0.0,0.0,2.0,0.0,0.0,0.0,0.0,-0.05999999999999943,-0.24750000000000227,-1.808632254252343,1.0471975511965976
yqaUDA6i5GY_00,76,2,0,1380.0,614.4,1570.0,724.4,1475.0,669.4,-1.2000000000000455,-0.6000000000000227,2.0,0.6708203932499623,-2.677945044588987,0.33541019662498117,-2.677945044588987,-2.125,-0.8725000000000023,-2.751991943536889,2.9870434505895247
yqaUDA6i5GY_00,76,1,0,937.5,596.2,1106.2,667.5,1021.85,631.85,-24.350000000000023,-1.9499999999999318,2.0,12.213977648579526,-3.061681055211454,-0.18539248170241773,-0.017582714783924924,-13.157499999999999,-2.8774999999999977,-2.9262859531950207,0.014712153135678788
yqaUDA6i5GY_00,78,15,0,1411.2,739.4,1698.8,913.1,1555.0,826.25,-22.5,-12.5,2.0,12.869537676233751,-2.6344941491974563,-1.1943284217166887,-0.10362745999687165,-32.59615384615385,-14.134615384615385,-2.732436500829718,0.09951945184422135
yqaUDA6i5GY_00,78,12,0,713.8,391.9,745.0,423.1,729.4,407.5,2.5,1.25,2.0,1.3975424859373686,0.46364760900080615,-0.07874483403551835,-0.1734227202748834,1.3857142857142841,1.25,0.7339530813806285,0.4003327697898653
yqaUDA6i5GY_00,78,8,0,736.2,414.4,771.2,448.8,753.7,431.6,1.2000000000000455,1.900000000000034,2.0,1.1236102527122382,1.0074800653029192,-0.10116640395268672,0.2087493586113375,2.3100000000000023,1.9225000000000023,0.6940992305919274,0.2603559797779547
yqaUDA6i5GY_00,78,6,0,778.8,449.1,833.8,496.6,806.3,472.85,2.5499999999999545,3.1499999999999773,2.0,2.0263884129159213,0.8902751021276872,0.6918202031533957,0.6547301214067722,2.8774999999999977,2.3275000000000006,0.6801212046875514,0.4861209415689685
yqaUDA6i5GY_00,78,5,0,815.6,383.1,848.1,409.4,831.85,396.25,-5.0499999999999545,-2.5,2.0,2.8174678347764477,-2.681913277728017,0.43237268812928764,0.13388026058910946,-4.407499999999999,-1.7824999999999989,-2.757278073033581,0.09459911755761607
yqaUDA6i5GY_00,78,4,0,241.6,835.6,289.1,911.9,265.35,873.75,0.0,0.0,2.0,0.0,0.0,0.0,0.0,-0.05249999999999773,-0.24750000000000227,-1.7798192696011506,0.5502087708357023
yqaUDA6i5GY_00,78,2,0,1375.0,614.1,1570.0,723.8,1472.5,668.95,-2.5,-0.4499999999999318,2.0,1.2700885795880477,-2.9634997153586218,0.29963409316904266,-0.2855546707696348,-1.875,-0.3349999999999966,-2.9647915040267114,2.0350307896494715
yqaUDA6i5GY_00,78,1,0,912.5,596.2,1080.0,666.2,996.25,631.2,-25.600000000000023,-0.6499999999999773,2.0,12.804125311789177,-3.1162074827887327,0.29507383160482537,-0.05452642757727855,-14.125,-2.8149999999999977,-2.944877921521429,0.028505496460144258
yqaUDA6i5GY_00,80,15,0,1395.0,730.0,1670.0,897.5,1532.5,813.75,-22.5,-12.5,2.0,12.869537676233751,-2.6344941491974563,0.0,0.0,-31.875,-14.017857142857142,-2.727273537170281,0.09486371509646381
yqaUDA6i5GY_00,80,12,0,714.4,393.8,745.6,424.4,730.0,409.1,0.6000000000000227,1.6000000000000227,2.0,0.8544003745317678,1.2120256565243166,-0.27157105570280043,0.7483780475235104,1.3333333333333333,1.2733333333333348,0.7623843244369807,0.4307368346085368
yqaUDA6i5GY_00,80,8,0,738.8,417.5,776.2,451.2,757.5,434.35,3.7999999999999545,2.75,2.0,2.3453411265741098,0.6264451935687613,0.6108654369309358,-0.381034871734158,2.375,1.9199999999999988,0.6798546792893457,0.31469857571199183
yqaUDA6i5GY_00,80,6,0,781.9,451.9,838.1,499.4,810.0,475.65,3.7000000000000455,2.7999999999999545,2.0,2.320021551624041,0.6478114269270847,0.14681656935405973,-0.24246367520060252,2.844999999999999,2.3774999999999977,0.6961196100328038,0.5088777073452816
yqaUDA6i5GY_00,80,5,0,812.5,381.6,845.0,407.8,828.75,394.70000000000005,-3.1000000000000227,-1.5499999999999545,2.0,1.7329526825623371,-2.6779450445890016,-0.5422575761070553,0.003968233139015176,-4.342500000000001,-1.7649999999999977,-2.7555401315019603,0.0632720121317605
yqaUDA6i5GY_00,80,4,0,241.6,835.6,289.1,911.9,265.35,873.75,0.0,0.0,2.0,0.0,0.0,0.0,0.0,-0.05999999999999943,-0.24750000000000227,-1.808632254252343,0.0
yqaUDA6i5GY_00,80,2,0,1375.0,612.5,1570.0,718.8,1472.5,665.65,0.0,-3.300000000000068,2.0,1.650000000000034,-1.5707963267948966,0.18995571020599322,1.3927033885637252,-1.625,-0.40500000000000114,-2.89733810329799,1.452067701307449
yqaUDA6i5GY_00,80,1,0,882.5,595.6,1053.8,664.4,968.15,630.0,-28.100000000000023,-1.2000000000000455,2.0,14.062805552236023,-3.098913958816975,0.6293401202234232,0.017293523971757537,-15.342500000000001,-2.6875,-2.96818493500549,0.02980088877765367
yqaUDA6i5GY_00,82,15,0,1377.5,720.0,1647.5,885.0,1512.5,802.5,-20.0,-11.25,2.0,11.473474844178638,-2.6292031932790554,-0.6980314160275567,0.005290955918400896,-31.083333333333332,-13.833333333333334,-2.722870935342305,0.03630613863842417
yqaUDA6i5GY_00,82,12,0,715.6,395.9,748.1,425.9,731.85,410.9,1.8500000000000227,1.7999999999999545,2.0,1.290590949914023,0.7717003900245638,0.21809528769112757,-0.4403252664997529,1.3656250000000014,1.3062499999999986,0.7631795980707282,0.45404201143271555
yqaUDA6i5GY_00,82,8,0,740.0,418.4,780.0,453.4,760.0,435.9,2.5,1.5499999999999545,2.0,1.4707566080082608,0.5549957273385736,-0.4372922592829245,-0.07144946623018766,2.5,1.9849999999999994,0.6710716827610735,0.2204112321918944
yqaUDA6i5GY_00,82,6,0,781.2,454.1,841.2,503.4,811.2,478.75,1.2000000000000455,3.1000000000000227,2.0,1.662077013859485,1.2014626691212607,-0.32897226888227793,0.5536512421941759,2.7450000000000045,2.469999999999999,0.7327144576644621,0.4836150129338502
yqaUDA6i5GY_00,82,5,0,805.0,381.6,842.5,408.4,823.75,395.0,-5.0,0.2999999999999545,2.0,2.504495957273637,3.0816644984685944,0.38577163735565,-0.52357576412199,-4.3125,-1.6574999999999989,-2.7746519200004522,0.22047475261670488
yqaUDA6i5GY_00,82,4,0,241.9,835.6,289.1,911.9,265.5,873.75,0.14999999999997726,0.0,2.0,0.07499999999998863,0.0,0.037499999999994316,0.0,-0.04499999999999886,-0.21750000000000114,-1.774814306387439,0.0
yqaUDA6i5GY_00,82,2,0,1373.8,611.6,1566.2,721.2,1470.0,666.4000000000001,-2.5,0.7500000000001137,2.0,1.305038313613835,2.850135859111884,-0.17248084319309953,-1.8622531212728062,-1.4375,-0.37499999999999434,-2.8864102629689783,1.1801703935353887
yqaUDA6i5GY_00,82,1,0,852.5,593.1,1023.8,664.4,938.15,628.75,-30.0,-1.25,2.0,15.013015186830392,-3.0999500744912045,0.47510481729718457,-0.0010361156742293431,-16.684999999999995,-2.6875,-2.9818915255854863,0.024285355741088477
yqaUDA6i5GY_00,84,15,0,1362.5,710.6,1625.0,870.6,1493.75,790.6,-18.75,-11.899999999999977,2.0,11.10374373803718,-2.5760722077103386,-0.18486555307072905,0.05313098556871676,-30.3125,-13.712499999999999,-2.71676864109468,0.019473980495705877
yqaUDA6i5GY_00,84,12,0,717.5,395.6,752.5,428.8,735.0,412.20000000000005,3.1499999999999773,1.3000000000000682,2.0,1.7038559211388762,0.3914051281252314,0.20663248561242664,-0.38029526189933244,1.4705882352941178,1.3058823529411792,0.7261455697340169,0.5229995253075319
yqaUDA6i5GY_00,84,8,0,742.5,420.0,782.5,455.6,762.5,437.8,2.5,1.900000000000034,2.0,1.5700318468107684,0.6498704494119563,0.049637619401253774,0.09487472207338268,2.5649999999999977,2.1224999999999996,0.6912770843649856,0.18245302001257613
yqaUDA6i5GY_00,84,6,0,784.4,453.8,841.9,506.2,813.15,480.0,1.9499999999999318,1.25,2.0,1.1581234821900181,0.5700404636997262,-0.2519767658347334,-0.6314222054215343,2.657499999999999,2.327499999999998,0.719296013834611,0.4758457076054375
yqaUDA6i5GY_00,84,5,0,806.9,381.9,836.9,408.1,821.9,395.0,-1.8500000000000227,0.0,2.0,0.9250000000000114,3.141592653589793,-0.7897479786368129,0.05992815512119876,-4.155000000000001,-1.5474999999999994,-2.7850657596633077,0.19582405079406798
yqaUDA6i5GY_00,84,4,0,241.9,835.6,289.1,911.9,265.5,873.75,0.0,0.0,2.0,0.0,0.0,-0.037499999999994316,0.0,-0.0375,-0.24750000000000227,-1.7211677548020297,0.0
yqaUDA6i5GY_00,84,2,0,1372.5,612.2,1562.5,707.5,1467.5,659.85,-2.5,-6.550000000000068,2.0,3.5054421974980876,-1.9354100023560832,1.1002019419421263,1.4976394457116193,-1.25,-0.5149999999999977,-2.7507844431275714,1.5841986518493834
yqaUDA6i5GY_00,84,1,0,822.5,593.1,992.5,664.4,907.5,628.75,-30.649999999999977,0.0,2.0,15.324999999999989,3.141592653589793,0.15599240658479818,-0.041642579098589275,-17.935000000000002,-2.4975000000000023,-3.003229567130982,0.019990739581525387
yqaUDA6i5GY_00,86,17,0,663.8,384.4,687.5,406.9,675.65,395.65,,,,0.0,0.0,0.0,0.0,,,0.0,0.0
yqaUDA6i5GY_00,86,15,0,1347.5,703.8,1602.5,858.8,1475.0,781.3,-18.75,-9.300000000000068,2.0,10.46485188619506,-2.681150161818916,-0.3194459259210598,-0.10507795410857759,-29.63235294117647,-13.45294117647059,-2.715421422819528,0.05449996519856507
yqaUDA6i5GY_00,86,12,0,720.0,398.1,752.5,428.1,736.25,413.1,1.25,0.8999999999999773,2.0,0.7701460900374615,0.6240230529767449,-0.46685491555070735,0.23261792485151345,1.4583333333333333,1.2833333333333345,0.7216548508647618,0.35107948441686626
yqaUDA6i5GY_00,86,8,0,745.0,421.2,785.0,458.8,765.0,440.0,2.5,2.1999999999999886,2.0,1.6650825805346676,0.7216548508647587,0.047525366861949636,0.0717844014528024,2.3125,1.75,0.6478114269270985,0.07936952991879091
yqaUDA6i5GY_00,86,6,0,787.5,456.9,847.5,508.1,817.5,482.5,4.350000000000023,2.5,2.0,2.508610172984246,0.5216182970963843,0.675243345397114,-0.048422166603341865,2.875,2.375,0.690446457054692,0.4111652047396839
yqaUDA6i5GY_00,86,5,0,802.5,379.7,835.0,403.4,818.75,391.54999999999995,-3.1499999999999773,-3.4500000000000455,2.0,2.3358617253596248,-2.3107712107707576,0.7054308626798067,0.8308214428190352,-4.0625,-1.6100000000000023,-2.7642733473821046,0.47144178735407466
yqaUDA6i5GY_00,86,4,0,241.9,835.0,289.1,912.5,265.5,873.75,0.0,0.0,2.0,0.0,0.0,0.0,0.0,-0.04499999999999886,-0.24750000000000227,-1.7506498265873687,0.0
yqaUDA6i5GY_00,86,2,0,1370.0,611.2,1560.0,707.5,1465.0,659.35,-2.5,-0.5,2.0,1.2747548783981961,-2.9441970937399122,-1.1153436595499457,-1.008787091383829,-1.125,-0.7224999999999966,-2.5707045614351633,1.456226552789418
yqaUDA6i5GY_00,86,1,0,790.0,595.0,961.2,665.0,875.6,630.0,-31.899999999999977,1.25,2.0,15.962240600868025,3.102427737804867,0.31862030043401823,-0.03916491578492609,-19.249999999999993,-2.375,-3.0188363787041532,0.027281203519248235
yqaUDA6i5GY_00,88,17,0,663.8,386.9,688.8,408.1,676.3,397.5,0.6499999999999773,1.8500000000000227,2.0,0.9804335775563858,1.2329181385546328,0.0,0.0,0.6499999999999773,1.8500000000000227,1.2329181385546328,0.0
yqaUDA6i5GY_00,88,15,0,1332.5,700.0,1580.0,845.0,1456.25,772.5,-18.75,-8.799999999999955,2.0,10.356187763844368,-2.7027779516917723,-0.05433206117534617,-0.021627789872856074,-29.02777777777778,-13.194444444444445,-2.714965160462917,0.0599455765167168
yqaUDA6i5GY_00,88,12,0,720.6,399.7,753.1,433.4,736.85,416.54999999999995,0.6000000000000227,3.449999999999932,2.0,1.7508926294892813,1.3986055122719478,0.4903732697259099,0.774582459295203,1.4131578947368433,1.3973684210526292,0.7797802449724917,0.46249854868201634
yqaUDA6i5GY_00,88,8,0,747.5,422.2,787.5,460.3,767.5,441.25,2.5,1.25,2.0,1.3975424859373686,0.46364760900080615,-0.1337700472986495,-0.2580072418639525,2.3149999999999977,1.7650000000000006,0.6514020093127809,0.14155545513004586
yqaUDA6i5GY_00,88,6,0,791.2,455.3,848.8,511.6,820.0,483.45000000000005,2.5,0.9500000000000455,2.0,1.3372079120316414,0.3631470099461922,-0.5857011304763023,-0.15847128715019212,3.0,2.360000000000002,0.6665578188296836,0.279438553058356
yqaUDA6i5GY_00,88,5,0,800.0,378.8,831.2,403.8,815.6,391.3,-3.1499999999999773,-0.24999999999994316,2.0,1.5799525309324824,-3.062393582620359,-0.37795459721357116,-0.7516223718496016,-3.969999999999999,-1.5275000000000005,-2.774292232152519,0.5474573232632786
yqaUDA6i5GY_00,88,4,0,241.9,835.0,289.1,912.5,265.5,873.75,0.0,0.0,2.0,0.0,0.0,0.0,0.0,-0.05250000000000057,-0.24750000000000227,-1.7798192696011614,0.0
yqaUDA6i5GY_00,88,2,0,1367.5,607.8,1555.0,710.0,1461.25,658.9,-3.75,-0.4500000000000455,2.0,1.8884517468021285,-3.0221637275714426,0.30684843420196617,-0.07796663383153037,-1.1875,-0.6800000000000012,-2.621540126720438,0.861464390308993
yqaUDA6i5GY_00,88,1,0,755.0,598.1,927.5,666.2,841.25,632.1500000000001,-34.35000000000002,2.150000000000091,2.0,17.208609763720034,3.079083222841929,0.6231845814260044,-0.023344514962937876,-20.625,-2.1424999999999956,-3.03808511020713,0.034717336615484415
yqaUDA6i5GY_00,90,17,0,664.4,386.9,689.4,408.1,676.9,397.5,0.6000000000000227,0.0,2.0,0.30000000000001137,0.0,-0.34021678877818723,-1.2329181385546328,0.625,0.9250000000000114,0.9765826229944684,0.4109727128515443
yqaUDA6i5GY_00,90,15,0,1321.2,696.2,1558.8,838.8,1440.0,767.5,-16.25,-5.0,2.0,8.500919067959652,-2.843093722003614,-0.9276343479423579,-0.14031577031184167,-28.355263157894736,-12.763157894736842,-2.718642258230835,0.08900717143109177
yqaUDA6i5GY_00,90,12,0,722.5,400.0,757.5,431.9,740.0,415.95,3.1499999999999773,-0.5999999999999659,2.0,1.6033168744823818,-0.18822150530476164,-0.07378787750344973,-1.5868270175767094,1.5,1.2974999999999994,0.7131381365074314,0.8646758005744752
yqaUDA6i5GY_00,90,8,0,748.8,422.5,788.8,463.1,768.8,442.8,1.2999999999999545,1.5500000000000114,2.0,1.0114964162071853,0.8728935041998603,-0.19302303486509165,0.40924589519905424,2.25,1.6724999999999994,0.6392207711029873,0.24634584617193642
yqaUDA6i5GY_00,90,6,0,791.9,457.5,850.6,515.0,821.25,486.25,1.25,2.7999999999999545,2.0,1.5331748106461756,1.1509163695893387,0.0979834493072671,0.7877693596431464,2.8125,2.375,0.7012599228662774,0.33155427113222674
yqaUDA6i5GY_00,90,5,0,798.8,378.8,826.2,403.1,812.5,390.95000000000005,-3.1000000000000227,-0.3499999999999659,2.0,1.559847748980659,-3.0291655227596146,-0.010052390975911707,0.03322805986074461,-3.875,-1.3899999999999977,-2.7971798251732616,0.5385572915097938
yqaUDA6i5GY_00,90,4,0,241.9,835.6,289.1,911.9,265.5,873.75,0.0,0.0,2.0,0.0,0.0,0.0,0.0,-0.05250000000000057,-0.24750000000000227,-1.7798192696011614,0.0
yqaUDA6i5GY_00,90,2,0,1362.5,607.5,1547.5,706.2,1455.0,656.85,-6.25,-2.0499999999999545,2.0,3.288806774500435,-2.8246497544598483,0.7001775138491533,0.19751397311159427,-1.375,-0.75,-2.642245931909663,0.4280892327756512
yqaUDA6i5GY_00,90,1,0,720.0,600.6,893.8,668.8,806.9,634.7,-34.35000000000002,2.5499999999999545,2.0,17.222260304617404,3.067492766649021,0.0068252704486848614,-0.011590456192908327,-21.9675,-1.9199999999999988,-3.054412352038004,0.024699962313590767
yqaUDA6i5GY_00,92,17,0,663.8,387.5,692.5,412.5,678.15,400.0,1.25,2.5,2.0,1.3975424859373686,1.1071487177940904,0.5487712429686786,1.1071487177940904,0.8333333333333334,1.4500000000000075,1.0491780296985123,0.7800222854495744
yqaUDA6i5GY_00,92,15,0,1310.0,683.8,1540.0,828.8,1425.0,756.3,-15.0,-11.200000000000045,2.0,9.360021367496993,-2.500228293681338,0.42955114976867037,0.3428654283222761,-27.6875,-12.685000000000002,-2.7119827310435682,0.16826966283565795
yqaUDA6i5GY_00,92,12,0,725.0,403.1,757.5,435.6,741.25,419.35,1.25,3.400000000000034,2.0,1.8112495686680115,1.218487602120758,0.10396634709281483,1.4067091074255196,1.5,1.4375,0.7641247773733871,1.256039528099144
yqaUDA6i5GY_00,92,8,0,750.0,425.6,792.5,465.0,771.25,445.3,2.4500000000000455,2.5,2.0,1.7501785623187296,0.7954988299827609,0.36934107305577213,-0.07739467421709946,2.3125,1.7650000000000006,0.6519230478593864,0.24821593709336875
yqaUDA6i5GY_00,92,6,0,795.0,459.1,855.0,515.9,825.0,487.5,3.75,1.25,2.0,1.976423537605237,0.3217505543966422,0.22162436347953074,-0.8291658151926966,2.905000000000001,2.452499999999998,0.7011371111484234,0.591802153995345
yqaUDA6i5GY_00,92,5,0,796.2,376.2,823.8,401.2,810.0,388.7,-2.5,-2.250000000000057,2.0,1.6817030058842328,-2.408777551803274,0.0609276284517869,0.6203879709563405,-3.6899999999999977,-1.4400000000000006,-2.7695248947316724,0.46841280088889553
yqaUDA6i5GY_00,92,4,0,241.9,835.6,289.1,911.9,265.5,873.75,0.0,0.0,2.0,0.0,0.0,0.0,0.0,-0.04499999999999886,-0.24750000000000227,-1.7506498265873687,0.0
yqaUDA6i5GY_00,92,2,0,1357.5,605.3,1542.5,705.0,1450.0,655.15,-5.0,-1.7000000000000455,2.0,2.640549185302186,-2.8138541468092297,-0.32412879459912447,0.0107956076506186,-1.625,-0.8125000000000057,-2.6779450445889843,0.09542540486458108
yqaUDA6i5GY_00,92,1,0,683.1,607.5,859.4,670.6,771.25,639.05,-35.64999999999998,4.349999999999909,2.0,17.95720607444263,3.0201732403185813,0.36747288491261365,-0.047319526330439565,-23.252499999999998,-1.5150000000000035,-3.0765303300557267,0.027418165828761925
yqaUDA6i5GY_00,94,17,0,665.0,388.1,692.5,413.1,678.75,400.6,0.6000000000000227,0.6000000000000227,2.0,0.4242640687119446,0.7853981633974483,-0.48663920861271204,-0.3217505543966422,0.7750000000000057,1.2375000000000114,1.011289570684078,0.8872724702484551
yqaUDA6i5GY_00,94,15,0,1300.0,678.1,1525.0,820.6,1412.5,749.35,-12.5,-6.949999999999932,2.0,7.151092573865881,-2.6341545906366566,-1.1044643968155556,-0.1339262969553188,-27.5,-12.532499999999999,-2.713986144584282,0.20570249852981218
yqaUDA6i5GY_00,94,12,0,726.2,403.8,760.0,436.2,743.1,420.0,1.8500000000000227,0.6499999999999773,2.0,0.9804335775563858,0.3378781882402636,-0.4154079955558128,-0.8806094138804944,1.5300000000000011,1.4349999999999994,0.7533686486361967,1.2913818462942412
yqaUDA6i5GY_00,94,8,0,751.2,426.2,796.2,467.5,773.7,446.85,2.4500000000000455,1.5500000000000114,2.0,1.4495689014324447,0.564083721049652,-0.15030483044314247,-0.2314151089331089,2.3100000000000023,1.7475000000000023,0.647644016214377,0.23935189278308755
yqaUDA6i5GY_00,94,6,0,798.1,461.9,859.4,519.4,828.75,490.65,3.75,3.1499999999999773,2.0,2.448724157597169,0.6986598247214597,0.23615030999596598,0.37690927032481764,2.967500000000001,2.469999999999999,0.6941579413256896,0.6646148150535535
yqaUDA6i5GY_00,94,5,0,792.5,375.6,820.0,399.4,806.25,387.5,-3.75,-1.1999999999999886,2.0,1.9686607122610014,-2.83188970904734,0.14347885318838427,-0.42311215724406603,-3.655000000000001,-1.4375,-2.7668781738863575,0.35890939602038374
yqaUDA6i5GY_00,94,4,0,241.9,835.6,289.1,911.9,265.5,873.75,0.0,0.0,2.0,0.0,0.0,0.0,0.0,-0.04499999999999886,-0.28000000000000114,-1.7301479676988087,0.0
yqaUDA6i5GY_00,94,2,0,1353.8,603.4,1536.2,703.8,1445.0,653.5999999999999,-5.0,-1.5500000000000682,2.0,2.6173698630495563,-2.8409869835473853,-0.011589661126314876,-0.027132836738155582,-1.75,-0.8275000000000035,-2.699894147691849,0.07848080583345617
yqaUDA6i5GY_00,94,1,0,646.9,606.9,820.6,673.1,733.75,640.0,-37.5,0.9500000000000455,2.0,18.75601570163557,3.1162647376273527,0.39940481359646895,0.09609149730877144,-24.625,-1.25,-3.0908747643429972,0.051667159944039774
yqaUDA6i5GY_00,96,17,0,667.5,389.7,693.8,415.9,680.65,402.79999999999995,1.8999999999999773,2.199999999999932,2.0,1.45344418537483,0.8584387287005582,0.5145900583314428,0.07304056530310989,1.0,1.4299999999999955,0.9605398459392679,0.5006466124979475
yqaUDA6i5GY_00,96,15,0,1290.0,672.5,1510.0,812.5,1400.0,742.5,-12.5,-6.850000000000023,2.0,7.126929563283201,-2.640286247968129,-0.012081505291340111,-0.00613165733147225,-26.5,-12.375,-2.7047072960024905,0.16097446086968903
yqaUDA6i5GY_00,96,8,0,750.6,430.3,798.1,469.7,774.35,450.0,0.6499999999999773,3.1499999999999773,2.0,1.6081822036075257,1.3673032815373394,0.07930665108754054,0.8032195604876873,2.280000000000001,1.8425000000000011,0.679668979047976,0.37067644787929854
yqaUDA6i5GY_00,96,6,0,796.9,463.8,861.9,522.5,829.4,493.15,0.6499999999999773,2.5,2.0,1.2915591353089462,1.316428268241639,-0.5785825111441114,0.6177684435201792,2.907499999999999,2.469999999999999,0.7042194487108745,0.6079478430125644
yqaUDA6i5GY_00,96,5,0,788.8,375.6,816.2,398.8,802.5,387.20000000000005,-3.75,-0.2999999999999545,2.0,1.8809904305976661,-3.061762667877568,-0.04383514083166762,-0.22987295883022796,-3.625,-1.3449999999999989,-2.7863031256065773,0.4244576956768782
yqaUDA6i5GY_00,96,4,0,241.6,835.6,289.1,911.9,265.35,873.75,-0.14999999999997726,0.0,2.0,0.07499999999998863,3.141592653589793,0.037499999999994316,3.141592653589793,-0.04499999999999886,-0.24750000000000227,-1.7506498265873687,1.0471975511965976
yqaUDA6i5GY_00,96,2,0,1347.5,599.7,1527.5,702.5,1437.5,651.1,-7.5,-2.4999999999998863,2.0,3.9528470752104563,-2.8198420991931648,0.66773860608045,0.02114488435422057,-2.125,-0.9524999999999977,-2.7202072270620756,0.01969110958099825
yqaUDA6i5GY_00,96,1,0,603.8,610.6,783.8,676.9,693.8,643.75,-39.950000000000045,3.75,2.0,20.06280763004024,3.047999561804814,0.6533959642023355,-0.06826517582253856,-26.060000000000002,-0.9050000000000011,-3.106879052201974,0.07055873315391652
yqaUDA6i5GY_00,98,18,0,1771.2,784.4,2138.8,970.6,1955.0,877.5,,,,0.0,0.0,0.0,0.0,,,0.0,0.0
yqaUDA6i5GY_00,98,17,0,665.0,385.0,695.0,416.2,680.0,400.6,-0.6499999999999773,-2.199999999999932,2.0,1.1470069746954101,-1.8580777801920296,-0.15321860533971,-2.716516508892588,0.7250000000000038,0.8250000000000076,0.8498250028230038,1.0371025428641134
yqaUDA6i5GY_00,98,15,0,1280.0,668.1,1497.5,805.6,1388.75,736.85,-11.25,-5.649999999999977,2.0,6.294541285907968,-2.676168847522604,-0.41619413868761646,-0.03588259955447537,-25.4375,-12.125,-2.696792019086232,0.05864685128042212
yqaUDA6i5GY_00,98,13,0,730.0,406.9,766.2,440.6,748.1,423.75,,,,0.0,0.0,0.0,0.0,,,0.0,0.0
yqaUDA6i5GY_00,98,8,0,758.1,430.6,800.6,471.9,779.35,451.25,5.0,1.25,2.0,2.576941016011038,0.24497866312686417,0.4843794062017561,-1.1223246184104751,2.405000000000001,1.8425000000000011,0.6537334633340648,0.7189864292770904
yqaUDA6i5GY_00,98,6,0,802.5,473.1,865.0,526.9,833.75,500.0,4.350000000000023,6.850000000000023,2.0,4.057246603301324,1.0050122885740471,1.3828437339961888,-0.31141597966759194,2.9375,2.702499999999998,0.7437555842988595,0.43536456450419614
yqaUDA6i5GY_00,98,5,0,786.9,375.6,813.1,396.9,800.0,386.25,-2.5,-0.9500000000000455,2.0,1.3372079120316414,-2.778445643643601,-0.2718912592830124,0.28331702423396665,-3.5,-1.3125,-2.782821983319221,0.31210071343608686
yqaUDA6i5GY_00,98,4,0,240.6,841.2,291.2,913.8,265.9,877.5,0.5499999999999545,3.75,2.0,1.8950593658247195,1.4251679462240858,0.9100296829123654,-1.7164247073657073,-0.025,-0.060000000000002274,-1.9655874464946446,1.6193391203185001
yqaUDA6i5GY_00,98,2,0,1340.0,596.9,1515.0,690.6,1427.5,643.75,-10.0,-7.350000000000023,2.0,6.205290081857583,-2.507760864711639,1.1262215033235632,0.31208123448152586,-2.625,-1.2824999999999989,-2.6871296313257407,0.12011965185796734
yqaUDA6i5GY_00,98,1,0,563.8,615.6,743.8,680.6,653.8,648.1,-40.0,4.350000000000023,2.0,20.117918008581306,3.033268349824863,0.02755518927053302,-0.014731211979951194,-27.370000000000005,-0.5400000000000034,-3.1218655819836965,0.059695961703753735
yqaUDA6i5GY_00,100,18,0,1736.2,762.5,2091.2,947.5,1913.6999999999998,855.0,-41.30000000000018,-22.5,2.0,23.51563309800533,-2.6427550104334796,0.0,0.0,-41.30000000000018,-22.5,-2.6427550104334796,0.0
yqaUDA6i5GY_00,100,17,0,667.5,391.2,695.0,417.5,681.25,404.35,1.25,3.75,2.0,1.976423537605237,1.2490457723982544,0.41470828145491345,3.1071235525902843,0.8000000000000033,1.2428571428571493,0.9988781269336349,1.9655602089286608
yqaUDA6i5GY_00,100,15,0,1271.2,663.1,1486.2,798.1,1378.7,730.6,-10.049999999999955,-6.25,2.0,5.91745299939085,-2.5852324746742523,-0.18854414325855906,0.09093637284835189,-23.814999999999998,-11.969999999999999,-2.6758477322279135,0.044316876578099816
yqaUDA6i5GY_00,100,8,0,758.8,433.8,803.8,475.6,781.3,454.70000000000005,1.9499999999999318,3.4500000000000455,2.0,1.981476722043439,1.0563450137358894,-0.29773214698379946,0.8113663506090252,2.3474999999999966,1.9700000000000046,0.6981850977251709,0.9123035098357292
yqaUDA6i5GY_00,100,6,0,803.8,470.6,868.8,528.1,836.3,499.35,2.5499999999999545,-0.6499999999999773,2.0,1.3157697366940517,-0.24958692543698055,-1.3707384333036359,-1.2545992140110276,2.9399999999999977,2.467500000000001,0.6982408888431657,0.7279278790662662
yqaUDA6i5GY_00,100,5,0,783.1,374.1,811.9,396.6,797.5,385.35,-2.5,-0.8999999999999773,2.0,1.3285330255586383,-2.796037073008089,-0.004337443236501537,-0.017591429364487873,-3.532499999999999,-1.2949999999999988,-2.790210245212512,0.1769271374762275
yqaUDA6i5GY_00,100,4,0,241.2,840.0,291.2,913.8,266.2,876.9,0.30000000000001137,-0.6000000000000227,2.0,0.33541019662498117,-1.1071487177940904,-0.7798245845998691,-2.5323166640181762,-0.009999999999999431,-0.09000000000000341,-1.6814535479687818,2.4634446749912255
yqaUDA6i5GY_00,100,2,0,1332.5,594.7,1507.5,685.0,1420.0,639.85,-7.5,-3.8999999999999773,2.0,4.226700841081606,-2.662073361597199,-0.9892946203879882,-0.15431249688556029,-2.8125,-1.4774999999999978,-2.657884378056653,0.16251287190710226
yqaUDA6i5GY_00,100,1,0,521.9,614.7,703.1,685.0,612.5,649.85,-41.299999999999955,1.75,2.0,20.66852982192974,3.099245104569217,0.27530590667421784,0.06597675474435416,-28.75,-0.13249999999999887,-3.136983990566885,0.0496577141822813
yqaUDA6i5GY_00,102,18,0,1707.5,746.9,2042.5,928.1,1875.0,837.5,-38.69999999999982,-17.5,2.0,21.236407417451673,-2.716913716063805,-1.139612840276829,-0.07415870563032546,-40.0,-20.0,-2.677945044588987,0.02471956854344182
yqaUDA6i5GY_00,102,17,0,667.5,394.4,696.2,420.0,681.85,407.2,0.6000000000000227,2.849999999999966,2.0,1.4562365879210555,1.3633001003596839,-0.2600934748420908,0.11425432796142944,0.7750000000000057,1.4437500000000014,1.0781466130598587,1.9792981298147672
yqaUDA6i5GY_00,102,16,0,240.6,840.6,291.2,913.1,265.9,876.85,,,,0.0,0.0,0.0,0.0,,,0.0,0.0
yqaUDA6i5GY_00,102,15,0,1264.4,661.2,1480.0,792.5,1372.2,726.85,-6.5,-3.75,2.0,3.7520827549509086,-2.6183143314578174,-1.0826851222199707,-0.033081856783565115,-22.077499999999997,-11.689999999999998,-2.6546257877722486,0.053300276395464107
yqaUDA6i5GY_00,102,12,0,733.8,406.2,768.8,443.8,751.3,425.0,8.199999999999932,5.0,8.0,1.2005207203542896,0.5475622359400013,0.02751089284973797,0.2096840476997377,1.9099999999999966,1.5775000000000006,0.6903449719902601,0.832334189668584
yqaUDA6i5GY_00,102,8,0,762.5,434.4,807.5,476.9,785.0,455.65,3.7000000000000455,0.9499999999999318,2.0,1.9100065444914192,0.25132778416082013,-0.03573508877600995,-0.8050172295750692,2.4350000000000023,1.9224999999999994,0.6683227066705232,0.9129027328648566
yqaUDA6i5GY_00,102,6,0,805.0,472.5,872.5,531.9,838.75,502.2,2.4500000000000455,2.849999999999966,2.0,1.8791620472966155,0.8607270542257732,0.2816961553012819,1.1103139796627537,3.0625,2.4849999999999994,0.6816708382189043,0.8921097244471244
yqaUDA6i5GY_00,102,5,0,783.1,368.4,809.4,396.6,796.25,382.5,-1.25,-2.8500000000000227,2.0,1.556036631959554,-1.9841267313342215,0.11375180320045786,0.8119103416738676,-3.4375,-1.3150000000000006,-2.7762232557551285,0.37093959842410734
yqaUDA6i5GY_00,102,4,0,241.2,840.0,291.2,912.5,266.2,876.25,0.0,-0.6499999999999773,2.0,0.32499999999998863,-1.5707963267948966,-0.00520509831249627,-0.4636476090008062,-0.017500000000001136,-0.12250000000000227,-1.712693381399067,1.5707963267948966
yqaUDA6i5GY_00,102,2,0,1325.0,588.1,1495.0,681.9,1410.0,635.0,-10.0,-4.850000000000023,2.0,5.5570338311009095,-2.6900168927542407,0.6651664950096516,-0.02794353115704151,-3.3125,-1.7199999999999989,-2.662667623335225,0.16477908750804254
yqaUDA6i5GY_00,102,1,0,477.5,624.1,660.0,688.8,568.75,656.45,-43.75,6.600000000000023,2.0,22.122513984626615,2.9918645300478355,0.7269920813484365,-0.10738057452138162,-30.1875,0.2900000000000034,3.1319863238376366,0.062696180415229
yqaUDA6i5GY_00,104,18,0,1677.5,736.9,2002.5,910.6,1840.0,823.75,-35.0,-13.75,2.0,18.802011195614153,-2.767259037582209,-1.2171981109187602,-0.050345321518403985,-38.333333333333336,-17.916666666666668,-2.704370609848805,0.04150134238290982
yqaUDA6i5GY_00,104,17,0,667.5,394.4,698.8,423.1,683.15,408.75,1.2999999999999545,1.5500000000000114,2.0,1.0114964162071853,0.8728935041998603,-0.22237008585693507,-0.4904065961598235,0.8333333333333334,1.4555555555555582,1.0508285200463692,1.237261492237179
yqaUDA6i5GY_00,104,16,0,240.6,840.6,291.2,913.1,265.9,876.85,0.0,0.0,2.0,0.0,0.0,0.0,0.0,0.0,0.0,0.0,0.0
yqaUDA6i5GY_00,104,15,0,1258.8,657.5,1471.2,787.5,1365.0,722.5,-7.2000000000000455,-4.350000000000023,2.0,4.206022467843011,-2.59811505887675,0.2269698564460514,0.020199272581067348,-20.375,-11.185000000000002,-2.6395505206475294,0.04807250073766143
yqaUDA6i5GY_00,104,12,0,733.8,408.1,771.2,445.6,752.5,426.85,1.2000000000000455,1.8500000000000227,2.0,1.1025538535600192,0.9953716762596,-0.04898343339713518,0.4478094403195987,1.8100000000000023,1.6074999999999988,0.7262135242414564,0.5127009672999437
yqaUDA6i5GY_00,104,8,0,763.8,436.2,808.8,480.0,786.3,458.1,1.2999999999999545,2.4500000000000455,2.0,1.3867678248358757,1.0829598881352762,-0.26161935982777174,0.8316321039744561,2.3474999999999966,1.875,0.6739612152860548,0.8160052280528501
yqaUDA6i5GY_00,104,6,0,806.2,473.8,876.2,536.2,841.2,505.0,2.4500000000000455,2.8000000000000114,2.0,1.8602755172285828,0.8519663271732649,-0.00944326503401638,-0.0087607270525083,2.6200000000000045,2.467500000000001,0.7554317064900746,0.7912246402420965
yqaUDA6i5GY_00,104,5,0,782.5,368.1,805.0,393.8,793.75,380.95000000000005,-2.5,-1.5499999999999545,2.0,1.4707566080082608,-2.5865969262512194,-0.0426400119756466,-0.6024701949169978,-3.219999999999999,-1.2949999999999988,-2.75921361949044,0.47732398865178444
yqaUDA6i5GY_00,104,4,0,241.2,840.0,291.2,912.5,266.2,876.25,0.0,0.0,2.0,0.0,0.0,-0.16249999999999432,1.5707963267948966,0.02750000000000057,0.0625,1.156289452210103,1.522253533271293
yqaUDA6i5GY_00,104,2,0,1316.2,582.5,1483.8,676.2,1400.0,629.35,-10.0,-5.649999999999977,2.0,5.742876021646291,-2.6273061123203454,0.09292109527269066,0.06271078043389534,-3.875,-2.032499999999999,-2.6585250482584852,0.08165560282549905
yqaUDA6i5GY_00,104,1,0,433.1,630.6,610.6,694.4,521.85,662.5,-46.89999999999998,6.0499999999999545,2.0,23.644304282427075,3.0133032531145947,0.7608951489002305,0.021438723066759195,-31.595,0.7175000000000011,3.1188872667541427,0.06493201744416499
yqaUDA6i5GY_00,106,20,0,689.4,377.5,718.1,402.5,703.75,390.0,,,,0.0,0.0,0.0,0.0,,,0.0,0.0
yqaUDA6i5GY_00,106,18,0,1652.5,723.8,1962.5,893.8,1807.5,808.8,-32.5,-14.950000000000045,2.0,17.886814277562127,-2.7104539128710097,-0.4575984590260127,0.05680512471119936,-36.875,-17.17500000000001,-2.7057080495171024,0.0604363839533096
yqaUDA6i5GY_00,106,17,0,666.9,392.5,699.4,426.2,683.15,409.35,0.0,0.6000000000000227,2.0,0.30000000000001137,1.5707963267948966,-0.355748208103587,0.697902822595036,0.75,1.3700000000000045,1.0699166477054467,0.4341879155720963
yqaUDA6i5GY_00,106,16,0,240.6,841.2,291.6,913.8,266.1,877.5,0.20000000000004547,0.6499999999999773,2.0,0.3400367627183819,1.2722973952086436,0.17001838135919095,1.2722973952086436,0.10000000000002274,0.32499999999998863,1.2722973952086436,0.42409913173621455
yqaUDA6i5GY_00,106,15,0,1251.9,651.2,1457.5,781.2,1354.7,716.2,-10.299999999999955,-6.2999999999999545,2.0,6.036969438385424,-2.5926506323922633,0.9154734852712063,0.00546442648448675,-18.889999999999997,-10.189999999999998,-2.64689394811573,0.019581851949706384
yqaUDA6i5GY_00,106,12,0,735.0,408.1,772.5,448.1,753.75,428.1,1.25,1.25,2.0,0.8838834764831844,0.7853981633974483,-0.1093351885384174,-0.20997351286215174,1.9050000000000011,1.6550000000000011,0.7152885419202719,0.2891556669604961
yqaUDA6i5GY_00,106,8,0,766.2,437.5,811.2,481.2,788.7,459.35,2.400000000000091,1.25,2.0,1.3530059127735212,0.48017502960351144,-0.01688095603117723,-0.6027848585317647,2.4025000000000034,1.9075000000000017,0.6710499827849468,0.7464780640270966
yqaUDA6i5GY_00,106,6,0,808.1,474.4,879.4,539.4,843.75,506.9,2.5499999999999545,1.8999999999999773,2.0,1.5900078616157596,0.6403564650708455,-0.1351338278064116,-0.21160986210241942,2.6274999999999977,2.514999999999998,0.7635251330963903,0.44356152293922707
yqaUDA6i5GY_00,106,4,0,241.2,840.0,291.2,912.5,266.2,876.25,0.0,0.0,2.0,0.0,0.0,0.0,0.0,0.029999999999998295,0.0625,1.1232763516377489,0.6781479785985676
yqaUDA6i5GY_00,106,2,0,1307.5,580.6,1472.5,680.0,1390.0,630.3,-10.0,0.9499999999999318,2.0,5.022511821787975,3.046876907601324,-0.36018209992915784,-0.6090022872579174,-4.375,-1.9850000000000023,-2.7156542215080375,0.2332188662829514
yqaUDA6i5GY_00,106,1,0,385.0,628.8,573.8,697.5,479.4,663.15,-42.450000000000045,0.6499999999999773,2.0,21.227488075606143,3.126281718202782,-1.2084081034104663,0.11297846508818711,-32.84,0.8999999999999944,3.1141939087249213,0.08059925422544265
yqaUDA6i5GY_00,108,18,0,1627.5,715.6,1927.5,876.9,1777.5,796.25,-30.0,-12.549999999999955,2.0,16.2596317608979,-2.7453822563095946,-0.8135912583321137,-0.03492834343858497,-35.5,-16.25,-2.7123154581319913,0.047359596556062776
yqaUDA6i5GY_00,108,17,0,667.5,397.5,702.5,428.8,685.0,413.15,1.8500000000000227,3.7999999999999545,2.0,2.1132025459004007,1.1177303334151567,0.9066012729501947,-0.45306599337973996,0.8500000000000021,1.5909090909090908,1.080097820718395,0.5471251373781998
yqaUDA6i5GY_00,108,16,0,240.6,841.2,291.6,913.8,266.1,877.5,0.0,0.0,2.0,0.0,0.0,-0.17001838135919095,-1.2722973952086436,0.06666666666668182,0.2166666666666591,1.2722973952086436,0.8481982634724291
yqaUDA6i5GY_00,108,15,0,1246.9,648.8,1447.5,777.5,1347.2,713.15,-7.5,-3.050000000000068,2.0,4.0482249196407185,-2.7553523943625047,-0.9943722593723527,-0.16270176197024136,-17.514999999999997,-9.527500000000003,-2.6433967139337913,0.0627884870119318
yqaUDA6i5GY_00,108,8,0,767.5,440.0,812.5,485.0,790.0,462.5,1.2999999999999545,3.1499999999999773,2.0,1.7038559211388546,1.1793911986696959,0.1754250041826667,0.6992161690661843,2.3149999999999977,1.9850000000000023,0.7088041131359334,0.7112110438574684
yqaUDA6i5GY_00,108,6,0,811.9,476.9,880.6,540.6,846.25,508.75,2.5,1.8500000000000227,2.0,1.5550321540084053,0.6370703292756895,-0.017487853803677122,-0.00328613579515602,2.5625,2.407499999999999,0.7542211460103145,0.07455224165002784
yqaUDA6i5GY_00,108,4,0,241.2,840.0,291.2,913.8,266.2,876.9,0.0,0.6499999999999773,2.0,0.32499999999998863,1.5707963267948966,0.16249999999999432,1.5707963267948966,0.02750000000000057,0.09499999999999886,1.2890244595215357,1.0471975511965976
yqaUDA6i5GY_00,108,2,0,1297.5,576.9,1457.5,671.9,1377.5,624.4,-12.5,-5.899999999999977,2.0,6.911222757226099,-2.7005948922351433,0.944355467719062,0.5357135073431192,-5.0,-2.280000000000001,-2.7137603417687757,0.402475525011644
yqaUDA6i5GY_00,108,1,0,336.9,635.3,527.5,702.5,432.2,668.9,-47.19999999999999,5.75,2.0,23.774474231831075,3.020367947501399,1.273493078112466,-0.10591377070138289,-34.0775,1.382499999999999,3.1010455982719516,0.08011031961877639
yqaUDA6i5GY_00,110,18,0,1605.0,705.6,1890.0,864.4,1747.5,785.0,-30.0,-11.25,2.0,16.02000702247037,-2.782821983319221,-0.11981236921376492,-0.03743972700962628,-34.583333333333336,-15.416666666666666,-2.7222510060397633,0.04305773171980354
yqaUDA6i5GY_00,110,17,0,667.5,398.8,705.0,431.2,686.25,415.0,1.25,1.8500000000000227,2.0,1.1163556780883148,0.9765826229944684,-0.49842343390604293,-0.14114771042068833,0.8833333333333352,1.6125000000000018,1.0696409617622558,0.4307055087984881
yqaUDA6i5GY_00,110,16,0,240.6,841.2,291.6,913.8,266.1,877.5,0.0,0.0,2.0,0.0,0.0,0.0,0.0,0.05000000000001137,0.16249999999999432,1.2722973952086436,0.8481982634724291
yqaUDA6i5GY_00,110,15,0,1242.5,646.9,1442.5,775.6,1342.5,711.25,-4.7000000000000455,-1.8999999999999773,2.0,2.534758371127332,-2.757423289197201,-0.7567332742566932,-0.0020708948346963574,-16.125,-8.655000000000001,-2.6489835809841837,0.05674569442980814
yqaUDA6i5GY_00,110,8,0,770.0,441.2,817.5,487.5,793.75,464.35,3.75,1.8500000000000227,2.0,2.0907534527055125,0.4583000663916603,0.19344876578332892,-0.7210911322780356,2.4375,2.0,0.6871242101414391,0.6743640532919949
yqaUDA6i5GY_00,110,6,0,813.1,479.4,880.6,543.1,846.85,511.25,0.6000000000000227,2.5,2.0,1.2854960132182467,1.3352513460740245,-0.13476807039507932,0.6981810167983349,2.592500000000001,2.467500000000001,0.7606996294908827,0.3043590048986367
yqaUDA6i5GY_00,110,4,0,241.2,840.0,291.2,913.8,266.2,876.9,0.0,0.0,2.0,0.0,0.0,-0.16249999999999432,-1.5707963267948966,0.0375,0.09499999999999886,1.1948353729235868,1.0471975511965976
yqaUDA6i5GY_00,110,2,0,1286.2,575.6,1446.2,665.6,1366.2,620.6,-11.299999999999955,-3.7999999999999545,2.0,5.96091435939149,-2.8171895855201488,-0.4751541989173047,-0.11659469328500552,-5.564999999999998,-2.469999999999999,-2.7238686158057295,0.42043682929534737
yqaUDA6i5GY_00,110,1,0,283.1,633.8,480.0,706.2,381.55,670.0,-50.64999999999998,1.1000000000000227,2.0,25.330971655268172,3.1198783967694466,0.7782487117185486,0.09951044926804765,-35.6075,1.5625,3.097739581591283,0.10613422835253922
yqaUDA6i5GY_00,112,18,0,1585.0,697.5,1860.0,847.5,1722.5,772.5,-25.0,-12.5,2.0,13.975424859373685,-2.677945044588987,-1.0222910815483424,0.10487693873023397,-33.214285714285715,-15.0,-2.7173982456860264,0.0590816697261484
yqaUDA6i5GY_00,112,17,0,667.5,399.4,705.0,431.9,686.25,415.65,0.0,0.6499999999999773,2.0,0.32499999999998863,1.5707963267948966,-0.3956778390441631,0.594213703800428,0.8153846153846172,1.5384615384615385,1.0834377472897054,0.39614246920028545
yqaUDA6i5GY_00,112,16,0,240.6,841.2,291.6,913.8,266.1,877.5,0.0,0.0,2.0,0.0,0.0,0.0,0.0,0.0400000000000091,0.12999999999999545,1.2722973952086436,0.42409913173621455
yqaUDA6i5GY_00,112,15,0,1237.5,644.4,1437.5,773.1,1337.5,708.75,-5.0,-2.5,2.0,2.7950849718747373,-2.677945044588987,0.1301633003737026,0.07947824460821408,-14.75,-8.0625,-2.6413557244296837,0.08141696713771725
yqaUDA6i5GY_00,112,8,0,771.2,445.0,818.8,490.0,795.0,467.5,1.25,3.1499999999999773,2.0,1.6944763202830437,1.1930296688550728,-0.19813856621123438,0.7347296024634125,2.375,2.0599999999999996,0.7144913075162939,0.7183456346025441
yqaUDA6i5GY_00,112,6,0,815.0,482.5,885.0,545.0,850.0,513.75,3.1499999999999773,2.5,2.0,2.0107523467597805,0.6708574666007705,0.3626281667707669,-0.6643938794732539,2.5625,2.4375,0.7604033697785281,0.45528701068891486
yqaUDA6i5GY_00,112,4,0,241.2,840.0,291.2,913.8,266.2,876.9,0.0,0.0,2.0,0.0,0.0,0.0,0.0,0.042499999999998296,0.15749999999999886,1.307232443211867,1.0471975511965976
yqaUDA6i5GY_00,112,2,0,1276.9,571.9,1432.5,660.6,1354.7,616.25,-11.5,-4.350000000000023,2.0,6.147611324734188,-2.779966208122129,0.09334848267134932,0.037223377398019945,-6.075,-2.6875,-2.7250878484908285,0.2298438593420482
yqaUDA6i5GY_00,112,1,0,240.9,638.8,430.9,713.8,335.9,676.3,-45.650000000000034,6.2999999999999545,2.0,23.041335139266575,3.004452353042761,-1.1448182580007984,-0.11542604372668566,-36.7675,2.0024999999999977,3.0871825494704472,0.1069500878987054
yqaUDA6i5GY_00,114,18,0,1562.5,690.0,1832.5,837.5,1697.5,763.75,-25.0,-8.75,2.0,13.243512562760682,-2.804917834203066,-0.3659561483065019,-0.1269727896140789,-32.1875,-14.21875,-2.725622603329938,0.08976315178464638
yqaUDA6i5GY_00,114,17,0,667.5,398.1,706.2,435.6,686.85,416.85,0.6000000000000227,1.2000000000000455,2.0,0.6708203932499623,1.1071487177940904,0.17291019662498686,-0.4636476090008062,0.8000000000000033,1.5142857142857176,1.0847643974547994,0.39966967440730755
yqaUDA6i5GY_00,114,16,0,240.6,841.2,291.6,913.8,266.1,877.5,0.0,0.0,2.0,0.0,0.0,0.0,0.0,0.03333333333334091,0.10833333333332955,1.2722973952086436,0.0
yqaUDA6i5GY_00,114,15,0,1235.0,645.0,1432.5,771.2,1333.75,708.1,-3.75,-0.6499999999999773,2.0,1.9029582233985045,-2.969964585208919,-0.4460633742381164,-0.2920195406199322,-13.4375,-7.407499999999999,-2.6377857973819223,0.12452289335428086
yqaUDA6i5GY_00,114,12,0,740.0,418.1,785.0,456.9,762.5,437.5,8.75,9.399999999999977,8.0,1.6052769426176883,0.8211955368605758,0.09017418326681298,0.035797373463127495,2.25,2.032499999999999,0.7346536729819805,0.23119344221495938
yqaUDA6i5GY_00,114,8,0,773.1,447.5,821.9,492.5,797.5,470.0,2.5,2.5,2.0,1.7677669529663689,0.7853981633974483,0.03664531634166257,-0.4076315054576245,2.342500000000001,2.1099999999999994,0.7332276916487481,0.6211507467330241
yqaUDA6i5GY_00,114,6,0,816.2,483.8,886.2,548.8,851.2,516.3,1.2000000000000455,2.5499999999999545,2.0,1.4091220671041842,1.1309537439791388,-0.3008151398277982,0.4600962773783684,2.4350000000000023,2.344999999999999,0.7665719360033852,0.6075570578833189
yqaUDA6i5GY_00,114,4,0,241.2,840.0,291.2,913.8,266.2,876.9,0.0,0.0,2.0,0.0,0.0,0.0,0.0,0.042499999999998296,0.15749999999999886,1.307232443211867,0.5235987755982988
yqaUDA6i5GY_00,114,2,0,1266.9,566.2,1417.5,653.8,1342.2,610.0,-12.5,-6.25,2.0,6.987712429686843,-2.677945044588987,0.42005055247632717,0.10202116353314186,-6.7,-3.0,-2.7206020793375476,0.08527974473872245
yqaUDA6i5GY_00,114,1,0,239.7,643.1,380.9,710.6,310.29999999999995,676.85,-25.600000000000023,0.5500000000000682,2.0,12.802953760753818,3.1201115832488813,-5.119190689256379,0.11565923020612037,-36.795,2.1525000000000034,3.0831594539077214,0.11019857440028456
yqaUDA6i5GY_00,116,18,0,1545.0,680.6,1807.5,825.6,1676.25,753.1,-21.25,-10.649999999999977,2.0,11.884706559271873,-2.6770043110941555,-0.6794030017444044,0.12791352310891038,-30.97222222222222,-13.82222222222222,-2.721838230571616,0.11992108381774108
yqaUDA6i5GY_00,116,17,0,671.2,403.8,708.8,441.2,690.0,422.5,3.1499999999999773,5.649999999999977,2.0,3.234385567615571,1.0621963220294397,1.2817825871828044,-0.04495239576465072,0.9566666666666682,1.7900000000000016,1.0799695195507315,0.36760456952196163
yqaUDA6i5GY_00,116,16,0,240.6,840.6,291.6,914.4,266.1,877.5,0.0,0.0,2.0,0.0,0.0,0.0,0.0,0.02857142857143507,0.09285714285713961,1.2722973952086436,0.0
yqaUDA6i5GY_00,116,15,0,1231.9,642.5,1432.5,768.8,1332.2,705.65,-1.5499999999999545,-2.4500000000000455,2.0,1.4495689014324293,-2.134880047844532,-0.2266946609830376,0.8350845373643873,-12.264999999999997,-6.655000000000001,-2.644447878649728,0.40219410753084456
yqaUDA6i5GY_00,116,12,0,743.8,419.7,786.2,459.1,765.0,439.4,2.5,1.8999999999999773,2.0,1.5700318468107513,0.6498704494119418,-0.01762254790346851,-0.17132508744863398,2.25,2.014999999999998,0.7303541740609557,0.13903199125797114
yqaUDA6i5GY_00,116,8,0,775.0,449.4,825.0,494.4,800.0,471.9,2.5,1.8999999999999773,2.0,1.5700318468107513,0.6498704494119418,-0.09886755307780881,-0.13552771398550648,2.375,2.1099999999999994,0.7263809369496061,0.4259629406355145
yqaUDA6i5GY_00,116,6,0,814.4,485.6,893.1,551.2,853.75,518.4000000000001,2.5499999999999545,2.1000000000001364,2.0,1.6517036659159188,0.6889243882149021,0.12129079940586729,-0.44202935576423685,2.5,2.4350000000000023,0.772227699034324,0.522173170871953
yqaUDA6i5GY_00,116,4,0,241.2,840.0,291.2,913.8,266.2,876.9,0.0,0.0,2.0,0.0,0.0,0.0,0.0,0.042499999999998296,0.15749999999999886,1.307232443211867,0.0
yqaUDA6i5GY_00,116,2,0,1259.4,560.0,1405.0,648.1,1332.2,604.05,-10.0,-5.9500000000000455,2.0,5.818128994788628,-2.6048577350237565,-0.5847917174491073,0.07308730956523048,-7.139999999999998,-3.267500000000001,-2.71240923864861,0.07077728349879743
yqaUDA6i5GY_00,116,1,0,240.6,646.2,330.9,711.2,285.75,678.7,-24.549999999999955,1.8500000000000227,2.0,12.309803004110158,3.066378393459051,-0.24657537832182985,-0.05373318978983033,-36.805,2.342500000000001,3.078032141938847,0.09493948790754546
yqaUDA6i5GY_00,118,18,0,1527.5,673.1,1782.5,814.4,1655.0,743.75,-21.25,-9.350000000000023,2.0,11.60802524118552,-2.7270857790050065,-0.13834065904317683,-0.050081467910850996,-30.0,-13.375,-2.72220912823921,0.10165592687794676
yqaUDA6i5GY_00,118,17,0,668.8,403.4,711.2,443.4,690.0,423.4,0.0,0.8999999999999773,2.0,0.44999999999998863,1.5707963267948966,-1.3921927838077912,0.5086000047654569,0.8968750000000014,1.734375,1.0935489836365961,0.3390666698436379
yqaUDA6i5GY_00,118,16,0,240.3,841.2,291.6,913.8,265.95000000000005,877.5,-0.14999999999997726,0.0,2.0,0.07499999999998863,3.141592653589793,0.037499999999994316,3.141592653589793,0.0062500000000085265,0.08124999999999716,1.4940244355250116,1.0471975511965976
yqaUDA6i5GY_00,118,15,0,1230.0,641.2,1425.0,766.2,1327.5,703.7,-4.7000000000000455,-1.9499999999999318,2.0,2.5442336763748807,-2.7483132485359123,0.5473323874712257,-0.6134332006913803,-11.375,-6.127499999999998,-2.647480920222989,0.5801790928918998
yqaUDA6i5GY_00,118,12,0,746.2,423.1,788.8,461.2,767.5,442.15,2.5,2.75,2.0,1.8582585934148133,0.8329812666744316,0.144113373302031,0.18311081726248982,2.375,2.1224999999999996,0.7293147368749664,0.13007775939141716
yqaUDA6i5GY_00,118,8,0,776.2,451.2,828.8,497.5,802.5,474.35,2.5,2.4500000000000455,2.0,1.7501785623187296,0.7752974968121357,0.09007335775398917,0.12542704740019386,2.4399999999999977,2.1375,0.7194100039066188,0.22286208894777496
yqaUDA6i5GY_00,118,6,0,816.2,486.6,896.2,555.3,856.2,520.95,2.4500000000000455,2.5499999999999545,2.0,1.7681204710086915,0.8053954973705806,0.05820840254638637,0.11647110915567851,2.4950000000000045,2.405000000000001,0.7670328815066101,0.33953224743276117
yqaUDA6i5GY_00,118,4,0,240.9,841.2,290.9,913.8,265.9,877.5,-0.30000000000001137,0.6000000000000227,2.0,0.33541019662498117,2.0344439357957027,0.16770509831249059,2.0344439357957027,0.027499999999997728,0.1875,1.4251679462240858,0.6781479785985676
yqaUDA6i5GY_00,118,2,0,1247.5,555.0,1390.0,641.2,1318.75,598.1,-13.450000000000045,-5.949999999999932,2.0,7.353655553532549,-2.7250942456658414,0.7677632793719606,-0.12023651064208486,-7.6875,-3.5425000000000013,-2.7097830997850534,0.09844832791348573
yqaUDA6i5GY_00,118,1,0,241.1,655.0,276.1,712.5,258.6,683.75,-27.149999999999977,5.0499999999999545,2.0,13.807832921932375,2.957690592921288,0.7490149589111086,-0.10868780053776299,-36.8825,2.6274999999999977,3.0704730564086185,0.09269340684457122
yqaUDA6i5GY_00,120,18,0,1512.5,665.6,1762.5,804.4,1637.5,735.0,-17.5,-8.75,2.0,9.782797401561579,-2.677945044588987,-0.91261391981197,0.049140734416019516,-28.863636363636363,-12.954545454545455,-2.7197213671667835,0.07571190847859363
yqaUDA6i5GY_00,120,17,0,673.8,409.7,713.8,447.2,693.8,428.45,3.7999999999999545,5.050000000000011,2.0,3.1600039556937176,0.9257129408410711,1.3550019778468645,-0.6450833859538252,1.067647058823528,1.929411764705883,1.0653819767890138,0.399545262161311
yqaUDA6i5GY_00,120,16,0,240.2,841.2,291.1,913.8,265.65,877.5,-0.3000000000000682,0.0,2.0,0.1500000000000341,3.141592653589793,0.03750000000002274,0.0,-0.027777777777777776,0.07222222222221969,1.9379701606131274,1.0471975511965976
yqaUDA6i5GY_00,120,15,0,1227.5,637.5,1425.0,765.0,1326.25,701.25,-1.25,-2.4500000000000455,2.0,1.375227253947527,-2.042573837975639,-0.5845032112136769,0.7057394105602731,-10.3125,-5.625,-2.642245931909663,0.7180857162053469
yqaUDA6i5GY_00,120,8,0,780.6,453.1,830.6,500.0,805.6,476.55,3.1000000000000227,2.1999999999999886,2.0,1.9006577808748273,0.6171913915403563,0.07523960927804885,-0.1581061052717794,2.405000000000001,2.1099999999999994,0.7201531391023511,0.13968695555249325
yqaUDA6i5GY_00,120,6,0,821.2,492.5,901.2,556.2,861.2,524.35,5.0,3.3999999999999773,2.0,3.0232432915661884,0.5971766580926745,0.6275614102787485,-0.2082188392779061,2.5600000000000023,2.4350000000000023,0.7603783604000164,0.25557310139927375
yqaUDA6i5GY_00,120,4,0,240.9,841.2,290.9,913.8,265.9,877.5,0.0,0.0,2.0,0.0,0.0,-0.16770509831249059,-2.0344439357957027,0.027499999999997728,0.1875,1.4251679462240858,1.3562959571971351
yqaUDA6i5GY_00,120,2,0,1233.8,551.2,1376.2,640.0,1305.0,595.6,-13.75,-2.5,2.0,6.987712429686843,-2.961739153797315,-0.18297156192285335,-0.23664490813147368,-8.375,-3.5024999999999977,-2.74548811445674,0.143322909446263
yqaUDA6i5GY_00,122,18,0,1497.5,666.2,1742.5,796.2,1620.0,731.2,-17.5,-3.7999999999999545,2.0,8.953909760545944,-2.9277692179456034,-0.4144438205078176,-0.24982417335661647,-27.916666666666668,-12.191666666666663,-2.729840096329127,0.11634879189449565
yqaUDA6i5GY_00,122,17,0,676.2,410.0,716.2,450.0,696.2,430.0,2.400000000000091,1.5500000000000114,2.0,1.4285044627162067,0.5734405261548151,-0.8657497464887555,-0.3522724146862561,1.1416666666666704,1.9083333333333345,1.0316621728601658,0.5019852684685128
yqaUDA6i5GY_00,122,16,0,240.3,841.2,290.9,913.8,265.6,877.5,-0.049999999999954525,0.0,2.0,0.024999999999977263,3.141592653589793,-0.06250000000002842,0.0,-0.029999999999995454,0.06499999999999773,2.00320410236539,1.0471975511965976
yqaUDA6i5GY_00,122,15,0,1225.0,632.8,1422.5,762.5,1323.75,697.65,-2.5,-3.6000000000000227,2.0,2.191460700081122,-2.1777839908413017,0.4081167230667976,-0.13521015286566265,-9.4375,-5.2425000000000015,-2.6345391334529364,0.484794254705772
yqaUDA6i5GY_00,122,8,0,780.6,455.0,833.1,500.0,806.85,477.5,1.25,0.9499999999999886,2.0,0.7850159234053756,0.6498704494119418,-0.5578209287347258,0.03267905787158553,2.342500000000001,2.080000000000001,0.7261121531775568,0.10540407018118626
yqaUDA6i5GY_00,122,6,0,823.8,492.2,903.8,559.1,863.8,525.65,2.599999999999909,1.2999999999999545,2.0,1.4534441853748126,0.46364760900080615,-0.7848995530956879,-0.1335290490918684,2.6299999999999955,2.344999999999999,0.7281742744350188,0.1527396658418176
yqaUDA6i5GY_00,122,4,0,241.1,841.2,290.8,913.8,265.95,877.5,0.05000000000001137,0.0,2.0,0.025000000000005684,0.0,0.012500000000002842,0.0,0.02249999999999943,0.1875,1.4513674007765611,1.3562959571971351
yqaUDA6i5GY_00,122,2,0,1223.8,546.9,1361.2,633.1,1292.5,590.0,-12.5,-5.600000000000023,2.0,6.848539990392117,-2.720403173323262,-0.06958621964736267,0.24133598047405294,-8.875,-3.8200000000000047,-2.7351380500678437,0.19940579974920383
yqaUDA6i5GY_00,124,18,0,1485.0,657.5,1725.0,788.8,1605.0,723.15,-15.0,-8.050000000000068,2.0,8.51179328931338,-2.649043764374936,-0.22105823561628224,0.27872545357066736,-26.923076923076923,-11.873076923076924,-2.7262482863195006,0.1925634537811011
yqaUDA6i5GY_00,124,17,0,668.8,398.1,718.8,451.9,693.8,425.0,-2.400000000000091,-5.0,2.0,2.773084924772429,-2.018316301952081,0.6722902310281113,-2.591756828106896,0.9552631578947356,1.5447368421052643,1.0169581488740362,1.1963708762489924
yqaUDA6i5GY_00,124,16,0,241.2,841.2,290.6,913.8,265.9,877.5,0.2999999999999545,0.0,2.0,0.14999999999997726,0.0,0.0625,-3.141592653589793,0.0,0.05909090909090702,1.5707963267948966,1.0471975511965976
yqaUDA6i5GY_00,124,15,0,1221.2,632.5,1416.2,760.0,1318.7,696.25,-5.0499999999999545,-1.3999999999999773,2.0,2.6202337681970036,-2.871156528436795,0.21438653405794073,-0.693372537595493,-8.752499999999998,-4.717500000000001,-2.6472425792674037,0.5114407003404763
yqaUDA6i5GY_00,124,8,0,783.8,458.4,838.8,504.1,811.3,481.25,4.449999999999932,3.75,2.0,2.909682113221279,0.7002387707777492,1.0623330949079517,0.05036832136580738,2.4399999999999977,2.1724999999999994,0.7274684716579927,0.08038449483639078
yqaUDA6i5GY_00,124,6,0,822.5,496.9,910.0,560.6,866.25,528.75,2.4500000000000455,3.1000000000000227,2.0,1.9756328100130578,0.9019841688587584,0.2610943123191226,0.4383365598579524,2.655000000000001,2.4375,0.7427142370489337,0.26002814940924224
yqaUDA6i5GY_00,124,2,0,1212.5,543.1,1347.5,626.9,1280.0,585.0,-12.5,-5.0,2.0,6.73145600891813,-2.761086276477428,-0.05854199073699373,-0.04068310315416612,-9.375,-3.742500000000001,-2.7617761218426122,0.17288799725323092
yqaUDA6i5GY_00,126,18,0,1472.5,652.5,1707.5,782.5,1590.0,717.5,-15.0,-5.649999999999977,2.0,8.014401100518986,-2.781361597354869,-0.24869609439719653,-0.13231783297993308,-26.071428571428573,-11.428571428571429,-2.728463821311392,0.22028915330240562
yqaUDA6i5GY_00,126,17,0,677.5,418.8,720.0,456.9,698.75,437.85,4.9500000000000455,12.850000000000023,2.0,6.885219676960224,1.2031011165901322,2.0560673760938974,-3.061767888637373,1.1550000000000011,2.110000000000002,1.0699565737092305,2.0019323771435085
yqaUDA6i5GY_00,126,15,0,1218.1,632.2,1412.5,757.5,1315.3,694.85,-3.400000000000091,-1.3999999999999773,2.0,1.8384776310850612,-2.7509856098921217,-0.3908780685559712,0.12017091854467314,-7.985000000000002,-4.322499999999996,-2.64543217409374,0.3162512030019429
yqaUDA6i5GY_00,126,12,0,753.8,425.6,797.5,470.0,775.65,447.8,8.149999999999977,5.650000000000034,8.0,1.2396130948808182,0.60618241862055,-0.07733068731674939,-0.22679884805388165,2.719999999999999,2.3900000000000006,0.7209084585668103,0.19374491758833523
yqaUDA6i5GY_00,126,8,0,785.0,461.2,840.0,506.2,812.5,483.7,1.2000000000000455,2.4499999999999886,2.0,1.364047286570379,1.1153452555439862,-0.7728174133254501,0.4151064847662371,2.375,2.1849999999999996,0.7437555842988598,0.16605128800121002
yqaUDA6i5GY_00,126,6,0,825.0,495.0,911.2,563.8,868.1,529.4,1.8500000000000227,0.6499999999999773,2.0,0.9804335775563858,0.3378781882402636,-0.497599616228336,-0.5641059806184948,2.530000000000001,2.344999999999999,0.7474676464397852,0.37865719652277186
yqaUDA6i5GY_00,126,2,0,1201.2,538.8,1333.8,620.0,1267.5,579.4,-12.5,-5.600000000000023,2.0,6.848539990392117,-2.720403173323262,0.05854199073699373,0.04068310315416612,-9.875,-3.9975000000000023,-2.75694650580872,0.10756739559412838
yqaUDA6i5GY_00,128,18,0,1463.8,646.9,1691.2,775.6,1577.5,711.25,-12.5,-6.25,2.0,6.987712429686843,-2.677945044588987,-0.5133443354160718,0.10341655276588217,-25.166666666666668,-11.083333333333334,-2.7267529264709776,0.1714866131054942
yqaUDA6i5GY_00,128,17,0,678.8,419.7,723.8,461.6,701.3,440.65,2.5499999999999545,2.7999999999999545,2.0,1.8935746618498777,0.8320931674407794,-2.4958225075551734,-0.37100794914935287,1.25,2.157499999999999,1.0456808766609078,2.008177555297874
yqaUDA6i5GY_00,128,15,0,1211.2,631.9,1406.2,755.6,1308.7,693.75,-6.599999999999909,-1.1000000000000227,2.0,3.345519391663978,-2.976443976175161,0.7535208802894584,-0.22545836628303917,-7.377499999999998,-3.9375,-2.6513363736827884,0.3463339408077351
yqaUDA6i5GY_00,128,12,0,759.4,428.1,800.6,472.5,780.0,450.3,4.350000000000023,2.5,2.0,2.508610172984246,0.5216182970963843,0.6344985390517139,-0.08456412152416572,2.9399999999999977,2.3900000000000006,0.682572604030592,0.16482459561351248
yqaUDA6i5GY_00,128,8,0,786.2,461.9,842.5,508.1,814.35,485.0,1.8500000000000227,1.3000000000000114,2.0,1.1305419054595138,0.6125375566103017,-0.11675269055543258,-0.5028076989336845,2.342500000000001,2.1875,0.7511951714963917,0.32276083502190966
yqaUDA6i5GY_00,128,6,0,831.9,497.5,911.9,567.5,871.9,532.5,3.7999999999999545,3.1000000000000227,2.0,2.4520399670478352,0.6842947916611593,0.7358031947457246,0.34641660342089564,2.594999999999999,2.452499999999998,0.7571738624643002,0.4496197146324475
yqaUDA6i5GY_00,128,2,0,1195.0,534.1,1320.0,619.1,1257.5,576.6,-10.0,-2.7999999999999545,2.0,5.1923019942988615,-2.8685839505030866,-0.8281189980466279,-0.1481807771798245,-10.1875,-4.1149999999999975,-2.757706055270295,0.07651566116271892
yqaUDA6i5GY_00,130,20,0,705.0,395.0,735.0,418.8,720.0,406.9,16.25,16.899999999999977,24.0,0.9768789764972019,0.8050034942546522,0.0,0.0,16.25,16.899999999999977,0.8050034942546522,0.0
yqaUDA6i5GY_00,130,18,0,1456.2,642.5,1676.2,770.0,1566.2,706.25,-11.299999999999955,-5.0,2.0,6.178389757857604,-2.7250117079049962,-0.40466133591461917,-0.047066663316009276,-24.299999999999997,-10.703125,-2.7267022823093834,0.09426701635394151
yqaUDA6i5GY_00,130,17,0,686.2,430.6,726.2,464.4,706.2,447.5,4.900000000000091,6.850000000000023,2.0,4.21107171632119,0.9498567097967195,1.1587485272356564,0.11776354235594014,1.4650000000000034,2.5,1.0407345502184753,1.183513126714222
yqaUDA6i5GY_00,130,15,0,1210.0,631.2,1400.0,753.8,1305.0,692.5,-3.7000000000000455,-1.25,2.0,1.9527224585178724,-2.815793538317126,-0.6963984665730528,0.16065043785803473,-6.75,-3.75,-2.6344941491974563,0.1687599075619157
yqaUDA6i5GY_00,130,12,0,758.8,430.6,801.2,473.1,780.0,451.85,0.0,1.5500000000000114,2.0,0.7750000000000057,1.5707963267948966,-0.8668050864921202,1.049178029698512,2.8100000000000023,2.4200000000000017,0.7109661333151891,0.4535136664255199
yqaUDA6i5GY_00,130,8,0,791.9,460.3,844.4,510.9,818.15,485.6,3.7999999999999545,0.6000000000000227,2.0,1.923538406167114,0.15660187698202305,0.39649825035380004,-0.45593567962827874,2.467500000000001,2.1400000000000006,0.7144377467607976,0.45794995444273345
yqaUDA6i5GY_00,130,6,0,833.8,503.1,912.5,569.4,873.15,536.25,1.25,3.75,2.0,1.976423537605237,1.2490457723982544,-0.2378082147212991,0.5647509807370952,2.594999999999999,2.5,0.7667545926499544,0.4917578549254951
yqaUDA6i5GY_00,130,4,0,241.2,837.5,290.0,912.5,265.6,875.0,-0.3499999999999659,-2.5,8.0,0.3155476390341079,-1.7098922682769544,0.036318454879262774,-1.7098922682769544,0.005000000000001137,0.0625,1.4909663410826413,1.248112068024219
yqaUDA6i5GY_00,130,2,0,1183.8,530.6,1306.2,608.8,1245.0,569.7,-12.5,-6.899999999999977,2.0,7.138977517824238,-2.6372152309169232,0.9733377617626884,0.23136871958616337,-10.5,-4.357499999999999,-2.7482224920810925,0.140077533306718
yqaUDA6i5GY_00,132,20,0,705.0,393.8,736.2,421.2,720.6,407.5,0.6000000000000227,0.6000000000000227,2.0,0.4242640687119446,0.7853981633974483,-0.2763074538926287,-0.019605330857203947,8.425000000000011,8.75,0.8043187582703699,0.006535110285734649
yqaUDA6i5GY_00,132,18,0,1447.5,641.2,1670.0,763.8,1558.75,702.5,-7.4500000000000455,-3.75,2.0,4.170281765060985,-2.6752640858647205,-1.0040539963983095,0.04974762204027572,-23.308823529411764,-10.294117647058824,-2.725712298621976,0.06674361270738906
yqaUDA6i5GY_00,132,17,0,690.6,433.8,729.4,468.8,710.0,451.3,3.7999999999999545,3.8000000000000114,2.0,2.6870057685088686,0.7853981633974557,-0.7620329739061609,-0.16445854639926386,1.5925000000000011,2.5650000000000004,1.0151812911903066,0.2177433459681856
yqaUDA6i5GY_00,132,15,0,1203.1,628.4,1397.5,751.2,1300.3,689.8,-4.7000000000000455,-2.7000000000000455,2.0,2.7101660465735615,-2.6201582138180464,0.37872179402784456,0.1956353244990799,-6.235000000000002,-3.325,-2.651676950645094,0.19391470954671794
yqaUDA6i5GY_00,132,12,0,755.6,432.2,804.4,475.3,780.0,453.75,0.0,1.8999999999999773,2.0,0.9499999999999886,1.5707963267948966,0.08749999999999147,0.0,2.780000000000001,2.467500000000001,0.7259162460818926,0.3779140504075593
yqaUDA6i5GY_00,132,8,0,790.0,463.8,847.5,512.5,818.75,488.15,0.6000000000000227,2.5499999999999545,2.0,1.309818689742954,1.339705659598987,-0.30685985821207995,1.1831037826169637,2.375,2.1424999999999983,0.7339770137716184,0.713949053726309
yqaUDA6i5GY_00,132,6,0,833.8,502.5,915.0,572.5,874.4,537.5,1.25,1.25,2.0,0.8838834764831844,0.7853981633974483,-0.5462700305610263,-0.4636476090008062,2.469999999999999,2.5,0.7914343073911652,0.4582717310529323
yqaUDA6i5GY_00,132,4,0,241.6,838.8,290.3,912.5,265.95,875.65,0.3499999999999659,0.6499999999999773,2.0,0.3691205765058169,1.0768549578753415,0.026786468735854524,2.786747226152296,0.02249999999999943,0.09499999999999886,1.3382393849899905,1.498879831476417
yqaUDA6i5GY_00,132,2,0,1171.2,521.2,1291.2,602.5,1231.2,561.85,-13.799999999999955,-7.850000000000023,2.0,7.9382381546537,-2.624399661859746,0.39963031841473073,0.012815569057177177,-10.939999999999998,-4.664999999999997,-2.738522560017698,0.13078835527438834
yqaUDA6i5GY_00,134,20,0,703.8,396.2,737.5,425.0,720.65,410.6,0.049999999999954525,3.1000000000000227,2.0,1.5502015997927607,1.5546686929512752,0.5629687655404081,0.7692705295538269,5.633333333333326,6.866666666666674,0.8837465103447363,0.26295862013701027
yqaUDA6i5GY_00,134,18,0,1440.0,636.9,1660.0,760.6,1550.0,698.75,-8.75,-3.75,2.0,4.759858191164943,-2.7367008673047097,0.2947882130519788,-0.06143678143998921,-22.5,-9.930555555555555,-2.7259485935136083,0.05275035559875807
yqaUDA6i5GY_00,134,17,0,691.9,438.1,733.1,473.1,712.5,455.6,2.5,4.300000000000011,2.0,2.4869660230891824,1.044169055361147,-0.10001987270984314,0.25877089196369124,1.6875,2.75,1.0204103791181054,0.1803309935729651
yqaUDA6i5GY_00,134,15,0,1201.2,628.8,1391.2,747.5,1296.2,688.15,-4.099999999999909,-1.6499999999999773,2.0,2.2097794007546985,-2.75898543923199,-0.2501933229094315,-0.13882722541394357,-5.814999999999998,-3.0600000000000023,-2.657185603809836,0.1650376625903527
yqaUDA6i5GY_00,134,12,0,758.8,432.5,806.2,478.1,782.5,455.3,2.5,1.5500000000000114,2.0,1.4707566080082757,0.55499572733859,0.2603783040041435,-1.0158005994563064,2.780000000000001,2.4525000000000006,0.7228901181478534,0.688326209718273
yqaUDA6i5GY_00,134,8,0,793.8,466.2,848.8,513.1,821.3,489.65,2.5499999999999545,1.5,2.0,1.4792312192486818,0.5317240672588134,0.08470626475286391,-0.8079815923401734,2.3799999999999955,2.139999999999998,0.7323506336359776,0.8156736848618052
yqaUDA6i5GY_00,134,6,0,838.8,503.4,918.8,572.2,878.8,537.8,4.399999999999977,0.2999999999999545,2.0,2.2051077071199816,0.06807645825798954,0.6606121153183986,-0.7173217051394586,2.5024999999999977,2.357499999999999,0.7555716203890782,0.58190676495912
yqaUDA6i5GY_00,134,4,0,241.2,838.8,290.0,912.5,265.6,875.65,-0.3499999999999659,0.0,2.0,0.17499999999998295,3.141592653589793,-0.09706028825291699,2.0647376957144514,0.005000000000001137,0.09499999999999886,1.5182132651839422,2.187125730047901
yqaUDA6i5GY_00,134,2,0,1160.0,522.5,1277.5,597.5,1218.75,560.0,-12.450000000000045,-1.8500000000000227,2.0,6.293349664526857,-2.9940776805606726,-0.8224442450634215,-0.3696780187009266,-11.3125,-4.679999999999995,-2.749330589132592,0.2046207691147557
yqaUDA6i5GY_00,136,20,0,708.8,397.5,738.8,425.0,723.8,411.25,3.1499999999999773,0.6499999999999773,2.0,1.6081822036075257,0.2034930452575573,0.0289903019073825,-1.3511756476937178,5.012499999999989,5.3125,0.814445681017347,0.7133505027015828
yqaUDA6i5GY_00,136,18,0,1437.5,635.6,1652.5,758.1,1545.0,696.85,-5.0,-1.8999999999999773,2.0,2.6744158240632623,-2.7784456436436207,-1.0427211835508403,-0.04174477633891093,-21.57894736842105,-9.507894736842104,-2.7265750392121184,0.05097639327305862
yqaUDA6i5GY_00,136,17,0,694.4,440.3,738.1,477.8,716.25,459.05,3.75,3.4499999999999886,2.0,2.5477931627194503,0.7437555842988582,0.03041356981513399,-0.30041347106228866,1.7800000000000011,2.8125000000000027,1.006544205420394,0.24121430314174794
yqaUDA6i5GY_00,136,15,0,1195.6,623.8,1385.0,743.8,1290.3,683.8,-5.900000000000091,-4.350000000000023,2.0,3.665122781026622,-2.506276900866491,0.7276716901359617,0.25270853836549906,-5.485000000000002,-2.9350000000000023,-2.6502642346299194,0.19572369609284088
yqaUDA6i5GY_00,136,12,0,762.5,434.4,810.0,481.9,786.25,458.15,3.75,2.849999999999966,2.0,2.3550477702161268,0.6498704494119418,0.44214558110392554,0.0948747220733518,2.842500000000001,2.532499999999999,0.7277875656814099,0.3702251071765528
yqaUDA6i5GY_00,136,8,0,795.0,466.9,852.5,516.2,823.75,491.55,2.4500000000000455,1.900000000000034,2.0,1.550201599792778,0.6596287426369204,0.035485190272048106,0.127904675378107,2.469999999999999,2.0775000000000006,0.6993003788318575,0.7063300167784147
yqaUDA6i5GY_00,136,6,0,838.8,503.4,921.2,575.9,880.0,539.65,1.2000000000000455,1.8500000000000227,2.0,1.1025538535600192,0.9953716762596,-0.5512769267799812,0.9272952180016104,2.530000000000001,2.325,0.7431987199314902,0.7027548440472917
yqaUDA6i5GY_00,136,4,0,241.6,837.5,289.7,912.5,265.65,875.0,0.049999999999954525,-0.6499999999999773,2.0,0.32596012026011933,-1.4940244355251855,0.0754800601300682,1.647568218064608,0.0074999999999988635,0.0625,1.451367400776576,2.166351046643785
yqaUDA6i5GY_00,136,2,0,1150.0,516.2,1265.0,590.0,1207.5,553.1,-11.25,-6.899999999999977,2.0,6.598721467072233,-2.591426873236615,0.152685901272688,0.4026508073240579,-11.5,-4.9,-2.738801704550145,0.2617147983607206
yqaUDA6i5GY_00,138,20,0,708.1,398.8,740.6,427.5,724.35,413.15,0.5500000000000682,1.8999999999999773,2.0,0.9890020222426228,1.2890244595215081,-0.30959009068245147,1.0855314142639507,4.1200000000000045,4.6299999999999955,0.8436180086755481,1.0686591971704986
yqaUDA6i5GY_00,138,18,0,1430.0,633.8,1645.0,755.0,1537.5,694.4,-7.5,-2.4500000000000455,2.0,3.945012674250877,-2.825854050809079,0.6352984250938074,-0.047408407165458126,-20.875,-9.155000000000001,-2.7282904428830568,0.05019665498145275
yqaUDA6i5GY_00,138,17,0,697.5,443.1,741.2,481.9,719.35,462.5,3.1000000000000227,3.4499999999999886,2.0,2.3190784807763656,0.8387825068881782,-0.11435734097154238,0.09502692258932001,1.9675000000000011,3.094999999999999,1.004537648265261,0.21807042853843328
yqaUDA6i5GY_00,138,15,0,1185.0,623.1,1377.5,739.4,1281.25,681.25,-9.049999999999955,-2.5499999999999545,2.0,4.701196656171675,-2.866945279294698,0.5180369375725264,-0.36066837842820704,-5.375,-2.780000000000001,-2.664272578061617,0.2507347140692166
yqaUDA6i5GY_00,138,12,0,762.5,436.2,812.5,482.5,787.5,459.35,1.25,1.2000000000000455,2.0,0.8663861725581886,0.7649928327109292,-0.7443307988289691,0.11512238329898741,2.875,2.5125,0.718214046511964,0.408599234942882
yqaUDA6i5GY_00,138,8,0,798.1,468.1,854.4,518.1,826.25,493.1,2.5,1.5500000000000114,2.0,1.4707566080082757,0.55499572733859,-0.039722495892251186,-0.10463301529833038,2.344999999999999,2.092500000000001,0.7285580471504796,0.34683976100553693
yqaUDA6i5GY_00,138,6,0,837.5,506.2,921.2,576.2,879.35,541.2,-0.6499999999999773,1.5500000000000682,2.0,0.8403868156986076,1.9678757720198508,-0.1310835189307058,0.9725040957602508,2.280000000000001,2.0600000000000023,0.7347502711173366,0.8723736729671066
yqaUDA6i5GY_00,138,4,0,241.6,837.5,289.7,912.5,265.65,875.0,0.0,0.0,2.0,0.0,0.0,-0.16298006013005967,1.4940244355251855,0.0074999999999988635,0.0625,1.451367400776576,1.7354434497680817
yqaUDA6i5GY_00,138,2,0,1138.1,512.5,1250.6,585.0,1194.35,548.75,-13.150000000000091,-4.350000000000023,2.0,6.9254061252753,-2.822125200249048,0.16334232910153368,-0.230698327012433,-11.657500000000004,-4.75,-2.754669252259916,0.3343423843458058
yqaUDA6i5GY_00,140,20,0,714.4,399.4,745.6,428.1,730.0,413.75,5.649999999999977,0.6000000000000227,2.0,2.8408845453484983,0.10579817292379812,0.9259412615529378,-1.1832262865977097,4.375,3.9583333333333335,0.7354397676755056,1.2066444495184594
yqaUDA6i5GY_00,140,18,0,1425.0,630.6,1640.0,753.1,1532.5,691.85,-5.0,-2.5499999999999545,2.0,2.806354396721829,-2.6699770857274725,-0.5693291387645241,0.15587696508160634,-19.05999999999999,-8.157499999999999,-2.737191707552195,0.08167671619532513
yqaUDA6i5GY_00,140,17,0,698.8,447.5,745.0,487.5,721.9,467.5,2.5499999999999545,5.0,2.0,2.806354396721829,1.0991807589325762,0.2436379579727317,0.2603982520443979,2.032499999999999,3.157499999999999,0.9988588230323183,0.21861288189866887
yqaUDA6i5GY_00,140,15,0,1171.2,620.0,1367.5,733.8,1269.35,676.9,-11.900000000000091,-4.350000000000023,2.0,6.335071033540239,-2.791135879519161,0.8169371886842822,0.0758093997755367,-5.4675000000000065,-2.6850000000000023,-2.685103512619473,0.22972877218974763
yqaUDA6i5GY_00,140,12,0,766.2,438.1,816.2,484.4,791.2,461.25,3.7000000000000455,1.8999999999999773,2.0,2.079663434308557,0.47439988279189754,0.6066386308751843,-0.2905929499190317,2.967500000000001,2.517500000000001,0.7035395624640038,0.16686335176379039
yqaUDA6i5GY_00,140,8,0,802.5,469.7,857.5,519.7,830.0,494.70000000000005,3.75,1.6000000000000227,2.0,2.0385350131896236,0.40328148171884126,0.28388920259067396,-0.1517142456197488,2.4350000000000023,2.0,0.6876274655325388,0.1280839787653954
yqaUDA6i5GY_00,140,6,0,842.5,508.1,923.8,580.6,883.15,544.35,3.7999999999999545,3.1499999999999773,2.0,2.4679191639921836,0.6921442482926707,0.813766174146788,-1.27573152372718,2.342500000000001,2.25,0.7652593513053769,1.0585102791630137
yqaUDA6i5GY_00,140,4,0,241.6,837.5,289.7,912.5,265.65,875.0,0.0,0.0,2.0,0.0,0.0,0.0,0.0,0.0074999999999988635,0.0625,1.451367400776576,1.0471975511965979
yqaUDA6i5GY_00,140,2,0,1130.6,508.8,1236.9,578.1,1183.75,543.45,-10.599999999999909,-5.2999999999999545,2.0,5.925580140374391,-2.677945044588987,-0.4999129924504544,0.14418015566006087,-11.8125,-4.8199999999999985,-2.754172518875659,0.2591764299988506
yqaUDA6i5GY_00,142,20,0,715.0,399.4,750.0,431.9,732.5,415.65,2.5,1.8999999999999773,2.0,1.5700318468107513,0.6498704494119418,-0.6354263492688735,0.5440722764881437,4.107142857142857,3.664285714285711,0.7284744326075238,0.9376099924499347
yqaUDA6i5GY_00,142,18,0,1425.0,629.4,1637.5,751.9,1531.25,690.65,-1.25,-1.2000000000000455,2.0,0.8663861725581886,-2.376599820878864,-0.9699841120818202,0.29337726484860843,-17.1875,-7.342500000000001,-2.737860063076064,0.1655542123652243
yqaUDA6i5GY_00,142,17,0,703.8,452.5,748.8,491.9,726.3,472.2,4.399999999999977,4.699999999999989,2.0,3.219083720563962,0.8183532610117477,0.20636466192106662,-0.2808274979208285,2.2224999999999966,3.25,0.9709943413164454,0.21208422418484882
yqaUDA6i5GY_00,142,15,0,1161.2,615.6,1358.8,729.4,1260.0,672.5,-9.349999999999909,-4.399999999999977,2.0,5.166780912715336,-2.701750070774055,-0.5841450604124514,0.08938580874510606,-5.610000000000002,-2.717500000000001,-2.6905004386236464,0.17528786231628327
yqaUDA6i5GY_00,142,12,0,768.8,437.5,818.8,487.5,793.8,462.5,2.599999999999909,1.25,2.0,1.4424371736751247,0.44814497507580336,-0.31861313031671623,-0.026254907716094174,2.9399999999999977,2.514999999999998,0.707645055733852,0.14399008031137117
yqaUDA6i5GY_00,142,8,0,801.9,473.8,858.1,523.1,830.0,498.45000000000005,0.0,3.75,2.0,1.875,1.5707963267948966,-0.0817675065948118,1.167514845076055,2.25,2.1400000000000032,0.7603464578213882,0.4746207019980448
yqaUDA6i5GY_00,142,6,0,843.8,511.2,926.2,580.6,885.0,545.9,1.8500000000000227,1.5499999999999545,2.0,1.2067518386147111,0.6973907898696871,-0.6305836626887362,0.005246541577016316,2.3125,2.1849999999999996,0.7570566713541952,0.7511607203548155
yqaUDA6i5GY_00,142,4,0,241.6,837.5,289.4,912.5,265.5,875.0,-0.14999999999997726,0.0,2.0,0.07499999999998863,3.141592653589793,0.037499999999994316,3.141592653589793,0.0074999999999988635,0.0625,1.451367400776576,1.5452056963716594
yqaUDA6i5GY_00,142,2,0,1120.0,505.6,1223.8,572.5,1171.9,539.05,-11.849999999999909,-4.400000000000091,2.0,6.320255137255114,-2.786062712714838,0.19733749844036153,-0.10811766812585114,-11.904999999999996,-4.797500000000002,-2.758518284437203,0.16099871693278167
yqaUDA6i5GY_00,144,20,0,713.8,400.3,751.2,432.2,732.5,416.25,0.0,0.6000000000000227,2.0,0.30000000000001137,1.5707963267948966,-0.6350159234053699,0.9209258773829547,3.59375,3.28125,0.7399748839758713,0.8827414801562693
yqaUDA6i5GY_00,144,18,0,1421.2,628.1,1631.2,749.4,1526.2,688.75,-5.0499999999999545,-1.8999999999999773,2.0,2.6978000296537665,-2.7817373850460307,0.915706928547789,-0.40513756416716673,-15.689999999999998,-6.75,-2.7353171043502815,0.2847972646991272
yqaUDA6i5GY_00,144,17,0,707.5,456.9,752.5,499.4,730.0,478.15,3.7000000000000455,5.949999999999989,2.0,3.5033020138149737,1.014466296512102,0.14210914662550578,0.19611303550035442,2.342500000000001,3.469999999999999,0.9769971667719493,0.24577959515519363
yqaUDA6i5GY_00,144,15,0,1146.2,612.2,1346.2,725.0,1246.2,668.6,-13.799999999999955,-3.8999999999999773,2.0,7.170251041630247,-2.8661665498937583,1.0017350644574554,-0.16441647911970317,-5.939999999999998,-2.694999999999999,-2.7156629970558512,0.10987056254678197
yqaUDA6i5GY_00,144,12,0,770.6,438.1,818.1,488.1,794.35,463.1,0.5500000000000682,0.6000000000000227,2.0,0.4069705149025241,0.8288490587889361,-0.5177333293863002,0.38070408371313286,2.905000000000001,2.5,0.7106073081663915,0.23251731378275298
yqaUDA6i5GY_00,144,8,0,803.8,472.8,861.2,523.4,832.5,498.1,2.5,-0.35000000000002274,2.0,1.2621905561364353,-0.13909594148208024,-0.30640472193178236,-1.7098922682769768,2.3100000000000023,2.0,0.713596057267503,1.0097071196575935
yqaUDA6i5GY_00,144,6,0,844.4,511.9,928.1,583.1,886.25,547.5,1.25,1.6000000000000227,2.0,1.0151970252123568,0.9075933340888102,-0.09577740670117718,0.2102025442191231,2.2524999999999977,2.125,0.75628018189041,0.4970602031744398
yqaUDA6i5GY_00,144,4,0,241.6,836.9,289.4,913.1,265.5,875.0,0.0,0.0,2.0,0.0,0.0,-0.037499999999994316,-3.141592653589793,-0.019999999999998862,-0.125,-1.7294515889812891,2.0943951023931953
yqaUDA6i5GY_00,144,2,0,1108.8,498.8,1211.2,568.1,1160.0,533.45,-11.900000000000091,-5.599999999999909,2.0,6.5759029798196,-2.7017500707740663,0.12782392128224274,0.08431264194077183,-12.0,-4.794999999999999,-2.7614455234802233,0.11220348857556128
yqaUDA6i5GY_00,146,20,0,715.0,402.5,755.0,435.0,735.0,418.75,2.5,2.5,2.0,1.7677669529663689,0.7853981633974483,0.7338834764831788,-0.7853981633974483,3.4722222222222223,3.1944444444444446,0.7437555842988599,0.7501321057561823
yqaUDA6i5GY_00,146,18,0,1417.5,626.9,1627.5,746.9,1522.5,686.9,-3.7000000000000455,-1.8500000000000227,2.0,2.068362879187331,-2.677945044588987,-0.3147185752332178,0.1037923404570438,-14.25,-6.094999999999999,-2.7374209925667667,0.26743572315760633
yqaUDA6i5GY_00,146,17,0,709.4,463.8,759.4,505.0,734.4,484.4,4.399999999999977,6.25,2.0,3.821730628916689,0.9573908404155523,0.15921430755085764,-0.05707545609654975,2.5625,3.7524999999999977,0.9716542481210294,0.17800532983924422
yqaUDA6i5GY_00,146,15,0,1135.0,608.1,1332.5,719.4,1233.75,663.75,-12.450000000000045,-4.850000000000023,2.0,6.680662392308141,-2.7701200821454486,-0.2447943246610529,0.09604646774830974,-6.047500000000002,-2.6225000000000023,-2.732418024965358,0.11661625187103968
yqaUDA6i5GY_00,146,12,0,771.9,440.0,821.9,491.2,796.9,465.6,2.5499999999999545,2.5,2.0,1.7855321335668932,0.7754974968094687,0.6892808093321845,-0.053351561979467436,3.0024999999999977,2.4525000000000032,0.684912814173164,0.15343685113623157
yqaUDA6i5GY_00,146,8,0,805.0,475.0,863.8,526.2,834.4,500.6,1.8999999999999773,2.5,2.0,1.5700318468107513,0.9209258773829547,0.153920645337158,1.0600218188650348,2.2849999999999966,2.0625,0.7342639386840003,1.3124763107393556
yqaUDA6i5GY_00,146,6,0,846.2,510.0,930.0,583.8,888.1,546.9,1.8500000000000227,-0.6000000000000227,2.0,0.9724325169388506,-0.31362065221670576,-0.0213822541367531,-1.221213986305516,2.217500000000001,2.0,0.7338729732027153,0.47888769070055176
yqaUDA6i5GY_00,146,4,0,241.2,837.5,289.4,912.5,265.29999999999995,875.0,-0.20000000000004547,0.0,2.0,0.10000000000002274,3.141592653589793,0.05000000000001137,3.141592653589793,-0.045000000000001705,-0.09499999999999886,-2.0131705497716608,3.141592653589793
yqaUDA6i5GY_00,146,2,0,1099.4,495.0,1199.4,562.5,1149.4,528.75,-10.599999999999909,-4.7000000000000455,2.0,5.797628825649295,-2.724243980529304,-0.3891370770851523,-0.02249390975523768,-12.029999999999996,-5.077499999999998,-2.742206505920377,0.07164140660728688
yqaUDA6i5GY_00,148,20,0,715.0,402.8,755.0,435.9,735.0,419.35,0.0,0.6000000000000227,2.0,0.30000000000001137,1.5707963267948966,-0.7338834764831788,0.7853981633974483,3.125,2.9350000000000023,0.7540552956055853,0.8305740680592838
yqaUDA6i5GY_00,148,18,0,1413.8,624.4,1621.2,745.6,1517.5,685.0,-5.0,-1.8999999999999773,2.0,2.6744158240632623,-2.7784456436436207,0.30302647243796565,-0.10050059905463375,-13.0,-5.5625,-2.7372812502923582,0.20314350122628144
yqaUDA6i5GY_00,148,17,0,712.5,471.6,763.8,511.6,738.15,491.6,3.75,7.2000000000000455,2.0,4.059017738320462,1.0906212971913722,0.1186435547018867,0.13323045677581996,2.657499999999999,3.922500000000002,0.9753300831191609,0.12880631612424137
yqaUDA6i5GY_00,148,15,0,1116.2,606.9,1320.0,714.4,1218.1,660.65,-15.650000000000091,-3.1000000000000227,2.0,7.977037357315105,-2.946040976100144,0.6481874825034817,-0.17592089395469523,-6.455000000000007,-2.625,-2.7553568255135046,0.14546128027423608
yqaUDA6i5GY_00,148,12,0,773.8,440.3,821.2,492.2,797.5,466.25,0.6000000000000227,0.6499999999999773,2.0,0.4422951503238527,0.825376850520702,-0.6716184916215202,0.0498793537112333,2.875,2.5150000000000006,0.7187068620776097,0.16131166646794462
yqaUDA6i5GY_00,148,8,0,806.2,476.2,866.2,527.5,836.2,501.85,1.8000000000000682,1.25,2.0,1.0957303500405842,0.6069876640463902,-0.23715074838508354,-0.31393821333656463,2.3100000000000023,1.9675000000000011,0.7054984896554042,1.0279507668261922
yqaUDA6i5GY_00,148,6,0,845.0,511.6,930.0,584.1,887.5,547.85,-0.6000000000000227,0.9500000000000455,2.0,0.5618051263561311,2.13411258828686,-0.20531369529135973,2.447733240503566,2.0625,1.9550000000000012,0.7586466127281222,1.2930499236760682
yqaUDA6i5GY_00,148,4,0,241.6,837.5,289.4,912.5,265.5,875.0,0.20000000000004547,0.0,2.0,0.10000000000002274,0.0,0.0,-3.141592653589793,-0.034999999999999434,-0.0625,-2.0812846487116654,3.141592653589793
yqaUDA6i5GY_00,148,2,0,1088.8,491.6,1186.2,555.9,1137.5,523.75,-11.900000000000091,-5.0,2.0,6.453874805107436,-2.743821804925781,0.3281229897290703,-0.019577824396477258,-12.0,-5.032499999999999,-2.744496062470397,0.04212812536416225
yqaUDA6i5GY_00,150,20,0,715.6,402.8,759.4,438.4,737.5,420.6,2.5,1.25,2.0,1.3975424859373686,0.46364760900080615,0.5487712429686786,-1.1071487177940904,3.0681818181818183,2.781818181818184,0.7364861572482541,0.892648348196329
yqaUDA6i5GY_00,150,18,0,1407.5,623.8,1617.5,743.8,1512.5,683.8,-5.0,-1.2000000000000455,2.0,2.5709920264364934,-2.906047672868921,-0.05171189881338445,-0.12760202922530042,-11.75,-5.060000000000002,-2.7349560266244257,0.11063165624565933
yqaUDA6i5GY_00,150,17,0,715.0,474.7,770.0,519.1,742.5,496.9,4.350000000000023,5.2999999999999545,2.0,3.428283097995253,0.883527566206351,-0.3153673201626046,-0.20709373098502132,2.8125,4.094999999999999,0.9689755073347402,0.13246654795246368
yqaUDA6i5GY_00,150,15,0,1098.8,603.1,1303.8,709.4,1201.3,656.25,-16.799999999999955,-4.399999999999977,2.0,8.68331733843694,-2.8854412710241903,0.3531399905609174,0.06059970507595347,-7.060000000000002,-2.75,-2.7701546553393563,0.11085568892631947
yqaUDA6i5GY_00,150,12,0,775.0,441.6,830.0,494.7,802.5,468.15,5.0,1.8999999999999773,2.0,2.6744158240632623,0.36314700994617233,1.1160603368697048,-0.46222984057452976,3.0625,2.4399999999999977,0.6727467280957834,0.18848691875507692
yqaUDA6i5GY_00,150,8,0,808.1,476.6,866.9,529.7,837.5,503.15000000000003,1.2999999999999545,1.3000000000000114,2.0,0.9192388155424996,0.78539816339747,-0.08824576724904226,0.17841049935107992,2.1875,1.9400000000000006,0.7255062196055426,0.5174568438508931
yqaUDA6i5GY_00,150,6,0,846.2,511.9,931.2,586.2,888.7,549.05,1.2000000000000455,1.1999999999999318,2.0,0.848528137423849,0.785398163397401,0.14336150553385896,-1.3487144248894591,2.092500000000001,1.8899999999999977,0.7345944593392258,1.6725538838995135
yqaUDA6i5GY_00,150,4,0,241.2,836.9,289.4,913.1,265.29999999999995,875.0,-0.20000000000004547,0.0,2.0,0.10000000000002274,3.141592653589793,0.0,3.141592653589793,-0.045000000000001705,-0.0625,-2.1948193797716713,3.141592653589793
yqaUDA6i5GY_00,150,2,0,1077.5,487.5,1172.5,551.2,1125.0,519.35,-12.5,-4.399999999999977,2.0,6.625896165802778,-2.803137209304341,0.08601068034767101,-0.059315404378559755,-12.060000000000002,-5.0625,-2.7441549872041446,0.0337957128434249
yqaUDA6i5GY_00,152,20,0,716.9,403.1,760.6,440.6,738.75,421.85,1.25,1.25,2.0,0.8838834764831844,0.7853981633974483,-0.2568295047270921,0.3217505543966422,2.9166666666666665,2.6541666666666686,0.7383125725172284,0.7380991451960602
yqaUDA6i5GY_00,152,18,0,1405.0,622.2,1610.0,740.0,1507.5,681.1,-5.0,-2.699999999999932,2.0,2.8412145290350583,-2.6464593901213993,0.13511125129928248,0.2595882827475218,-10.75,-4.5699999999999985,-2.73962352085351,0.162563637009152
yqaUDA6i5GY_00,152,17,0,718.8,475.6,773.8,526.9,746.3,501.25,3.7999999999999545,4.350000000000023,2.0,2.8880140235116527,0.852780659240833,-0.27013453724180025,-0.030746906965517958,3.0024999999999977,4.280000000000001,0.9590518333576535,0.12369036490878642
yqaUDA6i5GY_00,152,15,0,1075.0,599.7,1285.0,705.0,1180.0,652.35,-21.299999999999955,-3.8999999999999773,2.0,10.827049459571128,-2.9604999970585753,1.0718660605670944,-0.07505872603438492,-7.875,-2.819999999999999,-2.797724322537444,0.10385977502167787
yqaUDA6i5GY_00,152,12,0,778.8,442.5,833.8,496.2,806.3,469.35,3.7999999999999545,1.2000000000000455,2.0,1.9924858845171127,0.30587887140486647,-0.3409649697730748,-0.05726813854130585,3.1599999999999966,2.467500000000001,0.6629573037839304,0.18979244427568973
yqaUDA6i5GY_00,152,8,0,810.0,476.2,867.5,531.9,838.75,504.04999999999995,1.25,0.8999999999999204,2.0,0.7701460900374448,0.6240230529767149,-0.0745463627525274,-0.16137511042075517,2.1875,1.8274999999999977,0.6959735366576963,0.21790794103613323
yqaUDA6i5GY_00,152,6,0,847.5,511.2,933.8,586.9,890.65,549.05,1.9499999999999318,0.0,2.0,0.9749999999999659,0.0,0.06323593128805843,-0.785398163397401,2.032499999999999,1.7649999999999977,0.7150732463706473,1.527281942930142
yqaUDA6i5GY_00,152,4,0,241.2,837.5,289.4,912.5,265.29999999999995,875.0,0.0,0.0,2.0,0.0,0.0,-0.05000000000001137,-3.141592653589793,-0.045000000000001705,-0.0625,-2.1948193797716713,3.141592653589793
yqaUDA6i5GY_00,152,2,0,1071.2,483.4,1161.2,547.2,1116.2,515.3,-8.799999999999955,-4.050000000000068,2.0,4.843616933656081,-2.710266348397914,-0.8911396160733482,0.09287086090642707,-11.925,-5.047500000000002,-2.741187870426361,0.05725469656048803
yqaUDA6i5GY_00,154,20,0,707.5,397.5,765.0,443.8,736.25,420.65,-2.5,-1.2000000000000455,2.0,1.3865424623862146,-2.6940726784326086,0.2513294929515151,2.8037144653495294,2.5,2.357692307692306,0.756111211077885,1.410871245846754
yqaUDA6i5GY_00,154,18,0,1401.2,620.0,1603.8,738.8,1502.5,679.4,-5.0,-1.7000000000000455,2.0,2.640549185302186,-2.8138541468092297,-0.10033267186643613,-0.1673947566878305,-9.75,-4.217500000000001,-2.7333326281342036,0.18486168955355095
yqaUDA6i5GY_00,154,17,0,723.8,485.0,781.2,535.0,752.5,510.0,6.2000000000000455,8.75,2.0,5.361960928615588,0.9543408605478987,1.2369734525519676,0.1015602013070657,3.282499999999999,4.657499999999999,0.9568713509970111,0.11313361308586833
yqaUDA6i5GY_00,154,15,0,1052.5,596.2,1265.0,701.2,1158.75,648.7,-21.25,-3.6499999999999773,2.0,10.780595994656323,-2.9714878596826906,-0.023226732457402477,-0.010987862624115326,-8.75,-2.969999999999999,-2.814366452344451,0.04888209791148457
yqaUDA6i5GY_00,154,12,0,783.8,444.4,833.8,498.1,808.8,471.25,2.5,1.8999999999999773,2.0,1.5700318468107513,0.6498704494119418,-0.21122701885318074,0.3439915780070754,2.875,2.3125,0.677386438697402,0.28782985237430375
yqaUDA6i5GY_00,154,8,0,811.2,478.8,870.0,533.1,840.6,505.95000000000005,1.8500000000000227,1.900000000000091,2.0,1.3259430606176525,0.7987307066916117,0.27789848529010386,0.17470765371489683,2.155000000000001,1.7975000000000023,0.6951945325811498,0.17149775449557728
yqaUDA6i5GY_00,154,6,0,851.2,512.5,933.8,587.5,892.5,550.0,1.8500000000000227,0.9500000000000455,2.0,1.0398317171542917,0.47439988279192186,0.03241585857716289,0.47439988279192197,2.0649999999999977,1.6850000000000023,0.6844095539115175,0.8695041570262605
yqaUDA6i5GY_00,154,4,0,241.4,837.5,289.5,912.5,265.45,875.0,0.1500000000000341,0.0,2.0,0.07500000000001705,0.0,0.037500000000008527,0.0,-0.0375,-0.09499999999999886,-1.9467572806662063,2.0943951023931953
yqaUDA6i5GY_00,154,2,0,1060.0,480.6,1148.8,540.6,1104.4,510.6,-11.799999999999955,-4.699999999999932,2.0,6.350787352761826,-2.762548263739904,0.7535852095528726,-0.05228191534199,-11.889999999999997,-4.969999999999999,-2.745667409144982,0.06815606020899227
yqaUDA6i5GY_00,156,20,0,706.9,399.1,769.4,444.1,738.15,421.6,1.8999999999999773,0.9500000000000455,2.0,1.0621322893124001,0.46364760900083,-0.16220508653690724,-3.1254650197461475,2.4571428571428555,2.257142857142859,0.7429993454715093,2.0836433464974395
yqaUDA6i5GY_00,156,18,0,1392.5,618.8,1597.5,733.8,1495.0,676.3,-7.5,-3.1000000000000227,2.0,4.0577087130547005,-2.7496451281212777,0.7085797638762572,0.06420901868795205,-9.0625,-3.8400000000000034,-2.740803168942811,0.16373068604110147
yqaUDA6i5GY_00,156,17,0,728.1,493.8,785.6,543.1,756.85,518.45,4.350000000000023,8.450000000000045,2.0,4.751973274335646,1.0953845546443317,-0.3049938271399708,0.14104369409643305,3.342500000000001,4.797500000000002,0.9622770911085247,0.09111693412300557
yqaUDA6i5GY_00,156,15,0,1030.0,592.5,1245.0,696.2,1137.5,644.35,-21.25,-4.350000000000023,2.0,10.84533309769691,-2.9396763288775585,0.03236855152029339,0.031811530805132104,-9.735000000000003,-3.0649999999999977,-2.8365743460107633,0.03928603982121078
yqaUDA6i5GY_00,156,8,0,812.5,478.8,872.5,535.0,842.5,506.9,1.8999999999999773,0.9499999999999318,2.0,1.0621322893123748,0.4636476090007822,-0.13190538565263887,-0.33508309769082956,2.125,1.75,0.6889243882148613,0.22372195394216052
yqaUDA6i5GY_00,156,6,0,851.2,512.5,936.2,587.5,893.7,550.0,1.2000000000000455,0.0,2.0,0.6000000000000227,0.0,-0.21991585857713447,-0.47439988279192197,1.9975000000000023,1.5799999999999954,0.6692220652492719,0.5780659763270815
yqaUDA6i5GY_00,156,4,0,241.4,837.5,289.5,912.5,265.45,875.0,0.0,0.0,2.0,0.0,0.0,-0.037500000000008527,0.0,-0.0375,-0.09499999999999886,-1.9467572806662063,1.0471975511965976
yqaUDA6i5GY_00,156,2,0,1049.4,479.4,1136.9,536.9,1093.15,508.15,-11.25,-2.4500000000000455,2.0,5.756843753307888,-2.9271629663526793,-0.2969717997269692,-0.16461470261277536,-11.952499999999997,-4.794999999999999,-2.7600769404588426,0.10325582628706415
yqaUDA6i5GY_00,158,26,0,1908.8,843.8,2178.8,1078.8,2043.8000000000002,961.3,,,,0.0,0.0,0.0,0.0,,,0.0,0.0
yqaUDA6i5GY_00,158,20,0,710.6,401.9,770.6,446.9,740.6,424.4,2.4500000000000455,2.7999999999999545,2.0,1.8602755172285614,0.8519663271732548,0.39907161395808066,0.38831871817242486,2.4566666666666683,2.2933333333333317,0.7510257414714528,2.1058327344227004
yqaUDA6i5GY_00,158,18,0,1392.5,616.6,1587.5,731.2,1490.0,673.9000000000001,-5.0,-2.3999999999998636,2.0,2.77308492477238,-2.6940726784326454,-0.6423118941411603,0.05557244968863228,-8.25,-3.4924999999999953,-2.7411345343433076,0.09572540835480496
yqaUDA6i5GY_00,158,17,0,730.0,499.4,792.5,551.9,761.25,525.65,4.399999999999977,7.199999999999932,2.0,4.219004621945762,1.0222469243443666,-0.2664843261949419,-0.07313763029996513,3.5625,5.1125,0.962206760141401,0.10524717523448796
yqaUDA6i5GY_00,158,15,0,1002.5,590.6,1221.2,690.6,1111.85,640.6,-25.65000000000009,-3.75,2.0,12.961336736617916,-2.996422288254119,1.058001819460503,-0.056745959376560684,-10.782500000000004,-3.155000000000001,-2.856935140469474,0.03318178426860271
yqaUDA6i5GY_00,158,13,0,785.0,448.1,838.8,500.6,811.9,474.35,63.799999999999955,50.60000000000002,60.0,1.357162071710261,0.6705215579805497,0.0,0.0,63.799999999999955,50.60000000000002,0.6705215579805497,0.0
yqaUDA6i5GY_00,158,8,0,813.8,481.2,871.2,536.2,842.5,508.70000000000005,0.0,1.8000000000000682,2.0,0.9000000000000341,1.5707963267948966,-0.08106614465617035,1.1071487177941144,2.0,1.7175000000000011,0.7095520073086049,0.5389798230666135
yqaUDA6i5GY_00,158,6,0,851.2,513.1,936.2,588.1,893.7,550.6,0.0,0.6000000000000227,2.0,0.30000000000001137,1.5707963267948966,-0.15000000000000568,1.5707963267948966,1.875,1.4824999999999988,0.6690239185904839,0.8398653641262467
yqaUDA6i5GY_00,158,4,0,241.2,837.5,289.4,912.5,265.29999999999995,875.0,-0.1500000000000341,0.0,2.0,0.07500000000001705,3.141592653589793,0.037500000000008527,3.141592653589793,-0.045000000000001705,-0.09499999999999886,-2.0131705497716608,1.0471975511965976
yqaUDA6i5GY_00,158,2,0,1040.0,475.0,1125.0,531.2,1082.5,503.1,-10.650000000000091,-5.0499999999999545,2.0,5.893322492448582,-2.698814879383953,0.06823936957034693,0.22834808696872644,-11.8125,-4.75,-2.7592631244408947,0.14841490164116392
yqaUDA6i5GY_00,160,26,0,1867.5,818.8,2162.5,1056.2,2015.0,937.5,-28.800000000000182,-23.799999999999955,2.0,18.68073874342238,-2.450966759967858,0.0,0.0,-28.800000000000182,-23.799999999999955,-2.450966759967858,0.0
yqaUDA6i5GY_00,160,18,0,1385.0,610.6,1580.0,726.9,1482.5,668.75,-7.5,-5.150000000000091,2.0,4.548969663561215,-2.5398713985350247,0.8879423693944177,0.1542012798976207,-7.75,-3.3125,-2.7376745768314508,0.09132758275806836
yqaUDA6i5GY_00,160,17,0,735.0,506.2,800.0,562.5,767.5,534.35,6.25,8.700000000000045,2.0,5.356129666092877,0.9478338794810618,0.5685625220735573,-0.07441304486330481,3.6850000000000023,5.295000000000002,0.9628006877056806,0.09619812308656767
yqaUDA6i5GY_00,160,15,0,976.2,588.1,1196.2,688.8,1086.2,638.45,-25.649999999999864,-2.1499999999999773,2.0,12.869974747449904,-3.0579674727150974,-0.04568099458400621,-0.06154518446097824,-12.002499999999998,-3.139999999999998,-2.885715106289185,0.05003422488089034
yqaUDA6i5GY_00,160,13,0,785.6,451.2,834.4,501.2,810.0,476.2,-1.8999999999999773,1.849999999999966,2.0,1.325943060617592,2.3695270334864937,-0.015609505546334557,1.699005475505944,30.94999999999999,26.224999999999994,0.7029445150868229,0.5663351585019814
yqaUDA6i5GY_00,160,8,0,816.2,483.4,873.8,537.2,845.0,510.3,2.5,1.599999999999966,2.0,1.4840822079655738,0.5693131911006523,0.29204110398276983,-1.0014831356942442,1.9699999999999989,1.6875,0.7083126614333733,0.8145716503930626
yqaUDA6i5GY_00,160,6,0,851.2,513.1,936.2,588.1,893.7,550.6,0.0,0.0,2.0,0.0,0.0,-0.15000000000000568,-1.5707963267948966,1.625,1.3125,0.6794138054078485,1.2053308454605716
yqaUDA6i5GY_00,160,4,0,241.2,837.5,289.7,912.5,265.45,875.0,0.1500000000000341,0.0,2.0,0.07500000000001705,0.0,0.0,-3.141592653589793,-0.0375,-0.09499999999999886,-1.9467572806662063,2.0943951023931953
yqaUDA6i5GY_00,160,2,0,1030.0,471.2,1112.5,526.2,1071.25,498.70000000000005,-11.25,-4.399999999999977,2.0,6.039919287540186,-2.7687725201910474,0.07329839754580192,-0.06995764080709455,-11.6875,-4.844999999999999,-2.748610317447147,0.1543068101295321
yqaUDA6i5GY_00,162,18,0,1377.5,608.1,1572.5,720.6,1475.0,664.35,-7.5,-4.399999999999977,2.0,4.347700541665668,-2.6110347665603477,-0.10063456094777345,-0.07116336802532298,-7.25,-3.342500000000001,-2.7096004328704497,0.09364569920385868
yqaUDA6i5GY_00,162,17,0,738.1,520.0,804.4,574.4,771.25,547.2,3.75,12.850000000000023,2.0,6.693000074704925,1.286852807756514,0.6684352043060242,0.33901892827545227,3.7524999999999977,5.860000000000002,1.0012289476489689,0.16218986781290742
yqaUDA6i5GY_00,162,15,0,946.2,583.1,1168.8,685.6,1057.5,634.35,-28.700000000000045,-4.100000000000023,2.0,14.495689014324247,-2.9996955989856287,0.8128571334371717,0.058271873729468744,-13.3125,-3.164999999999998,-2.908179547610517,0.05885433918900255
yqaUDA6i5GY_00,162,13,0,787.5,451.9,837.5,504.4,812.5,478.15,2.5,1.9499999999999886,2.0,1.5852838862487655,0.6624262938331483,0.12967041281558678,-1.7071007396533453,21.466666666666658,18.133333333333326,0.7014210442698618,1.1353687383864297
yqaUDA6i5GY_00,162,8,0,816.2,483.8,876.2,539.4,846.2,511.6,1.2000000000000455,1.3000000000000114,2.0,0.8845903006477261,0.8253768505207237,-0.2997459536589238,0.25606365942007153,1.9675000000000011,1.7050000000000012,0.7140423216589763,0.7882318376361432
yqaUDA6i5GY_00,162,6,0,851.2,512.5,936.2,588.8,893.7,550.65,0.0,0.049999999999954525,2.0,0.024999999999977263,1.5707963267948966,0.012499999999988631,1.5707963267948966,1.4950000000000045,1.25,0.6963808502779271,1.5707963267948963
yqaUDA6i5GY_00,162,4,0,240.9,837.5,289.7,912.5,265.3,875.0,-0.14999999999997726,0.0,2.0,0.07499999999998863,3.141592653589793,-1.4210854715202004e-14,3.141592653589793,-0.04499999999999886,-0.09499999999999886,-2.0131705497716363,3.141592653589793
yqaUDA6i5GY_00,162,2,0,1021.2,467.5,1101.2,521.2,1061.2,494.35,-10.049999999999955,-4.350000000000023,2.0,5.475513674533178,-2.7331037605171624,-0.2822028065035038,0.03566875967388494,-11.564999999999998,-4.782499999999999,-2.7494752832233065,0.11132482914990198
yqaUDA6i5GY_00,164,27,0,1792.5,793.8,2175.0,1003.8,1983.75,898.8,,,,0.0,0.0,0.0,0.0,,,0.0,0.0
yqaUDA6i5GY_00,164,18,0,1370.0,605.3,1560.0,717.5,1465.0,661.4,-10.0,-2.9500000000000455,2.0,5.213024553941796,-2.8547293040671105,0.43266200613806394,-0.24369453750676276,-7.0,-3.0875,-2.7261884890621735,0.15635306180990216
yqaUDA6i5GY_00,164,17,0,742.5,520.6,812.5,585.6,777.5,553.1,6.25,5.899999999999977,2.0,4.2974556425866615,0.7565995431569953,-1.197772216059132,-0.5302532645995187,4.185000000000002,6.405000000000001,0.9920376143747225,0.3145617459127586
yqaUDA6i5GY_00,164,15,0,916.2,580.6,1141.2,681.2,1028.7,630.9000000000001,-28.799999999999955,-3.449999999999932,2.0,14.50295228565547,-3.02236910855029,0.003631635665611199,-0.022673509564661295,-14.5,-3.2674999999999956,-2.9199500236289198,0.04749685591836942
yqaUDA6i5GY_00,164,13,0,786.9,453.1,839.4,505.6,813.15,479.35,0.6499999999999773,1.2000000000000455,2.0,0.6823672031978236,1.0743735733900452,-0.45145834152547093,0.41194727955689703,16.26249999999999,13.900000000000006,0.7072320148398618,1.2726844982387286
yqaUDA6i5GY_00,164,8,0,819.4,478.1,874.4,539.4,846.9,508.75,0.6999999999999318,-2.8500000000000227,2.0,1.4673530590829218,-1.3299498715535094,0.2913813792175978,-2.155326722074233,1.7800000000000011,1.375,0.6577286947334249,1.137624505729516
yqaUDA6i5GY_00,164,6,0,851.2,513.8,933.8,588.1,892.5,550.95,-1.2000000000000455,0.3000000000000682,2.0,0.6184658438426794,2.8966139904628845,0.2967329219213511,1.325817663667988,1.3125,1.1100000000000023,0.7020007183452577,1.4891367724192601
yqaUDA6i5GY_00,164,4,0,241.2,837.5,291.2,915.0,266.2,876.25,0.8999999999999773,1.25,2.0,0.7701460900374615,0.9467732738181517,0.3475730450187364,-2.1948193797716415,0.015000000000000568,-0.0625,-1.3352513460740245,2.8260015623170758
yqaUDA6i5GY_00,164,2,0,1012.5,462.5,1091.2,516.2,1051.85,489.35,-9.350000000000136,-5.0,2.0,5.301473851675649,-2.650525757749809,-0.08701991142876464,0.08257800276735328,-11.407500000000004,-4.782499999999999,-2.744609407303921,0.06273480108277758
yqaUDA6i5GY_00,166,27,0,1763.8,782.5,2161.2,985.0,1962.5,883.75,-21.25,-15.049999999999955,2.0,13.019840628824904,-2.5253610031297145,0.0,0.0,-21.25,-15.049999999999955,-2.5253610031297145,0.0
yqaUDA6i5GY_00,166,20,0,735.0,417.8,780.0,451.6,757.5,434.70000000000005,16.899999999999977,10.300000000000068,8.0,2.4739265348833643,0.5473517982326698,0.07670637720685036,-0.30461452894058505,3.359375,2.793750000000003,0.6937309505300906,1.2727994222863859
yqaUDA6i5GY_00,166,18,0,1360.0,602.8,1545.0,712.5,1452.5,657.65,-12.5,-3.75,2.0,6.5251915680690935,-2.850135859111926,0.6560835070636486,0.004593444955184545,-6.875,-2.992500000000001,-2.731053188636644,0.10648378349575678
yqaUDA6i5GY_00,166,17,0,747.5,531.9,817.5,600.6,782.5,566.25,5.0,13.149999999999977,2.0,7.034246583679011,1.2074499813031871,1.368395470546175,0.45085043814619197,4.1875,6.419999999999999,0.9928349996511054,0.4400408770070543
yqaUDA6i5GY_00,166,15,0,884.4,581.2,1113.1,678.1,998.75,629.6500000000001,-29.950000000000045,-1.25,2.0,14.988036896138222,-3.0998806348690677,0.24254230524137643,-0.0775115263187778,-15.827499999999997,-3.2599999999999967,-2.938462759312527,0.05281896987096928
yqaUDA6i5GY_00,166,13,0,787.5,454.7,840.0,506.6,813.75,480.65,0.6000000000000227,1.2999999999999545,2.0,0.7158910531638019,1.138388551224331,0.016761924982989118,0.0640149778342858,13.129999999999995,11.379999999999995,0.7141196933640998,0.7276876656815094
yqaUDA6i5GY_00,166,8,0,820.0,480.6,880.0,540.6,850.0,510.6,3.1000000000000227,1.8500000000000227,2.0,1.8050277006184854,0.5380442078256269,0.1688373207677818,1.867994079379136,1.875,1.3450000000000017,0.6222645966053767,1.4264614869578134
yqaUDA6i5GY_00,166,6,0,851.2,513.1,936.2,588.1,893.7,550.6,1.2000000000000455,-0.35000000000002274,2.0,0.625000000000025,-0.28379410920833514,0.0032670780786727693,3.1027772075083666,1.2800000000000011,1.0600000000000023,0.6916566218532004,1.9997970659904167
yqaUDA6i5GY_00,166,4,0,240.8,838.8,291.7,913.8,266.25,876.3,0.05000000000001137,0.049999999999954525,2.0,0.035355339059315316,0.78539816339688,-0.3673953754890731,-0.16137511042127176,0.017500000000001136,-0.060000000000002274,-1.2870022175865614,1.8325957145942355
yqaUDA6i5GY_00,166,2,0,1005.6,460.0,1079.4,511.2,1042.5,485.6,-9.349999999999909,-3.75,2.0,5.036988187399249,-2.7601646177522188,-0.13224283213819987,-0.10963886000240966,-11.25,-4.689999999999998,-2.7466121997174757,0.07596187414788262
yqaUDA6i5GY_00,168,27,0,1732.5,756.2,2137.5,967.5,1935.0,861.85,-27.5,-21.899999999999977,2.0,17.577400262837497,-2.4690729427198095,2.2787798170062965,0.05628806040990497,-24.375,-18.474999999999966,-2.4930237444674797,0.01876268680330166
yqaUDA6i5GY_00,168,20,0,736.2,417.2,778.8,454.7,757.5,435.95,0.0,1.2499999999999432,2.0,0.6249999999999716,1.5707963267948966,-0.9244632674416964,1.023444528562227,3.161764705882353,2.7029411764705875,0.7073224919016133,0.5721259252250789
yqaUDA6i5GY_00,168,18,0,1350.0,598.4,1522.5,708.8,1436.25,653.5999999999999,-16.25,-4.050000000000068,2.0,8.373544649668988,-2.8973381032979866,0.9241765407999472,-0.04720224418606067,-7.0625,-2.8825000000000047,-2.754087425386376,0.09849674221600267
yqaUDA6i5GY_00,168,17,0,754.4,543.1,824.4,615.6,789.4,579.35,6.899999999999977,13.100000000000023,2.0,7.4030399161425615,1.0860038334398459,0.18439666623177509,-0.12144614786334132,4.405000000000001,6.935000000000002,1.0049072883119332,0.36751661686968395
yqaUDA6i5GY_00,168,15,0,853.1,581.2,1083.1,676.2,968.0999999999999,628.7,-30.65000000000009,-0.9500000000000455,2.0,15.332359570529299,-3.11060746746749,0.17216133719553817,-0.01072683259842222,-17.03000000000001,-3.2524999999999977,-2.9528787567858563,0.0369706228272871
yqaUDA6i5GY_00,168,13,0,789.4,456.2,839.4,507.5,814.4,481.85,0.6499999999999773,1.2000000000000455,2.0,0.6823672031978236,1.0743735733900452,-0.016761924982989118,-0.0640149778342858,11.049999999999992,9.683333333333337,0.719576984863118,0.17999241174182287
yqaUDA6i5GY_00,168,12,0,788.8,455.9,838.8,508.4,813.8,482.15,5.0,10.899999999999977,14.0,0.8565771943006163,1.1407181917390332,-0.05096104660786678,0.49084774232709144,3.0649999999999977,2.764999999999998,0.7339855343122753,0.297369152958491
yqaUDA6i5GY_00,168,8,0,820.0,483.4,880.0,541.6,850.0,512.5,0.0,1.8999999999999773,2.0,0.9499999999999886,1.5707963267948966,-0.4275138503092484,1.0327521189692694,1.7824999999999989,1.375,0.6570498132396079,1.6853576401408794
yqaUDA6i5GY_00,168,6,0,851.2,512.5,933.8,589.4,892.5,550.95,-1.2000000000000455,0.35000000000002274,2.0,0.625000000000025,2.857798544381458,0.0,3.141592653589793,1.0300000000000011,0.9225000000000023,0.7303960768046641,2.5233958415887154
yqaUDA6i5GY_00,168,4,0,240.9,840.0,291.6,915.0,266.25,877.5,0.0,1.2000000000000455,2.0,0.6000000000000227,1.5707963267948966,0.2823223304703537,0.7853981633980165,0.015000000000000568,0.0,0.0,1.0471975511969767
yqaUDA6i5GY_00,168,2,0,996.2,455.3,1068.8,507.8,1032.5,481.55,-10.0,-4.050000000000011,2.0,5.394499513393251,-2.7567833770439307,0.17875566299700107,0.003381240708288047,-11.25,-4.7525,-2.741888574442268,0.065199367826017
yqaUDA6i5GY_00,170,27,0,1706.2,750.0,2081.2,947.5,1893.6999999999998,848.75,-41.30000000000018,-13.100000000000023,2.0,21.663910081054247,-2.834439602404212,2.0432549091083754,-0.3653666596844026,-30.016666666666726,-16.68333333333332,-2.634305594471682,0.14055157336476917
yqaUDA6i5GY_00,170,20,0,736.2,416.9,783.8,461.9,760.0,439.4,2.5,3.4499999999999886,2.0,2.1302875392772638,0.9437256642058766,0.7526437696386461,-0.62707066258902,3.125,2.744444444444443,0.7206520634509448,0.6517099066972772
yqaUDA6i5GY_00,170,18,0,1340.0,591.2,1505.0,701.2,1422.5,646.2,-13.75,-7.399999999999864,2.0,7.807408340800389,-2.647868157362547,-0.2830681544342992,0.2494699459354397,-7.185000000000002,-3.0024999999999977,-2.745764317952992,0.10042187835889499
yqaUDA6i5GY_00,170,17,0,755.0,535.6,832.5,631.9,793.75,583.75,4.350000000000023,4.399999999999977,2.0,3.0936426749060724,0.7911123869166402,-2.1546986206182446,-0.29489144652320565,4.377499999999998,6.8125,0.9996628945200697,0.2890626775109129
yqaUDA6i5GY_00,170,15,0,821.2,585.6,1056.2,676.9,938.7,631.25,-29.399999999999864,2.5499999999999545,2.0,14.755189764960596,3.0550744822374205,-0.28858490278435145,-0.11750335747467605,-18.314999999999998,-3.0625,-2.9759127794831355,0.06858057213062535
yqaUDA6i5GY_00,170,12,0,788.8,457.2,838.8,508.4,813.8,482.79999999999995,0.0,0.6499999999999773,2.0,0.32499999999998863,1.5707963267948966,-0.26578859715031383,0.4300781350558634,3.0024999999999977,2.7349999999999968,0.7388088074642488,0.4216391517966768
yqaUDA6i5GY_00,170,8,0,821.2,482.5,881.2,543.1,851.2,512.8,1.2000000000000455,0.2999999999999545,2.0,0.6184658438426657,0.24497866312681957,-0.16576707807866148,-1.325817663668077,1.6525000000000034,1.3599999999999965,0.6886061364884797,1.4088546206721606
yqaUDA6i5GY_00,170,6,0,852.5,514.1,937.5,590.9,895.0,552.5,2.5,1.5499999999999545,2.0,1.4707566080082608,0.5549957273385736,0.4228783040041179,-2.3028028170428843,1.0925000000000011,0.8125,0.639461468629961,2.849057559380348
yqaUDA6i5GY_00,170,4,0,240.9,838.8,291.6,913.8,266.25,876.3,0.0,-1.2000000000000455,2.0,0.6000000000000227,-1.5707963267948966,0.0,-3.141592653589793,0.03249999999999886,0.06499999999999773,1.1071487177940904,1.3627886424696938
yqaUDA6i5GY_00,170,2,0,989.4,453.1,1059.4,503.1,1024.4,478.1,-8.099999999999909,-3.4499999999999886,2.0,4.402059177248712,-2.7389380000379173,-0.49622016807226954,0.017845377006013404,-11.029999999999996,-4.580000000000001,-2.7480252869826103,0.04362182590557037
yqaUDA6i5GY_00,172,27,0,1683.8,731.2,2031.2,932.5,1857.5,831.85,-36.19999999999982,-16.899999999999977,2.0,19.975297244346493,-2.704814276478144,-0.8443064183538773,0.12962532592606782,-31.5625,-16.737499999999983,-2.6540022111784767,0.18376001534012512
yqaUDA6i5GY_00,172,20,0,739.4,420.9,784.4,459.7,761.9,440.29999999999995,1.8999999999999773,0.8999999999999773,2.0,1.0511898020814168,0.4423742229767398,-0.5395488685979235,-0.5013514412291368,3.0605263157894727,2.6473684210526294,0.7131405956971775,0.7172888774601279
yqaUDA6i5GY_00,172,18,0,1327.5,587.5,1507.5,695.0,1417.5,641.25,-5.0,-4.9500000000000455,2.0,3.5179006523777945,-2.3612195735231527,-2.1447538442112974,0.2866485838393942,-7.0625,-3.0625,-2.732436500829718,0.19444025798696485
yqaUDA6i5GY_00,172,17,0,756.2,538.8,856.2,648.8,806.2,593.8,12.450000000000045,10.049999999999955,2.0,8.000078124618538,0.6791333005063654,2.453217724856233,-0.11197908641027479,4.810000000000002,7.124999999999997,0.976986400243766,0.1761055602656072
yqaUDA6i5GY_00,172,15,0,797.5,588.8,1023.8,677.5,910.65,633.15,-28.050000000000068,1.8999999999999773,2.0,14.057137866578707,3.0739597794627134,-0.34902594919094465,0.018885297225292863,-19.482499999999998,-2.8324999999999987,-2.997217333820103,0.049038495766130376
yqaUDA6i5GY_00,172,12,0,789.4,456.9,839.4,510.0,814.4,483.45,0.6000000000000227,0.6500000000000341,2.0,0.44229515032387356,0.8253768505207455,0.05864757516194247,-0.7454194762741511,2.594999999999999,2.2974999999999994,0.7246655851398064,0.5554484512190353
yqaUDA6i5GY_00,172,8,0,821.2,482.5,881.2,543.1,851.2,512.8,0.0,0.0,2.0,0.0,0.0,-0.30923292192133284,-0.2449786631268196,1.6225000000000023,1.2324999999999988,0.6496360011511593,0.8678494819213886
yqaUDA6i5GY_00,172,6,0,852.5,514.1,937.5,590.9,895.0,552.5,0.0,0.0,2.0,0.0,0.0,-0.7353783040041304,-0.5549957273385736,1.0300000000000011,0.75,0.6293733203963965,1.9997970659904167
yqaUDA6i5GY_00,172,4,0,240.9,839.4,291.6,914.4,266.25,876.9,0.0,0.6000000000000227,2.0,0.30000000000001137,1.5707963267948966,-0.15000000000000568,3.141592653589793,0.015000000000000568,0.0625,1.3352513460740245,2.3561944901925345
yqaUDA6i5GY_00,172,2,0,981.2,450.9,1048.8,499.7,1015.0,475.29999999999995,-9.400000000000091,-2.800000000000068,2.0,4.904079934095745,-2.852088981628401,0.2510103784235165,-0.11315098159048369,-10.810000000000002,-4.327500000000003,-2.76080719188217,0.044792533101595054
yqaUDA6i5GY_00,174,27,0,1655.0,720.0,1995.0,915.0,1825.0,817.5,-32.5,-14.350000000000023,2.0,17.763533573025388,-2.725797584736377,-1.1058818356605524,-0.02098330825823291,-31.75,-16.25999999999999,-2.668291382599694,0.1719917646229011
yqaUDA6i5GY_00,174,20,0,738.8,422.5,785.0,461.2,761.9,441.85,0.0,1.5500000000000682,2.0,0.7750000000000341,1.5707963267948966,-0.13809490104069133,1.1284221038181568,2.907499999999999,2.592500000000001,0.7281879345050848,0.7522814025454378
yqaUDA6i5GY_00,174,18,0,1320.0,582.5,1492.5,688.8,1406.25,635.65,-11.25,-5.600000000000023,2.0,6.283360963688149,-2.6797244021417055,1.3827301556551772,-0.3185048286185528,-7.1875,-3.155000000000001,-2.7279603429575525,0.28487445279779555
yqaUDA6i5GY_00,174,15,0,762.5,582.5,995.0,680.0,878.75,631.25,-31.899999999999977,-1.8999999999999773,2.0,15.978266489203376,-3.0821018071181627,0.9605643113123348,0.12712372059871085,-20.872500000000002,-2.844999999999999,-3.006123734207949,0.08783745843289326
yqaUDA6i5GY_00,174,12,0,790.6,458.1,844.4,510.6,817.5,484.35,3.1000000000000227,0.9000000000000341,2.0,1.614001239156913,0.28255495246959567,0.5858530444165198,-0.5428218980511499,2.625,2.2475000000000023,0.7080769940912601,0.5727731697937215
yqaUDA6i5GY_00,174,8,0,821.2,486.9,881.2,544.4,851.2,515.65,0.0,2.8500000000000227,2.0,1.4250000000000114,1.5707963267948966,0.7125000000000057,1.5707963267948966,1.4950000000000045,1.3,0.7157435896688786,1.0471975511965976
yqaUDA6i5GY_00,174,6,0,851.2,514.4,938.8,591.9,895.0,553.15,0.0,0.6499999999999773,2.0,0.32499999999998863,1.5707963267948966,0.16249999999999432,1.5707963267948966,0.8100000000000023,0.7675000000000012,0.7584633159904909,1.4761982903921178
yqaUDA6i5GY_00,174,4,0,240.9,839.4,291.6,914.4,266.25,876.9,0.0,0.0,2.0,0.0,0.0,-0.15000000000000568,-1.5707963267948966,0.03249999999999886,0.0625,1.0912770348023146,2.6179938779914944
yqaUDA6i5GY_00,174,2,0,972.5,446.9,1040.0,494.4,1006.25,470.65,-8.75,-4.649999999999977,2.0,4.954417221026096,-2.653119446163311,0.025168643465175666,0.19896953546509002,-10.625,-4.467500000000001,-2.7435647052843253,0.10998863135386237
yqaUDA6i5GY_00,176,27,0,1635.0,712.5,1965.0,898.8,1800.0,805.65,-25.0,-11.850000000000023,2.0,13.833135038739416,-2.6989605435732904,-1.965199267142986,0.026837041163086713,-30.625,-15.524999999999997,-2.672409444993821,0.05914855844912915
yqaUDA6i5GY_00,176,20,0,738.8,420.6,787.5,464.4,763.15,442.5,1.25,0.6499999999999773,2.0,0.7044501401802633,0.47951929199258186,-0.0352749299098854,-1.0912770348023146,2.157499999999999,1.7800000000000011,0.6898172813579864,0.9070168599498695
yqaUDA6i5GY_00,176,18,0,1303.8,579.4,1478.8,683.1,1391.3,631.25,-14.950000000000045,-4.399999999999977,2.0,7.792023164749979,-2.855360150856893,0.7543311005309152,-0.17563574871518745,-7.685000000000002,-3.280000000000001,-2.7381937553289735,0.26026305372437814
yqaUDA6i5GY_00,176,15,0,743.8,587.5,981.2,689.4,862.5,638.45,-16.25,7.2000000000000455,2.0,8.886823110650969,2.7245108542189307,-3.5457216892762036,-0.47657264584249354,-21.389999999999997,-2.2674999999999956,-3.0359796067541853,0.20752722122216574
yqaUDA6i5GY_00,176,13,0,793.8,458.8,843.8,511.2,818.8,485.0,4.399999999999977,3.1499999999999773,8.0,0.6764163381379804,0.6213235994258138,-0.0007438581324804017,-0.4530499739642315,10.09999999999999,8.75,0.7139021972006305,0.19369330987760103
yqaUDA6i5GY_00,176,8,0,823.8,487.8,881.2,544.7,852.5,516.25,1.2999999999999545,0.6000000000000227,2.0,0.7158910531638019,0.43240777557056553,-0.35455447341810475,-1.138388551224331,1.4375,1.2349999999999994,0.7097709275155707,0.9847211803820155
yqaUDA6i5GY_00,176,6,0,850.0,516.2,941.2,592.5,895.6,554.35,0.6000000000000227,1.2000000000000455,2.0,0.6708203932499623,1.1071487177940904,0.17291019662498686,-0.4636476090008062,0.7800000000000011,0.7350000000000023,0.7557039237905396,0.8631465543780918
yqaUDA6i5GY_00,176,4,0,240.9,838.8,291.6,915.0,266.25,876.9,0.0,0.0,2.0,0.0,0.0,0.0,0.0,0.030000000000001137,0.09499999999999886,1.2649174553900302,1.5707963267948966
yqaUDA6i5GY_00,176,2,0,963.1,446.9,1029.4,491.2,996.25,469.04999999999995,-10.0,-1.6000000000000227,2.0,5.063595560468867,-2.9829373914033894,0.05458916972138539,-0.3298179452400785,-10.5625,-4.202500000000003,-2.7629239842138777,0.21397948743188408
yqaUDA6i5GY_00,178,27,0,1617.5,703.8,1932.5,887.5,1775.0,795.65,-25.0,-10.0,2.0,13.46291201783626,-2.761086276477428,-0.18511151045157792,-0.062125732904137816,-29.821428571428573,-14.735714285714282,-2.6826506662477314,0.03664869410848581
yqaUDA6i5GY_00,178,20,0,739.4,420.6,786.9,464.4,763.15,442.5,0.0,0.0,2.0,0.0,0.0,-0.35222507009013165,-0.479519291992582,2.1274999999999977,1.75,0.6883474731266026,0.8997394768710177
yqaUDA6i5GY_00,178,18,0,1297.5,575.6,1462.5,675.6,1380.0,625.6,-11.299999999999955,-5.649999999999977,2.0,6.31689203643688,-2.677945044588987,-0.7375655641565495,0.17741510626790594,-7.875,-3.4399999999999977,-2.7297485765373923,0.22385189453388207
yqaUDA6i5GY_00,178,15,0,731.2,589.7,973.8,700.0,852.5,644.85,-10.0,6.399999999999977,2.0,5.936328831862325,2.5722794624891328,-1.4752471393943218,-0.15223139172979797,-21.4375,-1.819999999999999,-3.056897788798462,0.2519759193903341
yqaUDA6i5GY_00,178,13,0,795.0,456.9,850.0,511.9,822.5,484.4,3.7000000000000455,-0.6000000000000227,2.0,1.8741664813991554,-0.16076274062583876,0.5988750716305875,-0.7820863400516525,9.299999999999997,7.581249999999997,0.683933654306567,0.43305043061672327
yqaUDA6i5GY_00,178,8,0,824.4,487.2,940.6,577.2,882.5,532.2,30.0,15.950000000000045,2.0,16.988249615543104,0.4886588505291967,8.136179281189651,0.056251074958631186,2.8125,1.9550000000000012,0.6074372893283488,0.9218119843259527
yqaUDA6i5GY_00,178,6,0,852.5,517.5,940.0,592.5,896.25,555.0,0.6499999999999773,0.6499999999999773,2.0,0.45961940777123983,0.7853981633974483,-0.10560049273936126,-0.3217505543966422,0.8449999999999989,0.6899999999999977,0.6847620813467626,0.785398163397448
yqaUDA6i5GY_00,178,4,0,240.9,838.8,291.6,915.0,266.25,876.9,0.0,0.0,2.0,0.0,0.0,0.0,0.0,0.030000000000001137,0.09499999999999886,1.2649174553900302,0.5235987755982988
yqaUDA6i5GY_00,178,2,0,955.6,442.5,1020.6,487.5,988.1,465.0,-8.149999999999977,-4.0499999999999545,2.0,4.5504120692526095,-2.6804020421018167,-0.2565917456081288,0.30253534930157283,-10.312499999999995,-4.1875,-2.7558725593813125,0.27710761000224715
yqaUDA6i5GY_00,180,27,0,1597.5,702.5,1902.5,873.8,1750.0,788.15,-25.0,-7.5,2.0,13.050383136138187,-2.850135859111926,-0.2062644408490364,-0.08904958263449772,-29.21875,-13.831249999999997,-2.6994759208135335,0.05933745223390741
yqaUDA6i5GY_00,180,20,0,740.0,421.2,787.5,466.9,763.75,444.04999999999995,0.6000000000000227,1.5499999999999545,2.0,0.831038506929716,1.2014626691212484,0.415519253464858,1.2014626691212484,2.155000000000001,1.6724999999999965,0.6599982371515851,0.9240863319720484
yqaUDA6i5GY_00,180,18,0,1285.0,570.6,1445.0,668.1,1365.0,619.35,-15.0,-6.25,2.0,8.125,-2.7468015338900313,0.9040539817815598,-0.06885648930104438,-8.375,-3.625,-2.733103760517166,0.14063578142804592
yqaUDA6i5GY_00,180,15,0,720.0,594.4,966.2,708.1,843.1,651.25,-9.399999999999977,6.399999999999977,2.0,5.685947590331784,2.543834261996712,-0.12519062076527065,-0.028445200492420938,-21.312499999999993,-1.2824999999999989,-3.0814891783943628,0.21908307935490412
yqaUDA6i5GY_00,180,13,0,794.4,459.4,849.4,511.9,821.9,485.65,-0.6000000000000227,1.25,2.0,0.6932712311931073,2.018316301952081,-0.5904476251030241,2.1790790425779196,8.199999999999996,6.8777777777777755,0.6979284820428602,1.1380717855312679
yqaUDA6i5GY_00,180,8,0,825.0,487.5,885.0,546.2,855.0,516.85,-27.5,-15.350000000000023,2.0,15.747003683240827,-2.632489525822524,-0.6206229661511387,-3.1211483763517207,1.25,1.1074999999999988,0.7250262307013486,1.4385960008448941
yqaUDA6i5GY_00,180,6,0,852.5,517.5,941.2,594.4,896.85,555.95,0.6000000000000227,0.9500000000000455,2.0,0.5618051263561311,1.007480065302933,0.05109285929244564,0.2220819019054847,0.6850000000000023,0.5800000000000012,0.702584049586969,0.3358266884343107
yqaUDA6i5GY_00,180,4,0,241.1,837.5,291.4,915.0,266.25,876.25,0.0,-0.6499999999999773,2.0,0.32499999999998863,-1.5707963267948966,0.16249999999999432,-1.5707963267948966,0.030000000000001137,0.0625,1.123276351637712,0.5235987755982988
yqaUDA6i5GY_00,180,2,0,947.5,440.0,1008.8,483.8,978.15,461.9,-9.950000000000045,-3.1000000000000227,2.0,5.210866050859518,-2.839566399771999,0.3302269908034541,-0.1591643576701825,-10.280000000000001,-4.077500000000003,-2.763982750620655,0.2638392174039446
yqaUDA6i5GY_00,182,27,0,1578.8,697.5,1873.8,862.5,1726.3,780.0,-23.700000000000045,-8.149999999999977,2.0,12.531086345564795,-2.8103786593105946,-0.25964839528669614,0.0397571998013313,-28.60555555555556,-13.199999999999996,-2.7092587760152536,0.06364417177998895
yqaUDA6i5GY_00,182,20,0,738.8,421.6,793.8,467.8,766.3,444.70000000000005,2.5499999999999545,0.650000000000091,2.0,1.315769736694066,0.2495869254370224,0.24236561488217495,-0.951875743684226,2.125,1.6725000000000023,0.6668000176023285,0.8776192349326855
yqaUDA6i5GY_00,182,18,0,1273.8,562.5,1428.8,661.2,1351.3,611.85,-13.700000000000045,-7.5,2.0,7.80928934026652,-2.6407129745003433,-0.15785532986673978,0.10608855938968813,-8.997500000000002,-3.9399999999999977,-2.7288470132175053,0.11745338498621283
yqaUDA6i5GY_00,182,15,0,705.0,607.8,940.0,720.0,822.5,663.9,-20.600000000000023,12.649999999999977,2.0,12.087002316538213,2.590886180261894,3.2005273631032143,0.047051918265182284,-21.875,-0.43000000000000116,-3.121938042007216,0.07590950349580039
yqaUDA6i5GY_00,182,13,0,794.4,456.9,850.6,511.9,822.5,484.4,0.6000000000000227,-1.25,2.0,0.6932712311931073,-1.123276351637712,0.0,-3.141592653589793,7.439999999999998,6.064999999999998,0.683933654306567,2.0342526787397883
yqaUDA6i5GY_00,182,8,0,824.4,489.4,886.9,547.5,855.65,518.45,0.6499999999999773,1.6000000000000227,2.0,0.8634958019585335,1.18491365739684,-7.441753940641147,-2.4657821239602224,1.2824999999999989,1.0,0.6622565968650836,1.8810605250901915
yqaUDA6i5GY_00,182,6,0,855.0,520.0,940.0,595.0,897.5,557.5,0.6499999999999773,1.5499999999999545,2.0,0.8403868156985552,1.1737168815699164,0.13929084467121206,0.16623681626698344,0.625,0.5800000000000012,0.7480711107621331,0.23668975752303653
yqaUDA6i5GY_00,182,4,0,241.1,838.8,291.4,915.0,266.25,876.9,0.0,0.6499999999999773,2.0,0.32499999999998863,1.5707963267948966,0.0,3.141592653589793,0.0375,0.09499999999999886,1.1948353729235868,1.5707963267948966
yqaUDA6i5GY_00,182,2,0,943.1,437.5,1001.9,478.8,972.5,458.15,-5.649999999999977,-3.75,2.0,3.3906120391457257,-2.555635036966578,-0.910127005856896,0.2839313628054212,-9.970000000000004,-4.044999999999999,-2.7561674345466254,0.2485436899257255
yqaUDA6i5GY_00,184,27,0,1562.5,698.8,1852.5,856.2,1707.5,777.5,-18.799999999999955,-2.5,2.0,9.482747492156458,-3.0093895533347674,-1.5241694267041686,-0.19901089402417285,-27.625,-12.129999999999995,-2.727844223380879,0.10927255882000063
yqaUDA6i5GY_00,184,20,0,738.8,420.6,798.8,471.9,768.8,446.25,2.5,1.5499999999999545,2.0,1.4707566080082608,0.5549957273385736,0.07749343565709743,0.30540880190155123,2.2224999999999966,1.6550000000000011,0.640072757014054,0.8195824049023419
yqaUDA6i5GY_00,184,18,0,1263.1,558.8,1412.5,647.5,1337.8,603.15,-13.5,-8.700000000000045,2.0,8.030255288594516,-2.5691328397717395,0.11048297416399766,0.07158013472860382,-9.420000000000005,-4.280000000000001,-2.715125134865648,0.0821750611397788
yqaUDA6i5GY_00,184,15,0,688.8,609.4,922.5,725.6,805.65,667.5,-16.850000000000023,3.6000000000000227,2.0,8.615139290806633,2.931107346234558,-1.7359315128657897,0.3402211659726638,-22.027500000000003,-0.05500000000000114,-3.139095779877251,0.13857276157675566
yqaUDA6i5GY_00,184,13,0,795.0,458.8,850.0,512.5,822.5,485.65,0.0,1.25,2.0,0.625,1.5707963267948966,-0.03413561559655365,2.6940726784326086,6.763636363636362,5.627272727272725,0.693944520575602,2.6715814582001074
yqaUDA6i5GY_00,184,8,0,825.0,486.9,887.5,546.2,856.25,516.55,0.6000000000000227,-1.900000000000091,2.0,0.9962429422586105,-1.2649174553900473,0.06637357015003853,-2.449831112786887,1.1875,0.9224999999999965,0.6604599084910453,2.6789205376996104
yqaUDA6i5GY_00,184,6,0,855.0,521.9,945.0,596.9,900.0,559.4,2.5,1.8999999999999773,2.0,1.5700318468107513,0.6498704494119418,0.364822515556098,-0.5238464321579746,0.6875,0.5949999999999989,0.7133980820169956,0.3040550501101473
yqaUDA6i5GY_00,184,4,0,240.9,838.8,291.6,915.0,266.25,876.9,0.0,0.0,2.0,0.0,0.0,-0.16249999999999432,-1.5707963267948966,0.0375,0.09499999999999886,1.1948353729235868,2.0943951023931953
yqaUDA6i5GY_00,184,2,0,932.5,433.4,993.8,475.9,963.15,454.65,-9.350000000000023,-3.5,2.0,4.991805785484859,-2.783408149723366,0.8005968731695665,-0.22777311275678794,-9.842500000000001,-3.9400000000000035,-2.7608235449513105,0.22362294441079722
yqaUDA6i5GY_00,186,27,0,1548.8,700.0,1831.2,845.0,1690.0,772.5,-17.5,-5.0,2.0,9.100137361600648,-2.8632929945846817,-0.1913050652779047,0.1460965587500858,-26.704545454545453,-11.481818181818177,-2.7355305087236172,0.12828821752519665
yqaUDA6i5GY_00,186,20,0,739.4,422.2,799.4,474.7,769.4,448.45,0.6000000000000227,2.1999999999999886,2.0,1.1401754250991354,1.3045442776439602,-0.1652905914545627,0.7495485503053866,1.9699999999999989,1.7349999999999994,0.7220552168923285,0.6689443652970546
yqaUDA6i5GY_00,186,18,0,1252.5,553.1,1400.0,646.2,1326.25,599.6500000000001,-11.549999999999955,-3.4999999999998863,2.0,6.034328877348296,-2.847358088478613,-0.99796320562311,-0.2782252487068737,-9.8125,-4.3624999999999945,-2.723250134671793,0.15196464760838857
yqaUDA6i5GY_00,186,15,0,672.5,608.1,902.5,731.9,787.5,670.0,-18.149999999999977,2.5,2.0,9.160683653527164,3.0047129246955486,0.27277218136026526,0.07360557846099082,-22.3125,0.3125,3.127587967006277,0.15362622089961228
yqaUDA6i5GY_00,186,13,0,795.6,458.8,850.6,512.5,823.1,485.65,0.6000000000000227,0.0,2.0,0.30000000000001137,0.0,-0.16249999999999432,-1.5707963267948966,6.25,5.158333333333331,0.6899983511938159,2.4688205529390994
yqaUDA6i5GY_00,186,8,0,824.4,487.5,886.9,546.2,855.65,516.85,-0.6000000000000227,0.3000000000000682,2.0,0.3354101966249939,2.677945044588911,-0.33041637281680836,-2.3403228072006277,1.0625,0.8125,0.6528466311007742,2.418645347982579
yqaUDA6i5GY_00,186,6,0,855.0,522.2,946.2,596.6,900.6,559.4000000000001,0.6000000000000227,1.1368683772161603e-13,2.0,0.30000000000001137,1.8947806286935286e-13,-0.6350159234053699,-0.6498704494117521,0.625,0.6250000000000057,0.7853981633974527,0.44665123261223644
yqaUDA6i5GY_00,186,4,0,241.1,838.8,291.4,915.0,266.25,876.9,0.0,0.0,2.0,0.0,0.0,0.0,0.0,0.047500000000002277,0.09499999999999886,1.1071487177940664,1.5707963267948966
yqaUDA6i5GY_00,186,2,0,927.5,431.9,985.0,471.9,956.25,451.9,-6.899999999999977,-2.75,2.0,3.7139096650295524,-2.762336275826386,-0.6389480602276532,0.021071873896979728,-9.657500000000004,-3.842500000000001,-2.7629175308509564,0.17759211648639628
yqaUDA6i5GY_00,188,27,0,1535.0,688.8,1810.0,838.8,1672.5,763.8,-17.5,-8.700000000000045,2.0,9.7716426459424,-2.680233370114206,0.33575264217087586,0.1830596244704759,-25.9375,-11.25,-2.7323467583907597,0.1760556924149115
yqaUDA6i5GY_00,188,20,0,738.8,428.8,801.2,475.6,770.0,452.20000000000005,0.6000000000000227,3.750000000000057,2.0,1.8988483351758543,1.4121410646084915,0.37933645503835944,0.10759678696453137,1.875,1.8275000000000035,0.7725696976885639,0.3875180463904897
yqaUDA6i5GY_00,188,18,0,1242.5,550.0,1385.0,641.2,1313.75,595.6,-12.5,-4.050000000000068,2.0,6.5698649148974235,-2.828265486005634,0.2677680187745639,0.019092602472979166,-10.1875,-4.469999999999999,-2.7281142212512037,0.12296599530281892
yqaUDA6i5GY_00,188,15,0,640.0,606.9,885.0,740.6,762.5,673.75,-25.0,3.75,2.0,12.639842760097928,2.992702705980296,1.739579553285382,-0.01201021871525265,-22.779999999999994,0.6550000000000011,3.112847281245323,0.14194565438296908
yqaUDA6i5GY_00,188,13,0,797.5,458.8,852.5,512.5,825.0,485.65,1.8999999999999773,0.0,2.0,0.9499999999999886,0.0,0.32499999999998863,0.0,5.915384615384614,4.76153846153846,0.6777467866750096,1.4216230017425018
yqaUDA6i5GY_00,188,8,0,824.4,490.3,886.9,546.6,855.65,518.45,0.0,1.6000000000000227,2.0,0.8000000000000114,1.5707963267948966,0.23229490168750874,-1.1071487177940145,0.9724999999999966,0.8300000000000012,0.7065053845335869,1.9657675459271762
yqaUDA6i5GY_00,188,6,0,855.0,521.2,945.0,596.2,900.0,558.7,-0.6000000000000227,-0.7000000000000455,2.0,0.460977222864669,-2.2794225989225536,0.08048861143232883,-2.2794225989227432,0.625,0.5425000000000011,0.7148516176556842,1.1510464934974898
yqaUDA6i5GY_00,188,2,0,921.2,429.1,977.5,469.1,949.35,449.1,-6.899999999999977,-2.7999999999999545,2.0,3.723237838226274,-2.7560987866604685,0.004664086598360706,0.006237489165917598,-9.407499999999999,-3.732499999999999,-2.7638843059628133,0.08502749193989508
yqaUDA6i5GY_00,190,27,0,1522.5,679.4,1795.0,828.1,1658.75,753.75,-13.75,-10.049999999999955,2.0,8.515647362355946,-2.5104221001054086,-0.6279976417932271,0.16981127000879728,-25.0,-11.157692307692304,-2.7218134924436903,0.16632248440978634
yqaUDA6i5GY_00,190,26,0,1522.5,677.5,1797.5,827.5,1660.0,752.5,-355.0,-185.0,30.0,13.343745934165396,-2.6611868370067495,-0.1778997603085662,-0.21022007703889134,-191.9000000000001,-104.39999999999998,-2.6433419019527165,0.07007335901296378
yqaUDA6i5GY_00,190,20,0,738.8,422.8,801.2,477.2,770.0,450.0,0.0,-2.2000000000000455,2.0,1.1000000000000227,-1.5707963267948966,-0.39942416758791577,-2.982937391403388,1.875,1.6875,0.7328151017865067,1.2800275762244353
yqaUDA6i5GY_00,190,18,0,1233.1,544.7,1372.5,634.7,1302.8,589.7,-10.950000000000045,-5.899999999999977,2.0,6.219173980521865,-2.6473790276663243,-0.1753454671877792,0.18088645833930972,-10.485000000000003,-4.704999999999996,-2.7197901266211004,0.15940143650638755
yqaUDA6i5GY_00,190,15,0,635.0,617.8,872.5,752.5,753.75,685.15,-8.75,11.399999999999977,2.0,7.1854453585007425,2.2254312830905354,-2.7271987007985925,-0.7672714228897606,-22.377499999999998,1.444999999999999,3.077108391783212,0.28429574002200136
yqaUDA6i5GY_00,190,13,0,796.2,459.4,848.8,512.5,822.5,485.95,-2.5,0.30000000000001137,2.0,1.2589678312014179,3.02216372757145,0.15448391560071462,3.02216372757145,5.314285714285712,4.442857142857142,0.6963226424442783,1.5309866847887825
yqaUDA6i5GY_00,190,8,0,825.0,489.7,887.5,547.8,856.25,518.75,0.6000000000000227,0.2999999999999545,2.0,0.33541019662496846,0.4636476090007303,-0.23229490168752145,-1.1071487177941661,0.9375,0.7799999999999983,0.6939508747846289,1.5182067475962693
yqaUDA6i5GY_00,190,6,0,855.0,521.2,945.0,596.2,900.0,558.7,0.0,0.0,2.0,0.0,0.0,-0.2304886114323345,2.2794225989225536,0.5649999999999977,0.48250000000000454,0.7068014566349472,1.7362385490856826
yqaUDA6i5GY_00,190,2,0,915.0,425.9,968.8,467.8,941.9,446.85,-7.4500000000000455,-2.25,2.0,3.8911759148103506,-2.848289707363175,0.08396903829203839,-0.09219092070270654,-9.155000000000001,-3.625,-2.7645751826417655,0.039833427921867955
yqaUDA6i5GY_00,192,27,0,1515.0,677.5,1780.0,820.0,1647.5,748.75,-11.25,-5.0,2.0,6.155536126122565,-2.723368324010564,-1.1800556181166901,-0.2129462239051554,-24.017857142857142,-10.71785714285714,-2.7218654780049736,0.18860570612814287
yqaUDA6i5GY_00,192,26,0,1515.0,673.8,1780.0,820.0,1647.5,746.9,-12.5,-5.600000000000023,2.0,6.848539990392117,-2.720403173323262,-3.2476029718866393,-0.05921633631651258,-132.10000000000005,-71.46666666666665,-2.6456821618977306,0.08981213778513464
yqaUDA6i5GY_00,192,18,0,1222.5,541.9,1350.0,625.6,1286.25,583.75,-16.549999999999955,-5.9500000000000455,2.0,8.793534556706977,-2.7964650635661523,1.2871802880925558,-0.14908603589982808,-11.0625,-4.8675000000000015,-2.727085779005007,0.11635503223737236
yqaUDA6i5GY_00,192,16,0,240.9,838.8,291.6,913.8,266.25,876.3,0.35000000000002274,-1.2000000000000455,68.0,0.018382352941177207,-1.2870022175865614,-0.0019355536332176478,-1.2870022175865614,0.02916666666666856,-0.04583333333333902,-1.0040671092714168,1.4761982903921183
yqaUDA6i5GY_00,192,15,0,624.4,623.4,866.9,753.8,745.65,688.5999999999999,-8.100000000000023,3.449999999999932,2.0,4.402059177248754,2.7389380000379284,-1.3916930906259943,0.513506716947393,-21.7175,1.8124999999999942,3.0583275756140926,0.4309294528508021
yqaUDA6i5GY_00,192,13,0,796.2,459.4,848.8,512.5,822.5,485.95,0.0,0.0,2.0,0.0,0.0,-0.6294839156007089,-3.02216372757145,4.959999999999998,4.146666666666666,0.6963226424442783,2.0147758183809668
yqaUDA6i5GY_00,192,8,0,825.0,489.4,887.5,548.1,856.25,518.75,0.0,0.0,2.0,0.0,0.0,-0.16770509831248423,-0.46364760900073043,0.875,0.7350000000000023,0.6986598247214648,0.8926483481963036
yqaUDA6i5GY_00,192,6,0,855.0,521.9,945.0,596.9,900.0,559.4,0.0,0.6999999999999318,2.0,0.3499999999999659,1.5707963267948966,0.17499999999998295,1.5707963267948966,0.46750000000000114,0.5175000000000012,0.8361160526442439,2.0432138415467307
yqaUDA6i5GY_00,192,2,0,906.2,423.1,961.2,464.4,933.7,443.75,-8.199999999999932,-3.1000000000000227,2.0,4.383206588788596,-2.780151762696235,0.2460153369891227,0.06813794466693988,-9.125,-3.577499999999998,-2.7679543003558615,0.05552211817852134
yqaUDA6i5GY_00,194,27,0,1505.0,663.8,1765.0,817.5,1635.0,740.65,-12.5,-8.100000000000023,2.0,7.447482796220485,-2.566624693538817,0.6459733350489598,0.15674363047174691,-23.25,-10.543333333333331,-2.7158512635376786,0.17983370812856656
yqaUDA6i5GY_00,194,18,0,1212.5,538.1,1343.8,621.9,1278.15,580.0,-8.099999999999909,-3.75,2.0,4.462972664043511,-2.708011169638027,-2.165280946331733,0.08845389392812521,-11.217499999999996,-4.969999999999999,-2.7245269042307685,0.13947546272242103
yqaUDA6i5GY_00,194,16,0,240.9,838.8,291.6,913.8,266.25,876.3,0.0,0.0,2.0,0.0,0.0,-0.009191176470588603,1.2870022175865614,0.026923076923078673,-0.042307692307697556,-1.0040671092714168,1.9051990295876386
yqaUDA6i5GY_00,194,15,0,624.4,622.2,863.1,755.0,743.75,688.6,-1.8999999999999773,1.1368683772161603e-13,2.0,0.9499999999999886,3.141592653589733,-1.7260295886243826,0.40265465355180485,-20.75,1.9949999999999988,3.0457426894270467,0.5611442644629862
yqaUDA6i5GY_00,194,13,0,795.6,460.0,849.4,512.5,822.5,486.25,0.0,0.30000000000001137,2.0,0.15000000000000568,1.5707963267948966,0.07500000000000284,1.5707963267948966,4.649999999999999,3.90625,0.6986913456040377,2.5383745939792655
yqaUDA6i5GY_00,194,8,0,824.4,489.7,888.1,548.4,856.25,519.05,0.0,0.2999999999999545,2.0,0.14999999999997726,1.5707963267948966,0.07499999999998863,1.5707963267948966,0.7824999999999989,0.6549999999999955,0.6969340066704942,1.0471975511965976
yqaUDA6i5GY_00,194,6,0,853.8,520.3,943.8,596.6,898.8,558.45,-1.2000000000000455,-0.9499999999999318,2.0,0.7652613932506951,-2.471953707913209,0.2076306966253646,2.2404352724714807,0.3149999999999977,0.42250000000000226,0.930141510125543,2.0302180660629765
yqaUDA6i5GY_00,194,2,0,901.9,422.5,954.4,461.2,928.15,441.85,-5.550000000000068,-1.8999999999999773,2.0,2.933108419407671,-2.811756022063585,-0.7250490846904625,-0.03160425936735,-8.812500000000005,-3.4375,-2.7696750223390123,0.06397770824566547
yqaUDA6i5GY_00,196,27,0,1496.2,661.2,1758.8,810.0,1627.5,735.6,-7.5,-5.0499999999999545,2.0,4.520854454635748,-2.548988855519256,-1.4633141707923687,0.017635838019561142,-22.265625,-10.199999999999996,-2.7120188677051167,0.1291085641321545
yqaUDA6i5GY_00,196,18,0,1203.8,533.1,1333.8,616.9,1268.8,575.0,-9.350000000000136,-5.0,2.0,5.301473851675649,-2.650525757749809,0.4192505938160691,0.057485411888217985,-11.310000000000002,-5.064999999999998,-2.7205416211746702,0.09834178057205711
yqaUDA6i5GY_00,196,16,0,241.9,838.8,290.9,913.8,266.4,876.3,0.14999999999997726,0.0,2.0,0.07499999999998863,0.0,0.037499999999994316,0.0,0.03571428571428571,-0.039285714285719156,-0.8329812666744933,0.8580014783910409
yqaUDA6i5GY_00,196,15,0,614.7,622.8,860.0,757.5,737.35,690.15,-6.399999999999977,1.5499999999999545,2.0,3.2925104403782677,2.9039803397243276,1.1712552201891395,-0.2376123138654056,-20.0075,2.289999999999998,3.027631494778559,0.38459122812153446
yqaUDA6i5GY_00,196,13,0,798.8,462.8,851.2,517.2,825.0,490.0,2.5,3.75,2.0,2.2534695471649933,0.9827937232473289,1.0517347735824938,-0.5880026035475675,4.523529411764705,3.8970588235294117,0.7111374871951425,1.7269875526379714
yqaUDA6i5GY_00,196,8,0,826.2,485.9,885.0,547.8,855.6,516.8499999999999,-0.6499999999999773,-2.2000000000000455,2.0,1.1470069746954648,-1.8580777801920156,0.49850348734774375,2.854311200192674,0.6550000000000011,0.4974999999999966,0.6495800612679424,1.6295850453294334
yqaUDA6i5GY_00,196,6,0,856.2,521.9,943.8,595.6,900.0,558.75,1.2000000000000455,0.2999999999999545,2.0,0.6184658438426657,0.24497866312681957,-0.0733977747040147,2.7169323710400284,0.3149999999999977,0.4375,0.9467732738181431,2.1760546567688017
yqaUDA6i5GY_00,196,2,0,897.5,419.4,947.5,456.2,922.5,437.79999999999995,-5.649999999999977,-4.050000000000068,2.0,3.475809258287928,-2.5196709283630288,0.2713504194401284,0.2920850937005564,-8.532500000000004,-3.517500000000001,-2.7505730565045794,0.13060909924494876
yqaUDA6i5GY_00,198,27,0,1487.5,661.2,1742.5,806.2,1615.0,733.7,-12.5,-1.8999999999999773,2.0,6.3217877218394465,-2.990747291968855,0.9004666336018494,-0.4417584364495993,-21.691176470588236,-9.711764705882347,-2.7206290523729346,0.20537930164696908
yqaUDA6i5GY_00,198,20,0,757.5,446.2,807.5,485.0,782.5,465.6,12.5,15.600000000000023,8.0,2.4987809527847795,0.8952741347302903,0.1748476190980946,2.4660704615251867,2.375,2.342500000000001,0.7785090302026035,1.8522015466310353
yqaUDA6i5GY_00,198,18,0,1195.0,526.9,1320.0,610.6,1257.5,568.75,-11.299999999999955,-6.25,2.0,6.456634185084342,-2.636374553148865,0.5775801667043465,0.014151204600944212,-11.625,-5.257500000000005,-2.7168625067631353,0.05336350347242915
yqaUDA6i5GY_00,198,16,0,241.9,838.8,291.2,913.8,266.55,876.3,0.1500000000000341,0.0,2.0,0.07500000000001705,0.0,1.4210854715202004e-14,0.0,0.043333333333335604,-0.03666666666667121,-0.7022569315090423,0.42900073919552045
yqaUDA6i5GY_00,198,15,0,616.2,622.2,860.0,757.5,738.1,689.85,0.75,-0.2999999999999545,2.0,0.4038873605350794,-0.3805063771123126,-1.4443115399215942,2.998698590342946,-18.687499999999993,2.4625,3.0105749296349993,1.2129885192533856
yqaUDA6i5GY_00,198,13,0,795.6,462.8,853.1,517.2,824.35,490.0,-0.6499999999999773,0.0,2.0,0.32499999999998863,3.141592653589793,-0.9642347735825023,2.1587989303424644,4.236111111111111,3.6805555555555554,0.715337580758993,1.4391992868949763
yqaUDA6i5GY_00,198,8,0,826.2,487.5,883.8,547.5,855.0,517.5,-0.6000000000000227,0.650000000000091,2.0,0.44229515032389444,2.316215803069004,-0.35235591218578516,-2.1088917239185667,0.625,0.4399999999999977,0.6134054863793442,2.1779997503020456
yqaUDA6i5GY_00,198,6,0,856.2,521.2,943.8,596.2,900.0,558.7,0.0,-0.049999999999954525,2.0,0.024999999999977263,-1.5707963267948966,-0.2967329219213442,-1.8157749899217162,0.3149999999999977,0.40500000000000114,0.9097531579442145,2.257714211144408
yqaUDA6i5GY_00,198,2,0,889.4,417.2,940.6,455.3,915.0,436.25,-7.5,-1.5499999999999545,2.0,3.8292460093339478,-2.9377951325474707,0.17671837552300995,-0.418124204184442,-8.375,-3.342500000000001,-2.761858516851101,0.2472711857507828
yqaUDA6i5GY_00,200,27,0,1557.5,641.2,1732.5,797.5,1645.0,719.35,30.0,-14.350000000000023,2.0,16.62770654660468,-0.44616452163897785,5.152959412382618,2.5445827703298773,-18.819444444444443,-9.969444444444441,-2.654435752739772,1.0013256815996792
yqaUDA6i5GY_00,200,26,0,1477.5,666.2,1727.5,798.8,1602.5,732.5,-45.0,-14.399999999999977,8.0,5.905982136783008,-2.8318897090473376,-0.11781973170113869,-0.11148653572407555,-110.32500000000005,-57.19999999999999,-2.66327990921296,0.12697431635982648
yqaUDA6i5GY_00,200,20,0,760.0,445.6,810.0,485.6,785.0,465.6,2.5,0.0,2.0,1.25,0.0,-0.6243904763923898,-0.8952741347302903,2.5,2.3125,0.7464568203004092,2.1147606625529547
yqaUDA6i5GY_00,200,18,0,1185.0,523.1,1307.5,605.6,1246.25,564.35,-11.25,-4.399999999999977,2.0,6.039919287540186,-2.7687725201910474,-0.20835744877207807,-0.13239796704218246,-11.8125,-5.219999999999999,-2.7254910874946425,0.06801152784378157
yqaUDA6i5GY_00,200,16,0,242.3,838.8,291.4,913.8,266.85,876.3,0.30000000000001137,0.0,2.0,0.15000000000000568,0.0,0.037499999999994316,0.0,0.05937500000000284,-0.03437500000000426,-0.5247957716501404,0.0
yqaUDA6i5GY_00,200,13,0,796.2,463.1,853.8,516.9,825.0,490.0,0.6499999999999773,0.0,2.0,0.32499999999998863,0.0,0.0,-3.141592653589793,4.047368421052631,3.486842105263158,0.7111374871951425,1.962798062493275
yqaUDA6i5GY_00,200,6,0,856.2,521.2,943.8,595.6,900.0,558.4000000000001,0.0,-0.2999999999999545,2.0,0.14999999999997726,-1.5707963267948966,0.0625,0.0,0.3149999999999977,0.3900000000000034,0.8913825213870559,1.5109024536539144
yqaUDA6i5GY_00,200,2,0,883.8,415.0,955.0,462.5,919.4,438.75,4.399999999999977,2.5,2.0,2.5303161857759893,0.5166951387622795,-0.6494649117789792,-2.828695035869836,-7.592500000000001,-2.9975000000000023,-2.7655792224149693,1.179634777918278
yqaUDA6i5GY_00,202,26,0,1472.5,661.2,1722.5,803.8,1597.5,732.5,-5.0,0.0,2.0,2.5,3.141592653589793,-1.702991068391504,-0.3097029445424557,-89.26000000000003,-45.75999999999999,-2.6678686957775213,0.16013527219434795
yqaUDA6i5GY_00,202,20,0,756.2,446.2,803.8,486.2,780.0,466.2,-5.0,0.5999999999999659,2.0,2.517935662402832,3.0221637275714612,0.6339678312014161,3.0221637275714612,2.125,2.2799999999999985,0.8205709390267077,2.1278361079423127
yqaUDA6i5GY_00,202,18,0,1177.5,519.4,1297.5,600.6,1237.5,560.0,-8.75,-4.350000000000023,2.0,4.8858213229712,-2.680233370114206,-0.5770489822844929,0.08853915007684156,-11.875,-5.217500000000001,-2.7276150400365515,0.0783627739066561
yqaUDA6i5GY_00,202,16,0,242.5,838.8,291.2,913.8,266.85,876.3,0.0,0.0,2.0,0.0,0.0,-0.07500000000000284,0.0,0.055882352941179145,-0.0323529411764746,-0.5247957716501404,0.0
yqaUDA6i5GY_00,202,13,0,796.2,463.1,851.2,516.9,823.7,490.0,-1.2999999999999545,0.0,2.0,0.6499999999999773,3.141592653589793,0.16249999999999432,3.141592653589793,3.780000000000001,3.3125,0.7195786775969445,2.813994745840683
yqaUDA6i5GY_00,202,6,0,856.2,521.9,943.8,595.6,900.0,558.75,0.0,0.34999999999990905,2.0,0.17499999999995453,1.5707963267948966,0.012499999999988631,3.141592653589793,0.3149999999999977,0.40500000000000114,0.9097531579442145,1.6524558811705028
yqaUDA6i5GY_00,202,2,0,880.0,414.4,927.5,448.1,903.75,431.25,-15.649999999999977,-7.5,2.0,8.677161114097157,-2.6946960549752514,3.0734224641605836,3.0717941134420554,-7.872500000000002,-3.155000000000001,-2.7604294261695737,2.1062044511654445
yqaUDA6i5GY_00,204,26,0,1467.5,653.8,1712.5,791.2,1590.0,722.5,-7.5,-10.0,2.0,6.25,-2.214297435588181,1.875,0.9272952180016125,-75.63333333333337,-39.79999999999999,-2.6571873844498284,0.4494948994227146
yqaUDA6i5GY_00,204,20,0,756.9,446.9,804.4,486.9,780.65,466.9,0.6499999999999773,0.6999999999999886,2.0,0.47762432936355814,0.8224182792713876,-1.020155666519637,-2.1997454483000736,2.094999999999999,2.2524999999999977,0.82161004395307,2.0390611035339417
yqaUDA6i5GY_00,204,18,0,1168.8,515.0,1286.2,595.0,1227.5,555.0,-10.0,-5.0,2.0,5.5901699437494745,-2.677945044588987,0.35217431038913727,0.0022883255252188484,-11.875,-5.3199999999999985,-2.7204031733232634,0.07440848088141432
yqaUDA6i5GY_00,204,16,0,242.5,837.5,291.2,913.8,266.85,875.65,0.0,-0.6499999999999773,2.0,0.32499999999998863,-1.5707963267948966,0.16249999999999432,-1.5707963267948966,0.0527777777777803,-0.06666666666666919,-0.901157381118254,0.5235987755982988
yqaUDA6i5GY_00,204,13,0,795.0,462.5,852.5,517.5,823.75,490.0,0.049999999999954525,0.0,2.0,0.024999999999977263,0.0,-0.3125,-3.141592653589793,0.5925000000000011,0.7824999999999989,0.9227104309720154,3.141592653589793
yqaUDA6i5GY_00,204,6,0,855.6,519.4,944.4,595.6,900.0,557.5,0.0,-1.25,2.0,0.625,-1.5707963267948966,0.22500000000002274,-3.141592653589793,0.375,0.32749999999999774,0.7178852667897899,2.094395102393195
yqaUDA6i5GY_00,204,2,0,876.2,413.4,921.2,446.6,898.7,430.0,-5.0499999999999545,-1.25,2.0,2.601201645393891,-2.8989449885720533,-3.037979734351633,-0.20424893359680185,-7.6574999999999935,-2.967500000000001,-2.771883527743293,2.0349126943028977
yqaUDA6i5GY_00,206,26,0,1462.5,641.2,1705.0,790.0,1583.75,715.6,-6.25,-6.899999999999977,2.0,4.654903328749151,-2.3068050304985306,-0.7975483356254247,-0.0925075949103498,-65.7214285714286,-35.09999999999999,-2.651060118886418,0.44316858581813934
yqaUDA6i5GY_00,206,20,0,757.5,446.9,806.2,488.1,781.85,467.5,1.2000000000000455,0.6000000000000227,2.0,0.6708203932499623,0.46364760900080615,0.0965980319432021,-0.35877067027058146,2.280000000000001,2.342500000000001,0.7989181616281148,1.8602266153807052
yqaUDA6i5GY_00,206,18,0,1160.0,513.1,1272.5,588.1,1216.25,550.6,-11.25,-4.399999999999977,2.0,6.039919287540186,-2.7687725201910474,0.2248746718953556,-0.09082747560206042,-11.8125,-5.352499999999997,-2.716145759786772,0.060551650401373634
yqaUDA6i5GY_00,206,16,0,242.2,837.5,291.2,913.8,266.7,875.65,-0.1500000000000341,0.0,2.0,0.07500000000001705,3.141592653589793,-0.12499999999998579,-1.5707963267948968,0.04210526315789533,-0.0631578947368445,-0.9827937232473399,1.0471975511965976
yqaUDA6i5GY_00,206,13,0,795.0,462.8,852.5,517.2,823.75,490.0,0.0,0.0,2.0,0.0,0.0,-0.012499999999988631,0.0,0.6875,0.6900000000000006,0.7872130434375029,2.0943951023931957
yqaUDA6i5GY_00,206,6,0,856.9,521.2,944.4,596.2,900.65,558.7,0.6499999999999773,1.2000000000000455,2.0,0.6823672031978236,1.0743735733900452,0.028683601598911812,2.645169900184942,0.3474999999999966,0.40500000000000114,0.8616619246296641,2.9761184024548424
yqaUDA6i5GY_00,206,2,0,870.0,410.6,915.0,443.1,892.5,426.85,-6.2000000000000455,-3.1499999999999773,2.0,3.4771576035607166,-2.671514265071392,0.43797797908341285,0.22743072350066118,-7.5,-2.9375,-2.7682907627771343,1.1678245901798394
yqaUDA6i5GY_00,208,26,0,1456.2,641.2,1698.8,786.2,1577.5,713.7,-6.25,-1.8999999999999773,2.0,3.266209576864286,-2.8464701863811968,-0.6943468759424323,-0.5396651558826662,-58.28750000000002,-30.94999999999999,-2.6534625622750596,0.5198226562648761
yqaUDA6i5GY_00,208,20,0,756.9,446.2,805.6,487.5,781.25,466.85,-0.6000000000000227,-0.6499999999999773,2.0,0.4422951503238527,-2.316215803069091,-0.11426262146305483,-2.779863412069897,2.155000000000001,2.2625,0.8097283925453915,1.7794598435468505
yqaUDA6i5GY_00,208,18,0,1151.2,510.9,1263.8,585.9,1207.5,548.4,-8.75,-2.2000000000000455,2.0,4.51116670053325,-2.895269905250812,-0.7643762935034677,-0.12649738505976463,-11.4375,-5.259999999999996,-2.7105441193353226,0.07320439539568134
yqaUDA6i5GY_00,208,16,0,242.5,838.1,291.2,914.4,266.85,876.25,0.1500000000000341,0.6000000000000227,2.0,0.3092329219213397,1.325817663667988,0.11711646096066133,-1.8157749899218052,0.047500000000002277,-0.030000000000001137,-0.5633162614919637,1.6524558811705328
yqaUDA6i5GY_00,208,13,0,795.6,462.8,850.6,517.2,823.1,490.0,-0.6499999999999773,0.0,2.0,0.32499999999998863,3.141592653589793,0.16249999999999432,3.141592653589793,0.5300000000000011,0.5925000000000011,0.8410200188337321,2.0943951023931953
yqaUDA6i5GY_00,208,8,0,826.2,487.2,886.2,547.8,856.2,517.5,1.2000000000000455,0.0,10.0,0.12000000000000455,0.0,-0.03222951503238899,-2.316215803069004,0.5600000000000023,0.35999999999999943,0.5713374798336243,2.4264729090600814
yqaUDA6i5GY_00,208,6,0,857.5,521.2,945.0,596.2,901.25,558.7,0.6000000000000227,0.0,2.0,0.30000000000001137,0.0,-0.19118360159890613,-1.0743735733900452,0.4375,0.3875,0.7248661436153412,2.287045375721593
yqaUDA6i5GY_00,208,2,0,866.2,407.5,908.8,441.2,887.5,424.35,-5.0,-2.5,2.0,2.7950849718747373,-2.677945044588987,-0.34103631584298966,-0.0064307795175948534,-7.25,-2.8599999999999994,-2.7658515489611766,0.1460368122050193
yqaUDA6i5GY_00,210,26,0,1453.8,639.4,1693.8,781.9,1573.8,710.65,-3.7000000000000455,-3.050000000000068,2.0,2.3975247652527365,-2.452194780561825,-0.43434240580577477,0.3942754058193719,-52.22222222222225,-27.849999999999998,-2.6516629357820336,0.3421493855374626
yqaUDA6i5GY_00,210,20,0,757.5,446.9,806.2,488.1,781.85,467.5,0.6000000000000227,0.6499999999999773,2.0,0.4422951503238527,0.825376850520702,0.0,3.141592653589793,2.0625,2.155000000000001,0.8073270721070315,2.0934089119767574
yqaUDA6i5GY_00,210,18,0,1143.8,506.9,1253.8,580.0,1198.8,543.45,-8.700000000000045,-4.949999999999932,2.0,5.0048101862108645,-2.62430527326218,0.2468217428388071,0.2709646319886319,-11.185000000000002,-5.1375,-2.711014870869485,0.16276316421681902
yqaUDA6i5GY_00,210,16,0,242.5,838.1,291.2,914.4,266.85,876.25,0.0,0.0,2.0,0.0,0.0,-0.15461646096066986,-1.325817663667988,0.047500000000002277,-0.030000000000001137,-0.5633162614919637,1.5707963267948966
yqaUDA6i5GY_00,210,13,0,795.0,462.5,850.0,516.9,822.5,489.7,-0.6000000000000227,-0.30000000000001137,2.0,0.33541019662498117,-2.677945044588987,0.00520509831249627,0.4636476090008064,0.46750000000000114,0.5174999999999983,0.8361160526442413,1.2017467541968667
yqaUDA6i5GY_00,210,8,0,825.6,487.5,883.1,547.5,854.35,517.5,-1.8500000000000227,0.0,2.0,0.9250000000000114,3.141592653589793,0.4025000000000034,3.141592653589793,0.40749999999999886,0.2949999999999989,0.6266041087067329,2.522233393525788
yqaUDA6i5GY_00,210,6,0,856.9,521.9,944.4,596.9,900.65,559.4,-0.6000000000000227,0.6999999999999318,2.0,0.4609772228646259,2.2794225989226335,0.08048861143230726,2.2794225989226335,0.28249999999999886,0.34499999999999886,0.8846723385915182,1.9996553574992066
yqaUDA6i5GY_00,210,2,0,858.8,405.3,903.8,439.1,881.3,422.20000000000005,-6.2000000000000455,-2.1499999999999773,2.0,3.2811011871016897,-2.8077944893389706,0.24300810761347624,-0.12984944474998367,-7.1550000000000065,-2.794999999999999,-2.7691847335379602,0.12123698258941323
yqaUDA6i5GY_00,212,27,0,1450.0,642.5,1685.0,780.0,1567.5,711.25,-77.5,-8.100000000000023,12.0,6.493511718973367,-3.037454614436243,-0.8445162356359429,-2.5912900927972653,-21.907894736842106,-9.871052631578944,-2.7182643418218815,1.8592104331922474
yqaUDA6i5GY_00,212,26,0,1450.0,639.1,1695.0,781.2,1572.5,710.1500000000001,-1.2999999999999545,-0.4999999999998863,2.0,0.6964194138591644,-2.7744188197716384,-0.850552675696786,-0.3222240392098135,-47.13000000000002,-25.114999999999988,-2.6519822932974466,0.41872153363728387
yqaUDA6i5GY_00,212,20,0,760.0,448.1,806.2,488.1,783.1,468.1,1.25,0.6000000000000227,2.0,0.6932712311931073,0.44751997515718467,0.1254880404346273,-0.37785687536351736,1.2800000000000011,1.6699999999999988,0.9168393252865866,2.0997709803410696
yqaUDA6i5GY_00,212,18,0,1136.9,503.1,1244.4,574.4,1190.65,538.75,-8.149999999999864,-4.7000000000000455,2.0,4.704054102579981,-2.6184913852803184,-0.15037804181544168,0.005813887981861664,-11.342499999999996,-5.125,-2.717209284561122,0.1344253016767528
yqaUDA6i5GY_00,212,16,0,242.5,838.1,291.2,914.4,266.85,876.25,0.0,0.0,2.0,0.0,0.0,0.0,0.0,0.0375,-0.0625,-1.0303768265243125,1.0471975511965976
yqaUDA6i5GY_00,212,13,0,795.0,462.5,848.8,516.9,821.9,489.7,-0.6000000000000227,0.0,2.0,0.30000000000001137,3.141592653589793,-0.0177050983124849,-0.4636476090008064,0.40749999999999886,0.45250000000000057,0.8376760678619288,1.3562959571971354
yqaUDA6i5GY_00,212,8,0,826.2,487.5,883.8,547.5,855.0,517.5,0.6499999999999773,0.0,2.0,0.32499999999998863,0.0,-0.30000000000001137,-3.141592653589793,0.40500000000000114,0.4375,0.8239547135321016,2.8664670367495297
yqaUDA6i5GY_00,212,6,0,856.2,520.6,948.8,599.4,902.5,560.0,1.8500000000000227,0.6000000000000227,2.0,0.9724325169388506,0.31362065221670576,0.25572764703711237,-1.9658019467059278,0.375,0.375,0.7853981633974483,1.773199373006202
yqaUDA6i5GY_00,212,2,0,855.0,403.8,897.5,434.4,876.25,419.1,-5.0499999999999545,-3.1000000000000227,2.0,2.962790070187208,-2.591043253805918,-0.15915555845724083,0.21675123553305256,-6.9375,-2.8099999999999965,-2.756744679989262,0.11767715326687704
yqaUDA6i5GY_00,214,27,0,1447.5,640.0,1685.0,780.0,1566.25,710.0,-1.25,-1.25,2.0,0.8838834764831844,-2.356194490192345,-2.804814121245091,0.6812601242438981,-20.875,-9.439999999999998,-2.7168977869739503,1.9390443291236803
yqaUDA6i5GY_00,214,26,0,1445.0,637.5,1690.0,780.0,1567.5,708.75,-5.0,-1.400000000000091,2.0,2.5961509971494463,-2.8685839505030657,0.949865791645141,-0.09416513073142732,-43.30000000000002,-22.959090909090904,-2.6540521520557703,0.2702215252535376
yqaUDA6i5GY_00,214,20,0,758.1,446.9,805.6,489.4,781.85,468.15,-1.25,0.049999999999954525,2.0,0.6254998001598393,3.101613966466539,-0.033885715516633996,2.6540939913093546,1.2175000000000011,1.6099999999999994,0.9233318996403318,2.0578478400875553
yqaUDA6i5GY_00,214,18,0,1130.0,500.3,1235.0,570.9,1182.5,535.6,-8.150000000000091,-3.1499999999999773,2.0,4.368781294594676,-2.772775435877146,-0.16763640399265256,-0.15428405059682773,-11.1875,-5.002499999999998,-2.7211106174549133,0.1436875235224405
yqaUDA6i5GY_00,214,16,0,242.5,838.1,290.9,914.4,266.7,876.25,-0.1500000000000341,0.0,2.0,0.07500000000001705,3.141592653589793,0.037500000000008527,3.141592653589793,0.029999999999998295,-0.0625,-1.1232763516377489,1.4891367724192603
yqaUDA6i5GY_00,214,13,0,796.2,462.5,853.8,517.5,825.0,490.0,3.1000000000000227,0.30000000000001137,2.0,1.5572411502397556,0.09647377518258984,0.6286205751198721,-3.0451188784072034,0.5300000000000011,0.40749999999999886,0.65546762806947,1.3241380321362721
yqaUDA6i5GY_00,214,8,0,826.2,488.1,883.8,547.5,855.0,517.8,0.0,0.2999999999999545,2.0,0.14999999999997726,1.5707963267948966,-0.08750000000000568,1.5707963267948966,0.25,0.3599999999999966,0.9638086627484842,2.6179938779914944
yqaUDA6i5GY_00,214,6,0,856.2,519.4,951.2,599.4,903.7,559.4,1.2000000000000455,-0.6000000000000227,2.0,0.6708203932499623,-0.46364760900080615,-0.15080606184444412,-0.7772682612175119,0.4350000000000023,0.3125,0.6229624473138348,1.6741642689486909
yqaUDA6i5GY_00,214,2,0,851.2,402.5,891.2,433.8,871.2,418.15,-5.0499999999999545,-0.9500000000000455,2.0,2.5692897851351657,-2.955646975034072,-0.1967501425260212,-0.36460372122815393,-6.752499999999998,-2.625,-2.7708264362458896,0.23706813383706338
yqaUDA6i5GY_00,216,27,0,1445.0,641.2,1685.0,778.8,1565.0,710.0,-1.25,0.0,2.0,0.625,3.141592653589793,-0.12944173824159222,-0.7853981633974484,-19.875,-8.6875,-2.7295121905318234,1.352649460146204
yqaUDA6i5GY_00,216,26,0,1446.2,638.8,1686.2,778.8,1566.2,708.8,-1.2999999999999545,0.049999999999954525,2.0,0.6504805915628608,3.1031500635686387,-0.9728352027932927,-0.3114512931078821,-39.80000000000001,-21.041666666666668,-2.6552611825266252,0.242613487683041
yqaUDA6i5GY_00,216,20,0,761.2,447.5,808.8,488.8,785.0,468.15,3.1499999999999773,0.0,2.0,1.5749999999999886,0.0,0.47475009992007466,-3.101613966466539,1.25,1.4375,0.8550527371260165,2.0445216110464703
yqaUDA6i5GY_00,216,18,0,1122.5,496.9,1225.0,566.9,1173.75,531.9,-8.75,-3.7000000000000455,2.0,4.750065789018094,-2.7415384245924317,0.19064224721170886,0.03123701128471445,-10.877499999999998,-4.967500000000001,-2.7132003342793887,0.06377831662113466
yqaUDA6i5GY_00,216,16,0,242.5,836.9,291.2,914.4,266.85,875.65,0.1500000000000341,-0.6000000000000227,2.0,0.3092329219213397,-1.325817663667988,0.11711646096066133,1.8157749899218054,0.0375,-0.09250000000000114,-1.1856388204314268,1.6524558811705328
yqaUDA6i5GY_00,216,13,0,796.2,463.1,848.8,516.9,822.5,490.0,-2.5,0.0,2.0,1.25,3.141592653589793,-0.1536205751198778,3.0451188784072034,0.18500000000000227,0.25,0.933725997519207,2.184628455271738
yqaUDA6i5GY_00,216,8,0,826.2,488.1,883.8,546.9,855.0,517.5,0.0,-0.2999999999999545,2.0,0.14999999999997726,-1.5707963267948966,0.0,-3.141592653589793,0.25,0.25,0.7853981633974483,2.6179938779914944
yqaUDA6i5GY_00,216,6,0,856.2,516.9,950.0,600.0,903.1,558.45,-0.6000000000000227,-0.9499999999999318,2.0,0.561805126356083,-2.1341125882869143,-0.05450763344693965,-1.6704649792861082,0.375,0.20500000000000113,0.5002804282248544,1.4711783957365157
yqaUDA6i5GY_00,216,2,0,847.5,401.2,885.0,432.5,866.25,416.85,-4.9500000000000455,-1.2999999999999545,2.0,2.5589304406333677,-2.8847662036199964,-0.005179672250898992,0.07088077141407556,-6.5,-2.6099999999999968,-2.7597607205199783,0.21741190939176067
yqaUDA6i5GY_00,218,27,0,1445.0,638.8,1685.0,777.5,1565.0,708.15,0.0,-1.8500000000000227,2.0,0.9250000000000114,-1.5707963267948966,0.15000000000000568,1.5707963267948968,-18.5,-7.685000000000002,-2.747876699070442,1.0124848714787478
yqaUDA6i5GY_00,218,26,0,1445.0,630.6,1685.0,776.9,1565.0,703.75,-1.2000000000000455,-5.0499999999999545,2.0,2.5953082668538454,-1.8040932783315344,0.9724138376454923,1.3759419652794131,-36.83076923076924,-19.811538461538458,-2.648081070685046,0.5938527963729076
yqaUDA6i5GY_00,218,20,0,762.5,447.5,808.8,491.2,785.65,469.35,0.6499999999999773,1.2000000000000455,2.0,0.6823672031978236,1.0743735733900452,-0.4463163984010825,1.0743735733900452,1.1875,1.4525000000000035,0.885441839309995,2.2766938437219797
yqaUDA6i5GY_00,218,18,0,1116.2,494.7,1216.2,562.8,1166.2,528.75,-7.5499999999999545,-3.1499999999999773,2.0,4.090385067447782,-2.746331388179491,-0.3298403607851559,-0.004792963587059162,-10.689999999999998,-4.842500000000001,-2.7162521610393346,0.06343800848953382
yqaUDA6i5GY_00,218,16,0,242.5,836.9,291.2,914.4,266.85,875.65,0.0,0.0,2.0,0.0,0.0,-0.15461646096066986,1.325817663667988,0.0375,-0.09250000000000114,-1.1856388204314268,2.0943951023931953
yqaUDA6i5GY_00,218,13,0,796.2,463.4,848.8,515.9,822.5,489.65,0.0,-0.35000000000002274,2.0,0.17500000000001137,-1.5707963267948966,-0.5374999999999943,1.5707963267948968,0.0,0.2625,1.5707963267948966,2.553678027869768
yqaUDA6i5GY_00,218,8,0,826.2,487.5,883.8,547.5,855.0,517.5,0.0,0.0,2.0,0.0,0.0,-0.07499999999998863,1.5707963267948966,0.18999999999999773,0.23500000000000226,0.8908874719225495,2.0943951023931953
yqaUDA6i5GY_00,218,6,0,857.5,520.9,951.2,600.3,904.35,560.5999999999999,1.25,2.1499999999998636,2.0,1.24348301154453,1.0441690553611183,0.3408389425942234,-3.1049036635315534,0.40500000000000114,0.2799999999999955,0.6049024029354041,1.850878968011724
yqaUDA6i5GY_00,218,2,0,842.5,399.4,882.5,429.4,862.5,414.4,-3.75,-2.4500000000000455,2.0,2.239698640442516,-2.5628777086765857,-0.1596159000954258,0.3218884949434107,-6.280000000000001,-2.530000000000001,-2.7586178229063356,0.2524576625285467
yqaUDA6i5GY_00,220,27,0,1445.0,639.4,1680.0,778.1,1562.5,708.75,-2.5,0.6000000000000227,2.0,1.2854960132182467,2.906047672868921,0.18024800660911766,-1.8063413075157693,-16.55999999999999,-7.0,-2.7416672302123324,1.3875119325693717
yqaUDA6i5GY_00,220,26,0,1445.0,630.0,1680.0,777.5,1562.5,703.75,-2.5,0.0,2.0,1.25,3.141592653589793,-0.6726541334269227,-1.3374993752582587,-34.37857142857144,-18.39642857142857,-2.650250615023754,1.008297544548518
yqaUDA6i5GY_00,220,20,0,761.9,447.5,809.4,491.9,785.65,469.7,0.0,0.3499999999999659,2.0,0.17499999999998295,1.5707963267948966,-0.25368360159892034,0.4964227534048513,1.1875,1.3924999999999983,0.8646889410276025,1.5574700977538118
yqaUDA6i5GY_00,220,18,0,1108.8,491.9,1207.5,559.4,1158.15,525.65,-8.049999999999955,-3.1000000000000227,2.0,4.313134011365732,-2.7740026733120295,0.1113744719589751,-0.02767128513253869,-10.342499999999996,-4.685000000000002,-2.716258962244789,0.021233753334770802
yqaUDA6i5GY_00,220,16,0,242.5,838.1,291.2,914.4,266.85,876.25,0.0,0.6000000000000227,2.0,0.30000000000001137,1.5707963267948966,0.15000000000000568,1.5707963267948966,0.0375,-0.0625,-1.0303768265243125,1.5707963267948966
yqaUDA6i5GY_00,220,13,0,796.2,463.1,851.2,516.2,823.7,489.65000000000003,1.2000000000000455,5.684341886080802e-14,2.0,0.6000000000000227,4.7369515717338216e-14,0.21250000000000568,1.5707963267949439,0.09000000000000341,0.20000000000000284,1.147942400661947,2.062237177332348
yqaUDA6i5GY_00,220,8,0,826.2,488.8,882.5,548.1,854.35,518.45,-0.6499999999999773,0.9500000000000455,2.0,0.5755432216610793,2.1708465401966115,0.28777161083053965,2.1708465401966115,0.15749999999999886,0.2825000000000045,1.0621963220294481,2.294411840193767
yqaUDA6i5GY_00,220,6,0,860.0,519.1,955.0,600.9,907.5,560.0,3.1499999999999773,-0.599999999999909,2.0,1.6033168744823767,-0.18822150530474424,0.1799169314689234,-1.2323905606658625,0.5324999999999989,0.20249999999999774,0.3633931334952276,2.002586401161174
yqaUDA6i5GY_00,220,2,0,838.8,398.4,876.2,427.2,857.5,412.79999999999995,-5.0,-1.6000000000000227,2.0,2.624880949681341,-2.8318897090473327,0.19259115461941234,-0.2690120003707471,-6.032499999999999,-2.455000000000001,-2.7550987509100566,0.22059375557607777
yqaUDA6i5GY_00,222,27,0,1445.0,636.2,1680.0,777.5,1562.5,706.85,0.0,-1.8999999999999773,2.0,0.9499999999999886,-1.5707963267948966,-0.16774800660912903,1.8063413075157693,-14.75,-6.25,-2.740799205014558,1.7278263139421453
yqaUDA6i5GY_00,222,20,0,761.2,448.1,808.8,491.9,785.0,470.0,-0.6499999999999773,0.30000000000001137,2.0,0.35794552658190093,2.7091848780192276,0.09147276329095899,1.138388551224331,1.0925000000000011,1.375,0.8993901876828151,0.9030616260064092
yqaUDA6i5GY_00,222,18,0,1102.5,490.6,1201.2,555.0,1151.85,522.8,-6.300000000000182,-2.8500000000000227,2.0,3.45732917148492,-2.7167604906704588,-0.427902419940406,0.05724218264157077,-9.972500000000002,-4.452500000000003,-2.7216716376665655,0.029902143787056246
yqaUDA6i5GY_00,222,16,0,242.5,837.5,291.2,915.0,266.85,876.25,0.0,0.0,2.0,0.0,0.0,-0.15000000000000568,-1.5707963267948966,0.0375,-0.0625,-1.0303768265243125,1.4891367724192603
yqaUDA6i5GY_00,222,13,0,795.0,463.8,852.5,516.2,823.75,490.0,0.049999999999954525,0.3499999999999659,2.0,0.17677669529661677,1.4288992721908462,-0.21161165235170298,1.428899272190799,0.0625,0.28000000000000114,1.3511822016182975,1.5234973085935468
yqaUDA6i5GY_00,222,8,0,826.2,489.4,882.5,548.1,854.35,518.75,0.0,0.2999999999999545,2.0,0.14999999999997726,1.5707963267948966,-0.21277161083055102,-0.6000502134017148,0.15749999999999886,0.15500000000000114,0.777398334057569,1.4472310267977406
yqaUDA6i5GY_00,222,6,0,860.0,523.1,956.2,600.6,908.1,561.85,0.6000000000000227,1.8500000000000227,2.0,0.9724325169388506,1.2571756745781908,-0.31544217877176306,1.445397179882935,0.5300000000000011,0.21750000000000114,0.3894202415015092,1.9275638013601164
yqaUDA6i5GY_00,222,2,0,833.8,396.2,871.2,425.0,852.5,410.6,-5.0,-2.199999999999932,2.0,2.731300056749519,-2.7270857790050185,0.05320955353408907,0.10480393004231428,-6.0,-2.3774999999999977,-2.764323209496696,0.231901475118824
yqaUDA6i5GY_00,224,35,0,690.6,376.2,719.4,399.4,705.0,387.79999999999995,,,,0.0,0.0,0.0,0.0,,,0.0,0.0
yqaUDA6i5GY_00,224,27,0,1445.0,641.2,1680.0,776.2,1562.5,708.7,0.0,1.8500000000000227,2.0,0.9250000000000114,1.5707963267948966,-0.012499999999988631,3.141592653589793,-13.125,-5.439999999999998,-2.7486694255996293,2.251425089540444
yqaUDA6i5GY_00,224,20,0,765.0,448.1,807.5,491.9,786.25,470.0,1.25,0.0,2.0,0.625,0.0,0.13352723670904953,-2.7091848780192276,1.1550000000000011,1.375,0.8721365020734329,1.44799872754947
yqaUDA6i5GY_00,224,18,0,1096.2,486.9,1191.2,551.9,1143.7,519.4,-8.149999999999864,-3.3999999999999773,2.0,4.415385034173057,-2.7463659938478817,0.4790279313440684,-0.02960550317742294,-9.704999999999995,-4.1875,-2.7342473798832434,0.0381729903171775
yqaUDA6i5GY_00,224,16,0,242.5,838.8,291.9,913.8,267.2,876.3,0.3499999999999659,0.049999999999954525,2.0,0.17677669529661677,0.14189705460405025,0.08838834764830839,0.14189705460405028,0.062499999999997155,-0.060000000000002274,-0.764992832710952,1.0944965693979478
yqaUDA6i5GY_00,224,13,0,796.2,462.8,850.0,515.9,823.1,489.35,-0.6499999999999773,-0.6499999999999773,2.0,0.45961940777123983,-2.356194490192345,0.14142135623731153,2.498091544796395,0.030000000000001137,0.18500000000000227,1.4100335861690578,1.8325957145940464
yqaUDA6i5GY_00,224,8,0,825.0,488.4,888.8,547.8,856.9,518.0999999999999,2.5499999999999545,-0.650000000000091,2.0,1.315769736694066,-0.2495869254370224,0.5828848683470443,-1.820383252231919,0.21999999999999886,0.09249999999999545,0.3980143156288361,1.5304266686100816
yqaUDA6i5GY_00,224,6,0,860.0,526.2,960.0,603.8,910.0,565.0,1.8999999999999773,3.1499999999999773,2.0,1.8393273226916254,1.0280458284151879,0.4334474028763874,-0.22912984616300291,0.5,0.28000000000000114,0.5104883219167775,0.968972528903933
yqaUDA6i5GY_00,224,2,0,829.4,393.8,866.9,422.5,848.15,408.15,-4.350000000000023,-2.4500000000000455,2.0,2.4962471832733444,-2.6286576395961307,-0.11752643673808727,0.09842813940888775,-5.75,-2.325,-2.757343778980298,0.1574146899406497
yqaUDA6i5GY_00,226,35,0,690.6,374.4,719.4,399.4,705.0,386.9,0.0,-0.8999999999999773,2.0,0.44999999999998863,-1.5707963267948966,0.0,0.0,0.0,-0.8999999999999773,-1.5707963267948966,0.0
yqaUDA6i5GY_00,226,27,0,1445.0,641.2,1680.0,777.5,1562.5,709.35,0.0,0.6499999999999773,2.0,0.32499999999998863,1.5707963267948966,-0.30000000000001137,0.0,-11.875,-4.814999999999998,-2.7563765076642284,1.6493113203685208
yqaUDA6i5GY_00,226,20,0,765.0,448.1,807.5,491.9,786.25,470.0,0.0,0.0,2.0,0.0,0.0,-0.3125,0.0,1.125,1.2975000000000023,0.8564856061840895,1.2825244764145196
yqaUDA6i5GY_00,226,18,0,1091.2,483.8,1183.8,548.8,1137.5,516.3,-6.2000000000000455,-3.1000000000000227,2.0,3.4659053651246996,-2.677945044588987,-0.47473983452417867,0.06842094925889476,-9.4375,-4.167500000000007,-2.725754954324003,0.05175621169262953
yqaUDA6i5GY_00,226,16,0,242.3,838.8,291.7,913.8,267.0,876.3,-0.19999999999998863,0.0,2.0,0.09999999999999432,3.141592653589793,-0.03838834764831123,2.999695598985743,0.06750000000000114,-0.060000000000002274,-0.726642340681736,1.5707963267948966
yqaUDA6i5GY_00,226,13,0,796.2,463.1,848.8,515.6,822.5,489.35,-0.6000000000000227,0.0,2.0,0.30000000000001137,3.141592653589793,-0.07980970388561423,-0.7853981633974484,-0.030000000000001137,0.18500000000000227,1.7315590674207353,1.5707963267948812
yqaUDA6i5GY_00,226,8,0,825.0,488.8,888.8,548.1,856.9,518.45,0.0,0.3500000000001364,2.0,0.1750000000000682,1.5707963267948966,-0.5703848683469989,1.820383252231919,-1.2800000000000011,-0.6875,-2.6487001130934584,1.4136055726218508
yqaUDA6i5GY_00,226,6,0,860.0,526.9,961.2,604.4,910.6,565.65,0.6000000000000227,0.6499999999999773,2.0,0.4422951503238527,0.825376850520702,-0.6985160861838864,-0.2026689778944859,0.5,0.31249999999999434,0.5585993153435543,0.6257320013134742
yqaUDA6i5GY_00,226,2,0,823.8,393.8,861.2,420.6,842.5,407.20000000000005,-5.649999999999977,-0.9499999999999318,2.0,2.8646553021262267,-2.975009256930041,0.18420405942644114,-0.3463516173339101,-5.6875,-2.2349999999999968,-2.7671638435226065,0.18319456226170405
yqaUDA6i5GY_00,228,35,0,691.2,375.0,721.2,401.9,706.2,388.45,1.2000000000000455,1.5500000000000114,2.0,0.9801147891956514,0.9119902906774056,0.2650573945978314,2.482786617472302,0.6000000000000227,0.32500000000001705,0.49642275340488795,0.827595539157434
yqaUDA6i5GY_00,228,27,0,1445.0,640.0,1680.0,777.5,1562.5,708.75,0.0,-0.6000000000000227,2.0,0.30000000000001137,-1.5707963267948966,-0.012499999999988631,-3.141592653589793,-10.625,-4.344999999999999,-2.7534022086753143,2.0943951023931953
yqaUDA6i5GY_00,228,26,0,1445.0,629.4,1680.0,776.9,1562.5,703.15,0.0,-0.6000000000000227,8.0,0.07500000000000284,-1.5707963267948966,-0.14687499999999964,1.5707963267948968,-32.08666666666668,-17.209999999999997,-2.6492819977008892,1.4280792224441896
yqaUDA6i5GY_00,228,20,0,765.0,448.1,807.5,491.9,786.25,470.0,0.0,0.0,2.0,0.0,0.0,0.0,0.0,0.9975000000000023,1.2649999999999977,0.9030838679618329,0.9030616260064092
yqaUDA6i5GY_00,228,18,0,1085.0,482.5,1177.5,543.8,1131.25,513.15,-6.25,-3.1499999999999773,2.0,3.4994642447094617,-2.674750167280415,0.016779439792381057,0.0031948773085721527,-9.125,-4.122500000000002,-2.7172587818154135,0.03374044324829665
yqaUDA6i5GY_00,228,16,0,242.2,838.8,291.9,913.8,267.04999999999995,876.3,0.049999999999954525,0.0,2.0,0.024999999999977263,0.0,-0.037500000000008527,-3.141592653589793,0.0724999999999966,-0.060000000000002274,-0.6913369287695037,2.0943951023931953
yqaUDA6i5GY_00,228,13,0,796.2,462.8,848.8,515.9,822.5,489.35,0.0,0.0,2.0,0.0,0.0,-0.15000000000000568,-3.141592653589793,-0.125,0.18500000000000227,2.1650100305953246,2.1416941205945457
yqaUDA6i5GY_00,228,8,0,825.0,488.8,887.5,547.5,856.25,518.15,-0.6499999999999773,-0.3000000000000682,2.0,0.3579455265819128,-2.7091848780191556,0.0914727632909223,2.003204102365534,0.0625,0.06499999999999773,0.8050034942546355,1.8813235356097906
yqaUDA6i5GY_00,228,6,0,861.2,526.6,963.8,604.1,912.5,565.35,1.8999999999999773,-0.2999999999999545,2.0,0.9617692030835525,-0.15660187698199385,0.2597370263798499,-0.9819787275026958,0.625,0.33249999999999885,0.4889186893193572,0.47125918385339444
yqaUDA6i5GY_00,228,2,0,821.2,392.8,857.5,419.1,839.35,405.95000000000005,-3.1499999999999773,-1.25,2.0,1.6944763202830437,-2.7638259956499693,-0.5850894909215915,0.2111832612800715,-5.5,-2.157499999999999,-2.767765416507321,0.21865433934095646
yqaUDA6i5GY_00,230,35,0,695.0,376.9,720.0,403.1,707.5,390.0,1.2999999999999545,1.5500000000000114,2.0,1.0114964162071853,0.8728935041998603,0.015690813505766954,-0.03909678647754522,0.8333333333333334,0.7333333333333485,0.7216548508647714,0.8406278013166157
yqaUDA6i5GY_00,230,27,0,1445.0,650.6,1680.0,776.9,1562.5,713.75,0.0,5.0,2.0,2.5,1.5707963267948966,1.0999999999999943,3.141592653589793,-9.375,-3.719999999999999,-2.763847937504055,2.0943951023931953
yqaUDA6i5GY_00,230,20,0,768.8,452.8,808.8,491.6,788.8,472.20000000000005,2.5499999999999545,2.2000000000000455,2.0,1.6839314119048887,0.7118468729089276,0.8419657059524444,0.7118468729089276,1.0,1.2975000000000023,0.9141702085915161,0.2372822909696425
yqaUDA6i5GY_00,230,18,0,1078.8,478.8,1168.8,540.0,1123.8,509.4,-7.4500000000000455,-3.75,2.0,4.170281765060985,-2.6752640858647205,0.3354087601757618,-0.0005139185843057169,-8.95,-4.015000000000003,-2.719900787965221,0.024043248383924243
yqaUDA6i5GY_00,230,13,0,796.2,463.1,848.8,515.6,822.5,489.35,0.0,0.0,2.0,0.0,0.0,0.0,0.0,0.0,0.1700000000000017,1.5707963267948966,1.3089969389957472
yqaUDA6i5GY_00,230,8,0,823.8,489.1,888.8,547.2,856.3,518.1500000000001,0.049999999999954525,1.1368683772161603e-13,2.0,0.024999999999977263,2.2737367544343885e-12,-0.16647276329096777,2.7091848780214294,0.03249999999999886,-0.014999999999997727,-0.4324077755704935,2.177590744206294
yqaUDA6i5GY_00,230,6,0,866.9,526.9,969.4,605.6,918.15,566.25,5.649999999999977,0.8999999999999773,2.0,2.8606161923613462,0.15796489294847604,0.9494234946388969,0.31456676993046995,0.9074999999999989,0.3774999999999977,0.394204150485229,0.49973815844255015
yqaUDA6i5GY_00,230,2,0,817.5,390.9,852.5,416.6,835.0,403.75,-4.350000000000023,-2.2000000000000455,2.0,2.437339738321291,-2.6733579207995835,0.3714317090191236,0.09046807485038591,-5.344999999999999,-2.155000000000001,-2.7583474400841563,0.21600098448812247
yqaUDA6i5GY_00,232,35,0,695.0,376.9,720.0,403.1,707.5,390.0,0.0,0.0,2.0,0.0,0.0,-0.5057482081035927,-0.8728935041998603,0.625,0.5500000000000114,0.7216548508647715,1.1315923027165693
yqaUDA6i5GY_00,232,27,0,1445.0,650.6,1680.0,776.9,1562.5,713.75,0.0,0.0,2.0,0.0,0.0,-1.25,-1.5707963267948966,-8.189999999999998,-3.3125,-2.7572502469487015,2.6179938779914944
yqaUDA6i5GY_00,232,20,0,768.8,453.1,808.8,491.9,788.8,472.5,0.0,0.2999999999999545,2.0,0.14999999999997726,1.5707963267948966,-0.7669657059524557,0.858949453885969,0.9699999999999989,1.2025000000000006,0.8920119393343364,0.5235987755982988
yqaUDA6i5GY_00,232,18,0,1072.5,477.2,1161.2,536.6,1116.85,506.9,-6.9500000000000455,-2.5,2.0,3.692983211443041,-2.796291850072634,-0.23864927680897208,-0.12102776420791364,-8.470000000000004,-3.842500000000001,-2.7156992603911103,0.041578853366930534
yqaUDA6i5GY_00,232,13,0,796.2,463.1,848.8,515.6,822.5,489.35,0.0,0.0,2.0,0.0,0.0,0.0,0.0,0.0,0.1700000000000017,1.5707963267948966,1.0471975511965979
yqaUDA6i5GY_00,232,8,0,823.8,489.4,888.8,546.9,856.3,518.15,0.0,-1.1368683772161603e-13,2.0,5.684341886080802e-14,-1.5707963267948966,-0.01249999999996021,-1.5707963267971703,0.0024999999999977263,0.08000000000000114,1.539556493364657,2.0943951023947114
yqaUDA6i5GY_00,232,6,0,870.6,527.8,973.1,607.8,921.85,567.8,3.7000000000000455,1.5499999999999545,2.0,2.0057729183534336,0.39670866289119905,-0.4274216370039563,0.23874376994272303,1.0925000000000011,0.4199999999999989,0.3670204831063393,0.5117630891252958
yqaUDA6i5GY_00,232,2,0,816.2,390.0,848.8,415.0,832.5,402.5,-2.5,-1.25,2.0,1.3975424859373686,-2.677945044588987,-0.5198986261919611,-0.004587123789403512,-5.060000000000002,-2.0625,-2.7545443137303227,0.10207948663995364
yqaUDA6i5GY_00,234,35,0,696.2,376.9,721.2,403.8,708.7,390.35,1.2000000000000455,0.35000000000002274,2.0,0.625000000000025,0.28379410920833514,0.3125000000000125,0.2837941092083352,0.7400000000000091,0.5100000000000137,0.6034334774382691,0.39859479996191355
yqaUDA6i5GY_00,234,27,0,1443.8,650.0,1678.8,777.5,1561.3,713.75,-1.2000000000000455,0.0,2.0,0.6000000000000227,3.141592653589793,0.30000000000001137,3.141592653589793,-7.310000000000002,-3.1875,-2.730402840009929,2.6179938779914944
yqaUDA6i5GY_00,234,20,0,768.8,453.4,808.8,491.6,788.8,472.5,0.0,0.0,2.0,0.0,0.0,-0.07499999999998863,-1.5707963267948966,0.9399999999999977,1.0149999999999977,0.8237425312403842,1.0471975511965976
yqaUDA6i5GY_00,234,18,0,1067.5,475.0,1155.0,533.8,1111.25,504.4,-5.599999999999909,-2.5,2.0,3.066349621292351,-2.7217126963842353,-0.31331679507534504,0.07457915368839886,-8.345000000000004,-3.780000000000001,-2.716275065310175,0.06537361216020611
yqaUDA6i5GY_00,234,13,0,796.2,462.8,850.0,515.3,823.1,489.04999999999995,0.6000000000000227,-0.3000000000000682,2.0,0.3354101966249939,-0.4636476090008819,0.16770509831249694,-0.463647609000882,0.030000000000001137,0.13999999999999774,1.359702993572139,0.15454920300029415
yqaUDA6i5GY_00,234,8,0,823.8,489.4,888.8,546.9,856.3,518.15,0.0,0.0,2.0,0.0,0.0,-2.842170943040401e-14,1.5707963267948966,0.03249999999999886,0.06499999999999773,1.1071487177940904,1.9502591772044984
yqaUDA6i5GY_00,234,6,0,873.1,530.6,976.9,610.6,925.0,570.6,3.1499999999999773,2.800000000000068,2.0,2.107279051288666,0.7266423406817413,0.050753066467616126,0.3299336777905423,1.3100000000000023,0.6074999999999988,0.43422155834574283,0.29441473922124467
yqaUDA6i5GY_00,234,4,0,240.9,840.6,291.6,915.6,266.25,878.1,0.0,1.2000000000000455,48.0,0.02500000000000095,1.5707963267948966,0.0005208333333333531,1.5707963267948966,0.0375,0.15500000000000114,1.3334220798217276,1.0471975511965976
yqaUDA6i5GY_00,234,2,0,811.2,388.1,843.8,414.4,827.5,401.25,-5.0,-1.25,2.0,2.576941016011038,-2.896613990462929,0.5896992650368347,-0.21866894587394192,-5.032499999999999,-2.030000000000001,-2.7581775670828472,0.10457471483791043
yqaUDA6i5GY_00,236,35,0,695.0,376.9,722.5,407.5,708.75,392.2,0.049999999999954525,1.849999999999966,2.0,0.9253377761660697,1.5437758776076558,0.15016888808302237,1.2599817683993206,0.625,0.733333333333339,0.8649843061493918,0.8055564606025053
yqaUDA6i5GY_00,236,27,0,1445.0,636.6,1680.0,776.2,1562.5,706.4000000000001,1.2000000000000455,-7.349999999999909,2.0,3.7236574761918817,-1.4089588955564656,1.5618287380959295,1.7326337580333278,-6.375,-3.3049999999999953,-2.66330890510212,2.1483409128060056
yqaUDA6i5GY_00,236,20,0,768.8,454.1,808.8,491.6,788.8,472.85,0.0,0.35000000000002274,2.0,0.17500000000001137,1.5707963267948966,0.08750000000000568,1.5707963267948966,0.9399999999999977,1.1425000000000012,0.8823323083779436,1.333514035825254
yqaUDA6i5GY_00,236,18,0,1063.1,471.2,1148.1,531.2,1105.6,501.20000000000005,-5.650000000000091,-3.199999999999932,2.0,3.2466328711451418,-2.626266960106573,0.09014162492639533,0.09544573627766219,-8.160000000000002,-3.6899999999999977,-2.7169058289442622,0.09701755139132494
yqaUDA6i5GY_00,236,13,0,795.6,462.5,848.1,515.0,821.85,488.75,-1.25,-0.2999999999999545,2.0,0.6427480066091168,-2.906047672868964,0.15366890499206146,-2.442400063868082,-0.15749999999999886,-0.0625,-2.7638259956499693,0.9686825576229882
yqaUDA6i5GY_00,236,8,0,823.8,488.8,888.8,546.9,856.3,517.85,0.0,-0.2999999999999545,2.0,0.14999999999997726,-1.5707963267948966,0.07499999999998863,-1.5707963267948966,0.03249999999999886,-0.030000000000001137,-0.7454194762741946,1.5707963267956544
yqaUDA6i5GY_00,236,6,0,875.0,531.2,980.0,612.5,927.5,571.85,2.5,1.25,2.0,1.3975424859373686,0.46364760900080615,-0.3548682826756486,-0.2629947316809351,1.375,0.6550000000000011,0.4445603531605717,0.277224059804733
yqaUDA6i5GY_00,236,4,0,240.9,840.6,291.6,915.6,266.25,878.1,0.0,0.0,2.0,0.0,0.0,-0.012500000000000474,-1.5707963267948966,0.047500000000002277,0.15500000000000114,1.2734311815709616,1.0471975511965976
yqaUDA6i5GY_00,236,2,0,806.2,384.4,841.2,411.9,823.7,398.15,-3.7999999999999545,-3.1000000000000227,2.0,2.4520399670478352,-2.457297861928634,-0.06245052448160138,0.43931612853429514,-4.939999999999998,-1.9824999999999988,-2.7599524901151726,0.22085739939921353
yqaUDA6i5GY_00,238,35,0,696.2,377.5,723.8,407.5,710.0,392.5,1.25,0.30000000000001137,2.0,0.6427480066091233,0.23554498072087196,-0.14129488477847318,-1.3082308968867837,0.7142857142857143,0.6714285714285779,0.7544801838344105,0.9506689248314798
yqaUDA6i5GY_00,238,27,0,1445.0,642.5,1680.0,777.5,1562.5,710.0,0.0,3.599999999999909,2.0,1.7999999999999545,1.5707963267948966,-0.9618287380959636,2.979755222351362,-5.5,-2.6899999999999977,-2.6867103423805463,2.6179938779914944
yqaUDA6i5GY_00,238,20,0,768.8,454.4,808.8,491.9,788.8,473.15,0.0,0.2999999999999545,2.0,0.14999999999997726,1.5707963267948966,-0.012500000000017053,0.0,0.3149999999999977,0.3774999999999977,0.8754070090235097,1.0471975511965976
yqaUDA6i5GY_00,238,18,0,1056.2,471.6,1141.2,527.8,1098.7,499.7,-6.899999999999864,-1.5000000000000568,2.0,3.5305806887818854,-2.9275319700259597,0.1419739088183718,-0.30126500991938654,-7.939999999999998,-3.4525000000000006,-2.731430773915478,0.15709663329514922
yqaUDA6i5GY_00,238,13,0,796.2,463.1,853.8,515.6,825.0,489.35,3.1499999999999773,0.6000000000000227,2.0,1.6033168744823874,0.18822150530477905,0.4802844339366353,3.094269178173743,0.03249999999999886,-0.03249999999999886,-0.7853981633974483,2.000105617014236
yqaUDA6i5GY_00,238,8,0,823.8,488.8,888.8,546.9,856.3,517.85,0.0,0.0,2.0,0.0,0.0,-0.07499999999998863,1.5707963267948966,0.0024999999999977263,-0.04499999999999886,-1.5152978215492288,1.5707963267948966
yqaUDA6i5GY_00,238,6,0,876.2,531.2,986.2,612.5,931.2,571.85,3.7000000000000455,0.0,2.0,1.8500000000000227,0.0,0.22622875703132705,-0.4636476090008062,1.5600000000000023,0.6574999999999989,0.39888061184021534,0.35219200615742746
yqaUDA6i5GY_00,238,4,0,240.9,840.6,291.6,915.6,266.25,878.1,0.0,0.0,2.0,0.0,0.0,0.0,0.0,0.047500000000002277,0.15500000000000114,1.2734311815709616,1.0471975511965976
yqaUDA6i5GY_00,238,2,0,803.1,384.7,836.9,410.9,820.0,397.79999999999995,-3.7000000000000455,-0.35000000000002274,2.0,1.858258593414837,-3.0472787022626076,-0.2968906868164991,-0.5899808403339737,-4.75,-1.9225000000000023,-2.7570094735516357,0.41598863824740356
yqaUDA6i5GY_00,240,35,0,698.8,382.5,726.2,408.8,712.5,395.65,2.5,3.1499999999999773,2.0,2.0107523467597805,0.8999388601941261,0.6840021700753286,0.664393879473254,0.9375,0.9812500000000028,0.8081955160998511,1.077535514919786
yqaUDA6i5GY_00,240,27,0,1443.8,641.2,1681.2,776.2,1562.5,708.7,0.0,-1.2999999999999545,2.0,0.6499999999999773,-1.5707963267948966,-0.5749999999999886,-3.141592653589793,-4.8125,-2.2524999999999977,-2.703828549237432,2.6179938779914944
yqaUDA6i5GY_00,240,26,0,1442.5,630.6,1682.5,775.6,1562.5,703.1,0.0,-0.049999999999954525,12.0,0.004166666666662877,-1.5707963267948966,-0.00590277777777833,0.0,-30.08125000000001,-16.137499999999996,-2.649201324969936,0.9694319006843851
yqaUDA6i5GY_00,240,20,0,768.8,454.1,808.8,491.6,788.8,472.85,0.0,-0.2999999999999545,2.0,0.14999999999997726,-1.5707963267948966,0.0,-3.141592653589793,0.18999999999999773,0.3625,1.0880253662280108,1.5707963267948966
yqaUDA6i5GY_00,240,18,0,1051.2,467.5,1136.2,525.0,1093.7,496.25,-5.0,-3.4499999999999886,2.0,3.0373713964545033,-2.537609675336797,-0.24660464616369104,0.3899222946891628,-7.627499999999998,-3.405000000000001,-2.7217273372439514,0.2622110136287372
yqaUDA6i5GY_00,240,13,0,795.6,463.1,854.4,515.6,825.0,489.35,0.0,0.0,2.0,0.0,0.0,-0.8016584372411937,-0.18822150530477905,0.0,-0.03249999999999886,-1.5707963267948966,1.9082969157822018
yqaUDA6i5GY_00,240,8,0,823.8,489.1,888.8,546.6,856.3,517.85,0.0,0.0,2.0,0.0,0.0,0.0,0.0,0.0024999999999977263,-0.04499999999999886,-1.5152978215492288,1.0471975511965976
yqaUDA6i5GY_00,240,6,0,882.5,534.1,995.0,616.6,938.75,575.35,7.5499999999999545,3.5,2.0,4.160904348816472,0.43408633043552997,1.1554521744082247,0.43408633043553,1.9375,0.8474999999999966,0.412342750539478,0.38690955703908997
yqaUDA6i5GY_00,240,4,0,240.9,841.2,291.6,916.2,266.25,878.7,0.0,0.6000000000000227,2.0,0.30000000000001137,1.5707963267948966,0.15000000000000568,1.5707963267948966,0.04000000000000057,0.18500000000000227,1.357857977215499,1.0471975511965976
yqaUDA6i5GY_00,240,2,0,801.2,383.8,833.8,410.0,817.5,396.9,-2.5,-0.8999999999999773,2.0,1.3285330255586383,-2.796037073008089,-0.26486278392809937,0.25124162925451854,-5.094999999999999,-2.092500000000001,-2.751899077111185,0.42684619937426244
yqaUDA6i5GY_00,242,35,0,698.8,381.9,728.8,411.9,713.8,396.9,1.2999999999999545,1.25,2.0,0.9017344398435553,0.7657928325402611,-0.5545089534581127,-0.13414602765386502,0.9777777777777727,1.0111111111111137,0.8021563709796895,0.7022569346713009
yqaUDA6i5GY_00,242,27,0,1442.5,633.1,1682.5,775.6,1562.5,704.35,0.0,-4.350000000000023,2.0,2.1750000000000114,-1.5707963267948966,0.762500000000017,0.0,-4.25,-2.219999999999999,-2.660223019544898,2.040449291980385
yqaUDA6i5GY_00,242,26,0,1442.5,638.8,1682.5,776.2,1562.5,707.5,0.0,4.399999999999977,2.0,2.1999999999999886,1.5707963267948966,1.0979166666666629,3.141592653589793,-28.311764705882364,-14.929411764705879,-2.6563272355221317,1.5707963267948966
yqaUDA6i5GY_00,242,20,0,768.8,454.4,808.8,491.9,788.8,473.15,0.0,0.2999999999999545,2.0,0.14999999999997726,1.5707963267948966,0.0,3.141592653589793,0.4399999999999977,0.3474999999999994,0.6684736148130301,2.0943951023931953
yqaUDA6i5GY_00,242,18,0,1046.2,465.9,1128.8,523.4,1087.5,494.65,-6.2000000000000455,-1.6000000000000227,2.0,3.201562118716449,-2.889038377811732,0.08209536113097293,-0.351428702474935,-7.5,-3.267500000000001,-2.7307220452431733,0.34753866902782815
yqaUDA6i5GY_00,242,13,0,796.2,463.1,853.8,515.6,825.0,489.35,0.0,0.0,2.0,0.0,0.0,0.0,0.0,0.06499999999999773,-0.03249999999999886,-0.46364760900080615,1.0941635611595075
yqaUDA6i5GY_00,242,8,0,823.8,489.1,888.8,546.6,856.3,517.85,0.0,0.0,2.0,0.0,0.0,0.0,0.0,0.0024999999999977263,-0.05999999999999659,-1.5291537476963435,0.5235987755982987
yqaUDA6i5GY_00,242,6,0,888.8,535.0,1003.8,620.6,946.3,577.8,7.5499999999999545,2.449999999999932,2.0,3.9687844486693584,0.3137825955351143,-0.09605995007355683,-0.12030373490041571,2.3149999999999977,0.9524999999999977,0.3903354374248279,0.3393458914455835
yqaUDA6i5GY_00,242,4,0,240.9,841.2,291.6,916.2,266.25,878.7,0.0,0.0,2.0,0.0,0.0,-0.15000000000000568,-1.5707963267948966,0.04000000000000057,0.18500000000000227,1.357857977215499,1.0471975511965976
yqaUDA6i5GY_00,242,2,0,797.5,382.8,830.0,407.8,813.75,395.3,-3.75,-1.599999999999966,2.0,2.0385350131896125,-2.7383111718709645,0.3550009938154871,0.0577259011371245,-4.5,-1.7974999999999994,-2.761565295409941,0.2996494569085389
yqaUDA6i5GY_00,244,35,0,698.8,382.2,728.8,412.2,713.8,397.2,0.0,0.30000000000001137,2.0,0.15000000000000568,1.5707963267948966,-0.3758672199217748,0.8050034942546352,0.8799999999999955,0.9400000000000034,0.8183532610117507,0.5345144671272514
yqaUDA6i5GY_00,244,30,0,570.0,629.7,860.0,715.0,715.0,672.35,,,,0.0,0.0,0.0,0.0,,,0.0,0.0
yqaUDA6i5GY_00,244,27,0,1443.8,638.8,1681.2,776.2,1562.5,707.5,0.0,3.1499999999999773,2.0,1.5749999999999886,1.5707963267948966,-0.30000000000001137,3.141592653589793,-3.625,-1.6574999999999989,-2.7127331371775636,2.0943951023931953
yqaUDA6i5GY_00,244,26,0,1442.5,634.4,1682.5,775.6,1562.5,705.0,0.0,-2.5,2.0,1.25,-1.5707963267948966,-0.4749999999999943,-3.141592653589793,-26.738888888888898,-14.238888888888887,-2.6522717958204414,2.0943951023931953
yqaUDA6i5GY_00,244,20,0,768.8,454.1,808.8,491.6,788.8,472.85,0.0,-0.2999999999999545,2.0,0.14999999999997726,-1.5707963267948966,0.0,-3.141592653589793,0.40749999999999886,0.29750000000000226,0.63061777802574,3.141592653589793
yqaUDA6i5GY_00,244,18,0,1041.2,463.8,1121.2,520.0,1081.2,491.9,-6.2999999999999545,-2.75,2.0,3.4370226941351225,-2.7300151980554697,0.11773028770933669,0.15902317975626226,-7.314999999999998,-3.155000000000001,-2.734393305882138,0.30012472564012005
yqaUDA6i5GY_00,244,13,0,795.6,462.8,849.4,515.3,822.5,489.04999999999995,-2.5,-0.3000000000000682,2.0,1.2589678312014212,-3.022163727571428,0.6294839156007106,-3.022163727571428,-0.0625,-0.047500000000002277,-2.4917222041778224,1.0701284109587357
yqaUDA6i5GY_00,244,8,0,823.8,488.1,888.8,546.9,856.3,517.5,0.0,-0.35000000000002274,2.0,0.17500000000001137,-1.5707963267948966,0.08750000000000568,-1.5707963267948966,0.03499999999999659,0.032500000000004546,0.7483780475236367,0.5235987755982987
yqaUDA6i5GY_00,244,6,0,895.0,535.9,1007.5,622.8,951.25,579.3499999999999,4.9500000000000455,1.5499999999999545,2.0,2.5935014941194994,0.303459911439811,-0.6876414772749295,-0.01032268409530329,2.5625,1.0924999999999954,0.4030063301172421,0.18823758314374925
yqaUDA6i5GY_00,244,4,0,240.9,841.2,291.6,916.2,266.25,878.7,0.0,0.0,2.0,0.0,0.0,0.0,0.0,0.047500000000002277,0.18500000000000227,1.3194685426340476,1.0471975511965976
yqaUDA6i5GY_00,244,2,0,796.2,380.0,826.2,407.5,811.2,393.75,-2.5499999999999545,-1.5500000000000114,2.0,1.4920623311376608,-2.5954260901559945,-0.2732363410259758,0.1428850817149701,-4.375,-1.8125,-2.748831987952472,0.15061753736887104
yqaUDA6i5GY_00,246,35,0,701.2,385.0,731.2,413.8,716.2,399.4,2.400000000000091,2.1999999999999886,2.0,1.6278820596100003,0.741947268005896,0.7389410298049973,-0.8288490587890004,1.0181818181818223,1.0545454545454567,0.8029402234548497,0.5893328602325002
yqaUDA6i5GY_00,246,27,0,1442.5,629.7,1682.5,775.0,1562.5,702.35,0.0,-5.149999999999977,2.0,2.5749999999999886,-1.5707963267948966,0.5,-3.141592653589793,-3.25,-1.6625,-2.668756941745829,2.0943951023931953
yqaUDA6i5GY_00,246,26,0,1443.8,639.1,1681.2,776.2,1562.5,707.6500000000001,0.0,2.650000000000091,2.0,1.3250000000000455,1.5707963267948966,0.03750000000002274,3.141592653589793,-25.33157894736843,-13.349999999999993,-2.6565711160729477,3.141592653589793
yqaUDA6i5GY_00,246,20,0,768.8,454.4,808.8,491.9,788.8,473.15,0.0,0.2999999999999545,2.0,0.14999999999997726,1.5707963267948966,0.0,3.141592653589793,0.3474999999999966,0.28249999999999886,0.6825873374297358,3.141592653589793
yqaUDA6i5GY_00,246,18,0,1036.2,462.8,1116.2,517.2,1076.2,490.0,-5.0,-1.8999999999999773,2.0,2.6744158240632623,-2.7784456436436207,-0.3813034350359301,-0.04843044558815101,-7.002499999999998,-3.030000000000001,-2.7332159612213154,0.18629410927311615
yqaUDA6i5GY_00,246,13,0,796.2,463.1,853.8,515.6,825.0,489.35,2.5,0.3000000000000682,2.0,1.2589678312014212,0.11942892601836534,0.0,3.141592653589793,0.0625,-0.03249999999999886,-0.47951929199258186,2.0545854603870737
yqaUDA6i5GY_00,246,8,0,823.8,488.8,888.8,546.9,856.3,517.85,0.0,0.35000000000002274,2.0,0.17500000000001137,1.5707963267948966,0.0,3.141592653589793,0.06499999999999773,0.017500000000001136,0.2629947316809446,1.5707963267948966
yqaUDA6i5GY_00,246,6,0,900.0,545.0,1013.8,625.0,956.9,585.0,5.649999999999977,5.650000000000091,2.0,3.9951533137040176,0.7853981633974583,0.7008259097922591,0.4819382519576474,2.8125,1.3149999999999977,0.4373568381390671,0.20418822365112166
yqaUDA6i5GY_00,246,4,0,240.8,840.6,291.7,915.6,266.25,878.1,0.0,-0.6000000000000227,2.0,0.30000000000001137,-1.5707963267948966,0.15000000000000568,-1.5707963267948966,0.04000000000000057,0.15500000000000114,1.3182420510168353,1.0471975511965976
yqaUDA6i5GY_00,248,35,0,701.2,384.7,733.8,415.3,717.5,400.0,1.2999999999999545,0.6000000000000227,2.0,0.7158910531638019,0.43240777557056553,-0.45599550322309923,-0.3095394924353305,1.0416666666666667,1.0166666666666704,0.773253011600538,0.6477973484929888
yqaUDA6i5GY_00,248,27,0,1442.5,631.6,1682.5,776.2,1562.5,703.9000000000001,0.0,1.5500000000000682,2.0,0.7750000000000341,1.5707963267948966,-0.8999999999999773,3.141592653589793,-2.625,-1.4899999999999978,-2.6253230467167255,3.141592653589793
yqaUDA6i5GY_00,248,26,0,1443.8,638.8,1681.2,776.2,1562.5,707.5,0.0,-0.15000000000009095,2.0,0.07500000000004547,-1.5707963267948966,-0.625,-3.141592653589793,-24.06500000000001,-12.689999999999998,-2.6563272355221317,3.141592653589793
yqaUDA6i5GY_00,248,20,0,768.8,454.1,808.8,491.6,788.8,472.85,0.0,-0.2999999999999545,2.0,0.14999999999997726,-1.5707963267948966,0.0,-3.141592653589793,0.3774999999999977,0.3,0.6715020871522352,3.141592653589793
yqaUDA6i5GY_00,248,18,0,1031.2,461.2,1108.8,515.0,1070.0,488.1,-6.2000000000000455,-1.8999999999999773,2.0,3.242298567374714,-2.844227508365875,0.28394137165572575,-0.06578186472225411,-6.875,-3.014999999999998,-2.7283050526887487,0.09107849668888916
yqaUDA6i5GY_00,248,13,0,796.2,462.8,853.8,515.9,825.0,489.35,0.0,0.0,2.0,0.0,0.0,-0.6294839156007106,-0.11942892601836537,0.09499999999999886,-0.03249999999999886,-0.3296244074207357,2.0943951023931957
yqaUDA6i5GY_00,248,8,0,823.8,488.8,887.5,546.9,855.65,517.85,-0.6499999999999773,0.0,2.0,0.32499999999998863,3.141592653589793,0.07499999999998863,1.5707963267948966,-0.02750000000000341,0.017500000000001136,2.5748634360663134,2.0943951023931953
yqaUDA6i5GY_00,248,6,0,906.2,545.0,1023.8,630.0,965.0,587.5,8.100000000000023,2.5,2.0,4.238513890504559,0.2993662340573512,0.12168028840027079,-0.4860319293401072,3.1875,1.4399999999999977,0.42432048745929796,0.3260976217976855
yqaUDA6i5GY_00,248,4,0,240.6,841.2,291.9,916.2,266.25,878.7,0.0,0.6000000000000227,2.0,0.30000000000001137,1.5707963267948966,0.0,3.141592653589793,0.04749999999999943,0.18500000000000227,1.319468542634062,1.5707963267948966
yqaUDA6i5GY_00,250,35,0,702.5,385.0,736.2,416.2,719.35,400.6,1.8500000000000227,0.6000000000000227,2.0,0.9724325169388506,0.31362065221670576,0.12827073188752436,-0.11878712335385981,1.1038461538461557,0.9846153846153899,0.7283698276266858,0.41905855819273025
yqaUDA6i5GY_00,250,27,0,1442.5,633.4,1682.5,776.2,1562.5,704.8,0.0,0.8999999999998636,2.0,0.4499999999999318,1.5707963267948966,-0.16250000000005116,0.0,-4.125,-0.7275000000000034,-2.9670241782612967,2.0943951023931953
yqaUDA6i5GY_00,250,26,0,1443.8,638.8,1681.2,776.2,1562.5,707.5,0.0,0.0,2.0,0.0,0.0,-0.03750000000002274,1.5707963267948966,-22.625,-11.5,-2.671337211248874,2.6179938779914944
yqaUDA6i5GY_00,250,20,0,768.8,454.7,808.8,491.6,788.8,473.15,0.0,0.2999999999999545,2.0,0.14999999999997726,1.5707963267948966,0.0,3.141592653589793,0.3474999999999966,0.28249999999999886,0.6825873374297358,3.141592653589793
yqaUDA6i5GY_00,250,18,0,1027.5,459.4,1102.5,511.9,1065.0,485.65,-5.0,-2.4500000000000455,2.0,2.783994432465707,-2.6859770003785615,-0.22915206745450334,0.15825050798731335,-6.689999999999998,-2.8900000000000032,-2.7338179924083463,0.09082093943257286
yqaUDA6i5GY_00,250,13,0,795.0,463.1,852.5,515.6,823.75,489.35,-1.25,0.0,2.0,0.625,3.141592653589793,0.3125,3.141592653589793,0.0625,-0.017499999999998295,-0.2730087030866853,2.1342047443993173
yqaUDA6i5GY_00,250,8,0,823.8,488.8,888.8,546.9,856.3,517.85,0.6499999999999773,0.0,2.0,0.32499999999998863,0.0,0.0,-3.141592653589793,0.09749999999999659,0.017500000000001136,0.17759616728350527,2.6179938779914944
yqaUDA6i5GY_00,250,6,0,908.8,545.6,1030.0,633.1,969.4,589.35,4.399999999999977,1.8500000000000227,2.0,2.3865508584566077,0.3980143156288581,-0.9259815160239757,0.09864808157150692,3.4375,1.4975000000000023,0.41084513916871174,0.35553942095642005
yqaUDA6i5GY_00,250,4,0,240.9,840.6,291.6,915.6,266.25,878.1,0.0,-0.6000000000000227,2.0,0.30000000000001137,-1.5707963267948966,0.0,-3.141592653589793,0.0025000000000005686,0.09250000000000114,1.543775877607626,2.6179938779914944
yqaUDA6i5GY_00,252,35,0,703.8,388.1,736.2,418.1,720.0,403.1,0.6499999999999773,2.5,2.0,1.2915591353089462,1.316428268241639,0.1595633091850478,1.0028076160249333,1.0714285714285714,1.0928571428571476,0.795298829985439,0.4770447439380412
yqaUDA6i5GY_00,252,27,0,1442.5,633.8,1680.0,776.2,1561.25,705.0,-1.25,0.20000000000004547,2.0,0.6329494450586117,2.982937391403356,0.09147472252933997,1.4121410646084596,-0.3125,-0.3125,-2.356194490192345,1.5179112393994174
yqaUDA6i5GY_00,252,26,0,1443.8,638.4,1681.2,776.2,1562.5,707.3,0.0,-0.20000000000004547,2.0,0.10000000000002274,-1.5707963267948966,0.05000000000001137,-1.5707963267948966,-4.875,-2.2600000000000025,-2.7074951415368447,2.0943951023931953
yqaUDA6i5GY_00,252,20,0,768.8,454.4,808.8,491.9,788.8,473.15,0.0,0.0,2.0,0.0,0.0,-0.07499999999998863,-1.5707963267948966,0.2849999999999966,0.2524999999999977,0.7250065733293473,2.6179938779914944
yqaUDA6i5GY_00,252,18,0,1021.2,456.2,1096.2,509.4,1058.7,482.79999999999995,-6.2999999999999545,-2.8500000000000227,2.0,3.4573291714848167,-2.716760490670445,0.3366673695095548,-0.030783490291883535,-6.597500000000002,-2.797500000000002,-2.74054876402587,0.0849386210004837
yqaUDA6i5GY_00,252,16,0,240.6,841.2,291.9,916.2,266.25,878.7,-0.7999999999999545,2.400000000000091,24.0,0.10540925533894897,1.8925468811915103,0.003350385639123821,1.8925468811915103,0.017500000000001136,0.060000000000002274,1.2870022175865614,2.677945044589015
yqaUDA6i5GY_00,252,13,0,795.0,463.1,853.8,515.6,824.4,489.35,0.6499999999999773,0.0,2.0,0.32499999999998863,0.0,-0.15000000000000568,-3.141592653589793,0.125,-0.017499999999998295,-0.13909594148205795,2.1342047443993173
yqaUDA6i5GY_00,252,8,0,823.8,488.8,888.8,546.9,856.3,517.85,0.0,0.0,2.0,0.0,0.0,-0.16249999999999432,0.0,0.06499999999999773,0.017500000000001136,0.2629947316809446,1.5707963267948966
yqaUDA6i5GY_00,252,6,0,918.8,544.4,1038.8,638.1,978.8,591.25,9.399999999999977,1.8999999999999773,2.0,4.795049530505381,0.1994405467742329,1.2042493360243864,-0.19857376885462522,3.8149999999999977,1.5625,0.3887269126544762,0.26108459325541267
yqaUDA6i5GY_00,252,4,0,240.9,840.6,291.6,915.6,266.25,878.1,0.0,0.0,2.0,0.0,0.0,-0.15000000000000568,1.5707963267948966,0.0,0.09000000000000341,1.5707963267948966,2.6179938779914944
yqaUDA6i5GY_00,254,35,0,705.0,388.1,737.5,419.4,721.25,403.75,1.25,0.6499999999999773,2.0,0.7044501401802633,0.47951929199258186,-0.29355449756434143,-0.8369089762490571,1.0833333333333333,1.0633333333333364,0.7760816627691461,0.6528345718759502
yqaUDA6i5GY_00,254,30,0,629.7,630.6,857.5,721.9,743.6,676.25,28.600000000000023,3.8999999999999773,10.0,2.8864684304526893,0.13552771398549984,0.0,0.0,28.600000000000023,3.8999999999999773,0.13552771398549984,0.0
yqaUDA6i5GY_00,254,27,0,1442.5,637.2,1680.0,775.0,1561.25,706.1,0.0,1.1000000000000227,2.0,0.5500000000000114,1.5707963267948966,-0.04147472252930018,-1.4121410646084596,-0.25,-0.19499999999999887,-2.4791663597566447,0.9414273764056397
yqaUDA6i5GY_00,254,26,0,1442.5,638.8,1680.0,775.0,1561.25,706.9,-1.25,-0.39999999999997726,2.0,0.656220237420331,-2.8318897090473536,0.2781101187101541,-1.261093382252457,-4.3125,-2.0,-2.707348332792992,1.4675620119474166
yqaUDA6i5GY_00,254,20,0,768.8,454.7,808.8,491.6,788.8,473.15,0.0,0.0,2.0,0.0,0.0,0.0,0.0,0.3474999999999966,0.25,0.623643906075498,1.5707963267948966
yqaUDA6i5GY_00,254,18,0,1020.0,453.1,1091.2,505.6,1055.6,479.35,-3.1000000000001364,-3.449999999999932,2.0,2.3190784807763825,-2.302810146701641,-0.5691253453542171,0.413950343968804,-6.345000000000004,-2.8125,-2.7243558154604854,0.20099478074933366
yqaUDA6i5GY_00,254,16,0,240.6,841.2,291.9,916.2,266.25,878.7,0.0,0.0,2.0,0.0,0.0,-0.05270462766947449,-1.8925468811915103,0.0,0.12000000000000455,1.5707963267948966,2.308895471990938
yqaUDA6i5GY_00,254,13,0,795.0,462.8,853.8,515.9,824.4,489.35,0.0,0.0,2.0,0.0,0.0,-0.16249999999999432,0.0,-0.030000000000001137,-0.03249999999999886,-2.316215803069091,2.0943951023931953
yqaUDA6i5GY_00,254,8,0,823.8,488.4,888.8,547.2,856.3,517.8,0.0,-0.05000000000006821,2.0,0.025000000000034106,-1.5707963267948966,0.012500000000017053,-1.5707963267948966,0.06499999999999773,0.0,0.0,1.5707963267948966
yqaUDA6i5GY_00,254,6,0,925.0,544.4,1045.0,640.6,985.0,592.5,6.2000000000000455,1.25,2.0,3.1623764798012495,0.19894594620455724,-0.8163365253520656,-0.0004946005696756517,4.064999999999998,1.6550000000000011,0.38664126947024124,0.09923881699860215
yqaUDA6i5GY_00,254,4,0,240.9,840.6,291.6,915.6,266.25,878.1,0.0,0.0,2.0,0.0,0.0,0.0,0.0,0.0,0.030000000000001137,1.5707963267948966,1.5707963267948966
yqaUDA6i5GY_00,256,35,0,706.2,388.4,738.8,419.7,722.5,404.04999999999995,1.25,0.2999999999999545,2.0,0.6427480066091168,0.23554498072082897,-0.030851066785573256,-0.2439743112717529,1.09375,1.015625,0.7483780475235183,0.6945636345152478
yqaUDA6i5GY_00,256,27,0,1442.5,637.5,1677.5,776.2,1560.0,706.85,-1.25,0.75,2.0,0.7288689868556626,2.601173153319209,0.08943449342782561,1.0303768265243125,-0.25,-0.15749999999999886,-2.579405909689767,1.2848863185804105
yqaUDA6i5GY_00,256,26,0,1442.5,629.7,1677.5,775.0,1560.0,702.35,-1.25,-4.5499999999999545,2.0,2.3592901474807833,-1.8389071098647263,0.8515349550302261,0.9929825991826273,-2.125,-1.507499999999999,-2.524577958331922,1.2749574360766605
yqaUDA6i5GY_00,256,20,0,768.8,454.7,808.8,491.6,788.8,473.15,0.0,0.0,2.0,0.0,0.0,0.0,0.0,0.18999999999999773,0.25,0.9209258773829547,0.5235987755982988
yqaUDA6i5GY_00,256,18,0,1014.4,453.1,1086.9,504.4,1050.65,478.75,-4.949999999999818,-0.6000000000000227,2.0,2.4931155207891105,-3.0209689850096817,0.08701852000636401,-0.7181588383080405,-6.154999999999996,-2.657499999999999,-2.734007831656738,0.3876308908562427
yqaUDA6i5GY_00,256,13,0,795.0,462.8,853.8,515.9,824.4,489.35,0.0,0.0,2.0,0.0,0.0,0.0,0.0,0.09499999999999886,-0.03249999999999886,-0.3296244074207357,1.0471975511965979
yqaUDA6i5GY_00,256,8,0,823.8,488.4,888.8,547.2,856.3,517.8,0.0,0.0,2.0,0.0,0.0,-0.012500000000017053,1.5707963267948966,0.06499999999999773,0.014999999999997727,0.22679884805386033,1.0471975511965976
yqaUDA6i5GY_00,256,6,0,931.2,553.1,1056.2,645.0,993.7,599.05,8.700000000000045,6.5499999999999545,2.0,5.445009182728717,0.6453376540195417,1.141316351463734,0.44639170781498455,4.530000000000001,2.0299999999999954,0.42129243204061223,0.21515335907976138
yqaUDA6i5GY_00,258,35,0,708.8,389.4,741.2,420.6,725.0,405.0,2.5,0.9500000000000455,2.0,1.3372079120316414,0.3631470099461922,0.3472299527112623,0.12760202922536326,1.1764705882352942,1.0117647058823556,0.7102710074866875,0.40282843891539116
yqaUDA6i5GY_00,258,27,0,1438.8,638.8,1676.2,775.0,1557.5,706.9,-2.5,0.049999999999954525,2.0,1.2502499750049982,3.121595319616661,0.2606904940746678,0.5204221662974517,-0.375,-0.0625,-2.976443976175166,0.9876466858100746
yqaUDA6i5GY_00,258,26,0,1438.8,632.5,1676.2,775.0,1557.5,703.75,-2.5,1.3999999999999773,2.0,1.4326548781894348,2.6311043316730243,-0.4633176346456742,-1.8131738656418357,-2.0,-1.4375,-2.518393323655727,1.35574994902564
yqaUDA6i5GY_00,258,20,0,768.8,454.7,808.8,491.6,788.8,473.15,0.0,0.0,2.0,0.0,0.0,0.0,0.0,0.15749999999999886,0.18999999999999773,0.8786520785022258,0.0
yqaUDA6i5GY_00,258,18,0,1010.6,451.2,1081.9,503.1,1046.25,477.15,-4.400000000000091,-1.6000000000000227,2.0,2.3409399821439716,-2.7928216500058882,-0.07608776932256944,0.22814733500379347,-5.997500000000002,-2.580000000000001,-2.735343333823191,0.453418839093546
yqaUDA6i5GY_00,258,13,0,795.0,462.8,853.8,515.9,824.4,489.35,0.0,0.0,2.0,0.0,0.0,0.0,0.0,0.09499999999999886,-0.014999999999997727,-0.15660187698199385,1.4802973661668753e-16
yqaUDA6i5GY_00,258,8,0,823.8,488.4,888.8,547.2,856.3,517.8,0.0,0.0,2.0,0.0,0.0,0.0,0.0,0.06499999999999773,0.014999999999997727,0.22679884805386033,1.0471975511965976
yqaUDA6i5GY_00,258,6,0,941.2,558.1,1061.2,650.6,1001.2,604.35,7.5,5.300000000000068,2.0,4.591840589567563,0.61518623811198,-0.42658429658057706,-0.030151415907561645,4.842500000000001,2.1875000000000058,0.4242912307315215,0.15901257476407352
yqaUDA6i5GY_00,260,35,0,708.8,391.9,742.5,423.1,725.65,407.5,0.6499999999999773,2.5,2.0,1.2915591353089462,1.316428268241639,-0.022824388361347592,0.9532812582954469,1.147222222222221,1.094444444444447,0.7618585221617714,0.4416191995975211
yqaUDA6i5GY_00,260,27,0,1437.5,638.8,1672.5,775.0,1555.0,706.9,-2.5,0.0,2.0,1.25,3.141592653589793,-0.00012498750249911872,0.0199973339731323,-0.375,-0.09250000000000114,-2.89975369757149,0.5235987755982988
yqaUDA6i5GY_00,260,26,0,1438.8,632.8,1673.8,775.0,1556.3,703.9,-1.2000000000000455,0.14999999999997726,2.0,0.6046693311224124,3.017237659043055,-0.4139927735335112,0.38613332737003075,-1.6850000000000023,-0.9300000000000012,-2.6372698170629034,1.0640965973981646
yqaUDA6i5GY_00,260,20,0,768.8,454.7,808.8,491.6,788.8,473.15,0.0,0.0,2.0,0.0,0.0,0.0,0.0,0.15749999999999886,0.17249999999999943,0.8308214428190273,0.0
yqaUDA6i5GY_00,260,18,0,1008.8,450.6,1076.2,500.6,1042.5,475.6,-3.75,-1.5499999999999545,2.0,2.0288543565273396,-2.7496451281212906,-0.156042812808316,0.04317652188459764,-5.782500000000004,-2.5024999999999977,-2.7331581083431997,0.3298275650654772
yqaUDA6i5GY_00,260,13,0,795.0,462.8,853.8,515.9,824.4,489.35,0.0,0.0,2.0,0.0,0.0,0.0,0.0,0.03499999999999659,-0.015000000000000568,-0.4048917862851324,1.4802973661668753e-16
yqaUDA6i5GY_00,260,8,0,823.8,488.8,888.8,548.1,856.3,518.45,0.0,0.650000000000091,2.0,0.3250000000000455,1.5707963267948966,0.16250000000002274,1.5707963267948966,0.09749999999999659,0.0,0.0,1.0471975511965976
yqaUDA6i5GY_00,260,6,0,947.5,560.0,1072.5,656.2,1010.0,608.1,8.799999999999955,3.75,2.0,4.782846955527617,0.40283276380023614,0.09550318298002702,-0.2123534743117439,5.125,2.405000000000001,0.4387614005171414,0.2296321993447629
yqaUDA6i5GY_00,262,35,0,711.2,392.5,746.2,424.4,728.7,408.45,3.050000000000068,0.9499999999999886,2.0,1.5972632844963597,0.30195116183023957,0.15285207459370675,-1.0144771064113995,1.247368421052634,1.0868421052631596,0.716735135111595,0.69845346464407
yqaUDA6i5GY_00,262,27,0,1435.0,636.6,1672.5,771.2,1553.75,703.9000000000001,-1.25,-2.9999999999998863,2.0,1.6249999999999476,-1.9655874464946717,0.1874999999999738,1.1760052070951215,-0.4375,-0.14749999999999658,-2.816417455047264,0.5721415691219018
yqaUDA6i5GY_00,262,26,0,1435.0,635.9,1672.5,771.2,1553.75,703.55,-2.5499999999999545,-0.35000000000002274,2.0,1.286953767623354,-3.0051900491888346,0.3411422182504708,0.2607575989476969,-1.5,-0.6025000000000034,-2.7596503211174648,0.8200215973198545
yqaUDA6i5GY_00,262,20,0,767.5,451.2,807.5,491.2,787.5,471.2,-1.2999999999999545,-1.9499999999999886,2.0,1.1718041645257793,-2.1587989303424506,0.5859020822628896,-2.15879893034245,0.125,0.05999999999999943,0.4475199751571662,0.7195996434474834
yqaUDA6i5GY_00,262,18,0,1007.5,448.1,1070.0,496.2,1038.75,472.15,-3.75,-3.4500000000000455,2.0,2.54779316271947,-2.3978370692909268,0.25946940309606514,0.35180805883036387,-5.654999999999996,-2.532499999999999,-2.72054162117467,0.2077106385729183
yqaUDA6i5GY_00,262,13,0,796.2,463.8,851.2,515.6,823.7,489.70000000000005,-0.6999999999999318,0.35000000000002274,2.0,0.39131189606243777,2.677945044588922,0.19565594803121888,2.677945044588922,-0.0024999999999977263,-0.014999999999997727,-1.7359450042094005,0.8926483481963076
yqaUDA6i5GY_00,262,8,0,825.0,490.6,890.0,548.1,857.5,519.35,1.2000000000000455,0.8999999999999773,2.0,0.7500000000000114,0.6435011087932541,0.21249999999998298,-0.9272952180016425,0.15749999999999886,0.030000000000001137,0.18822150530477905,0.8326971815988462
yqaUDA6i5GY_00,262,6,0,953.8,568.8,1080.0,660.0,1016.9,614.4,6.899999999999977,6.2999999999999545,2.0,4.671723450719208,0.7399748839758693,-0.05556175240420469,0.3371421201756332,5.439999999999998,2.6274999999999977,0.44995237052716525,0.19321567013164578
yqaUDA6i5GY_00,264,35,0,712.5,392.5,745.0,425.0,728.75,408.75,0.049999999999954525,0.30000000000001137,2.0,0.15206906325745737,1.4056476493804233,-0.7225971106194512,1.1036964875501836,1.1875,1.0475000000000023,0.7228400776363759,1.0238182840856769
yqaUDA6i5GY_00,264,26,0,1433.8,635.0,1668.8,770.0,1551.3,702.5,-2.4500000000000455,-1.0499999999999545,2.0,1.3327602935261957,-2.736700867304732,0.022903262951420866,0.26848918188410265,-1.3100000000000023,-0.5600000000000023,-2.7376225260299147,0.30512670273394343
yqaUDA6i5GY_00,264,20,0,767.5,451.2,808.8,491.2,788.15,471.2,0.6499999999999773,0.0,2.0,0.32499999999998863,0.0,-0.42340208226289533,2.15879893034245,0.09499999999999886,0.05999999999999943,0.5633162614919692,1.4391992868949668
yqaUDA6i5GY_00,264,18,0,1006.2,448.1,1066.2,495.6,1036.2,471.85,-2.5499999999999545,-0.2999999999999545,2.0,1.2837932076467513,-3.0244839090229445,-0.6319999775363593,-0.6266468397320176,-5.375,-2.3774999999999977,-2.7251390745136037,0.3405438068156597
yqaUDA6i5GY_00,264,13,0,796.2,463.1,851.2,515.6,823.7,489.35,0.0,-0.35000000000002274,2.0,0.17500000000001137,-1.5707963267948966,-0.1081559480312132,2.0344439357957675,0.030000000000001137,0.0,0.0,1.5707963267948966
yqaUDA6i5GY_00,264,8,0,823.8,490.9,888.8,548.4,856.3,519.65,-1.2000000000000455,0.2999999999999545,2.0,0.6184658438426657,2.8966139904629737,-0.06576707807867288,2.2531128816697192,-0.030000000000001137,0.07750000000000341,1.94012998446852,1.5837348088220857
yqaUDA6i5GY_00,264,6,0,962.5,570.0,1090.0,665.0,1026.25,617.5,9.350000000000023,3.1000000000000227,2.0,4.925253800567047,0.32014541933856927,0.1267651749239196,-0.41982946463730014,5.8125,2.625,0.4241944079037666,0.32310835304155866
yqaUDA6i5GY_00,266,35,0,712.5,394.7,750.0,428.4,731.25,411.54999999999995,2.5,2.7999999999999545,2.0,1.876832437912329,0.8419416003422575,0.8623816873274358,-0.5637060490381658,1.3125,1.2324999999999988,0.7539743260438392,0.8939598809999163
yqaUDA6i5GY_00,266,30,0,566.2,630.9,858.8,746.2,712.5,688.55,-31.100000000000023,12.299999999999955,12.0,2.786998584698441,2.7649729865004335,-0.008289153812854036,2.6294452725149338,-1.25,8.099999999999966,1.7239094770492949,0.8764817575049779
yqaUDA6i5GY_00,266,26,0,1431.2,629.4,1666.2,768.1,1548.7,698.75,-2.599999999999909,-3.75,2.0,2.2815838796765466,-2.177033990981913,0.47441179307517545,0.5596668763228186,-1.2549999999999955,-0.5949999999999989,-2.6988759648730114,0.36297121905153945
yqaUDA6i5GY_00,266,20,0,767.5,451.9,808.8,491.2,788.15,471.54999999999995,0.0,0.3499999999999659,2.0,0.17499999999998295,1.5707963267948966,-0.07500000000000284,1.5707963267948966,0.09499999999999886,0.07749999999999772,0.6842947916611413,1.9627980624932657
yqaUDA6i5GY_00,266,18,0,1003.8,445.9,1062.5,492.8,1033.15,469.35,-3.0499999999999545,-2.5,2.0,1.971832903671082,-2.45497108226,0.34401984801216534,0.5695128267629443,-5.217499999999996,-2.3474999999999966,-2.7187984991289937,0.5159892417751086
yqaUDA6i5GY_00,266,13,0,796.2,463.1,851.2,515.6,823.7,489.35,0.0,0.0,2.0,0.0,0.0,-0.08750000000000568,1.5707963267948966,0.060000000000002274,0.0,0.0,2.0943951023931953
yqaUDA6i5GY_00,266,8,0,825.0,490.6,890.0,548.1,857.5,519.35,1.2000000000000455,-0.2999999999999545,2.0,0.6184658438426657,-0.24497866312681957,0.0,-3.141592653589793,0.030000000000001137,0.04499999999999886,0.9827937232472999,2.1073335844203847
yqaUDA6i5GY_00,266,6,0,970.0,576.2,1098.8,671.2,1034.4,623.7,8.150000000000091,6.2000000000000455,2.0,5.120119627508767,0.6503369398150536,0.0974329134708598,0.33019152047648437,6.190000000000003,2.9025000000000034,0.4384607230491418,0.3623877017631388
yqaUDA6i5GY_00,268,36,4,1206.2,703.8,1243.8,741.2,1225.0,722.5,,,,0.0,0.0,0.0,0.0,,,0.0,0.0
yqaUDA6i5GY_00,268,35,0,715.0,395.6,750.0,429.4,732.5,412.5,1.25,0.9500000000000455,2.0,0.7850159234053928,0.6498704494119707,-0.545908257253468,-0.19207115093028684,1.3149999999999977,1.2025000000000006,0.7407406840874443,0.6198245625062121
yqaUDA6i5GY_00,268,30,0,559.4,630.6,859.4,746.9,709.4,688.75,-3.1000000000000227,0.20000000000004547,2.0,1.5532224567009196,3.0771658141642253,-0.6168880639987606,0.3121928276637918,-1.8666666666666742,5.466666666666659,1.8998460216352377,0.9805460333929085
yqaUDA6i5GY_00,268,26,0,1426.2,629.4,1658.8,765.6,1542.5,697.5,-6.2000000000000455,-1.25,2.0,3.1623764798012495,-2.942646707385236,0.4403963000623514,-0.7656127164033228,-1.5,-0.6325000000000045,-2.7425487538585958,0.5312562582034147
yqaUDA6i5GY_00,268,20,0,768.8,452.5,808.8,491.2,788.8,471.85,0.6499999999999773,0.3000000000000682,2.0,0.3579455265819128,0.4324077755706377,0.09147276329096493,-1.1383885512242586,0.12749999999999773,0.09250000000000114,0.6276294258015087,1.6226612694538687
yqaUDA6i5GY_00,268,18,0,1002.5,443.8,1060.0,489.4,1031.25,466.6,-1.900000000000091,-2.75,2.0,1.6712644913358528,-2.1753949168883957,-0.15028420616761462,0.27957616537160446,-5.0,-2.327499999999998,-2.70592395118739,0.4919119439555222
yqaUDA6i5GY_00,268,13,0,796.2,463.1,852.5,515.6,824.35,489.35,0.6499999999999773,0.0,2.0,0.32499999999998863,0.0,0.16249999999999432,0.0,0.09250000000000114,0.0,0.0,1.2017467541968883
yqaUDA6i5GY_00,268,8,0,823.8,490.6,891.2,548.1,857.5,519.35,0.0,0.0,2.0,0.0,0.0,-0.30923292192133284,0.2449786631268196,0.0625,0.060000000000002274,0.7649928327109292,1.8798947327954438
yqaUDA6i5GY_00,268,6,0,978.8,575.6,1106.2,676.2,1042.5,625.9000000000001,8.099999999999909,2.2000000000000455,2.0,4.196724913548621,0.2652071174518329,-0.46169735698007264,-0.38512982236322074,6.5,3.0275000000000034,0.43588996088227805,0.3783836024923346
yqaUDA6i5GY_00,270,36,4,1205.6,703.8,1244.4,742.5,1225.0,723.15,0.0,0.6499999999999773,2.0,0.32499999999998863,1.5707963267948966,0.0,0.0,0.0,0.6499999999999773,1.5707963267948966,0.0
yqaUDA6i5GY_00,270,35,0,716.2,395.6,751.2,430.0,733.7,412.8,1.2000000000000455,0.30000000000001137,2.0,0.6184658438426726,0.24497866312686417,-0.08327503978136014,-0.40489178628510664,1.3100000000000023,1.1400000000000006,0.7161214471986009,0.38688966208451986
yqaUDA6i5GY_00,270,30,0,567.8,631.9,860.0,748.1,713.9,690.0,4.5,1.25,2.0,2.3351927115336757,0.27094685033842053,0.39098512741637803,-2.806218963825805,-0.2750000000000057,4.412499999999994,1.6330387699496505,1.9159523546681767
yqaUDA6i5GY_00,270,26,0,1422.5,625.6,1652.5,763.1,1537.5,694.35,-5.0,-3.1499999999999773,2.0,2.954763103871436,-2.579405909689767,-0.10380668796490666,0.3632407976954691,-1.5,-0.7199999999999989,-2.6940726784326237,0.5628401301405369
yqaUDA6i5GY_00,270,20,0,768.8,452.2,808.8,491.6,788.8,471.9,0.0,0.049999999999954525,2.0,0.024999999999977263,1.5707963267948966,-0.16647276329096777,1.1383885512242586,0.0,-0.01500000000000341,-1.5707963267948966,1.2825244764144712
yqaUDA6i5GY_00,270,18,0,1000.6,441.9,1056.9,488.1,1028.75,465.0,-2.5,-1.6000000000000227,2.0,1.484082207965589,-2.5722794624891248,-0.09359114168513183,-0.3968845456007291,-4.752499999999998,-2.219999999999999,-2.7045911884181315,0.41532451257842595
yqaUDA6i5GY_00,270,13,0,796.2,463.1,851.2,515.6,823.7,489.35,-0.6499999999999773,0.0,2.0,0.32499999999998863,3.141592653589793,0.0,3.141592653589793,0.060000000000002274,0.0,0.0,1.5707963267948966
yqaUDA6i5GY_00,270,8,0,826.2,490.6,891.2,548.1,858.7,519.35,1.2000000000000455,0.0,2.0,0.6000000000000227,0.0,0.30000000000001137,0.0,0.12000000000000455,0.05999999999999659,0.46364760900076823,1.128857105572204
yqaUDA6i5GY_00,270,6,0,986.9,577.5,1113.1,683.8,1050.0,630.65,7.5,4.749999999999886,2.0,4.438820226141146,0.5645693936680892,0.12104765629626213,0.29936227621625633,6.592500000000001,3.219999999999999,0.45435193039765887,0.33822787301865337
yqaUDA6i5GY_00,272,36,4,1206.2,703.8,1245.0,741.2,1225.6,722.5,0.599999999999909,-0.6499999999999773,2.0,0.4422951503238141,-0.8253768505207963,0.05864757516191274,-2.396173177315693,0.2999999999999545,0.0,0.0,0.7987243924385643
yqaUDA6i5GY_00,272,35,0,716.2,396.6,751.2,430.9,733.7,413.75,0.0,0.9499999999999886,2.0,0.4749999999999943,1.5707963267948966,-0.07173292192133912,1.3258176636680323,1.3100000000000023,1.1875,0.7363883918854358,0.640926866961142
yqaUDA6i5GY_00,272,30,0,559.1,631.2,861.2,753.8,710.1500000000001,692.5,-3.7499999999998863,2.5,2.0,2.253469547164946,2.5535900500422115,-0.04086158218436475,2.282643199703791,-0.9699999999999818,4.029999999999996,1.8069981526873138,1.800351663731129
yqaUDA6i5GY_00,272,26,0,1422.5,625.6,1647.5,759.4,1535.0,692.5,-2.5,-1.8500000000000227,2.0,1.5550321540084053,-2.5045223243141037,-0.6998654749315154,0.07488358537566331,-1.5600000000000023,-0.8149999999999977,-2.6601578482630135,0.4012456998248184
yqaUDA6i5GY_00,272,20,0,768.1,452.5,808.1,491.2,788.1,471.85,-0.6999999999999318,-0.049999999999954525,2.0,0.35089172119041934,-3.0702851888045606,0.16294586059522104,1.6421037915801293,-0.03499999999999659,-0.03249999999999886,-2.393214606066244,1.3062936313428821
yqaUDA6i5GY_00,272,18,0,1001.2,440.0,1053.8,485.0,1027.5,462.5,-1.25,-2.5,2.0,1.3975424859373686,-2.0344439357957027,-0.043269861014110234,0.537835526693422,-4.467499999999996,-2.219999999999999,-2.680410301809034,0.40476541255525184
yqaUDA6i5GY_00,272,13,0,796.2,463.1,851.2,515.6,823.7,489.35,0.0,0.0,2.0,0.0,0.0,-0.16249999999999432,-3.141592653589793,0.060000000000002274,0.0,0.0,2.0943951023931953
yqaUDA6i5GY_00,272,8,0,826.2,490.9,891.2,548.4,858.7,519.65,0.0,0.2999999999999545,2.0,0.14999999999997726,1.5707963267948966,-0.22500000000002274,1.5707963267948966,0.12000000000000455,0.075,0.5585993153435453,0.6052583299739053
yqaUDA6i5GY_00,272,6,0,995.0,583.8,1120.0,688.8,1057.5,636.3,7.5,5.649999999999977,2.0,4.6950106496151784,0.6456310310250396,0.12809521173701643,0.08106163735695039,6.782499999999999,3.425,0.4676205133480884,0.2551845786454754
yqaUDA6i5GY_00,274,36,4,1205.0,704.4,1245.0,741.9,1225.0,723.15,-0.599999999999909,0.6499999999999773,2.0,0.4422951503238141,2.3162158030689968,0.0,3.141592653589793,0.0,0.2166666666666591,1.5707963267948966,1.845921943635162
yqaUDA6i5GY_00,274,35,0,717.5,397.5,753.8,432.5,735.65,415.0,1.9499999999999318,1.25,2.0,1.1581234821900181,0.5700404636997262,0.3415617410950119,-1.0007558630951703,1.3474999999999966,1.2324999999999988,0.7408540046285158,0.9104884376827699
yqaUDA6i5GY_00,274,30,0,562.8,631.2,860.0,753.8,711.4,692.5,1.2499999999998863,0.0,2.0,0.6249999999999432,0.0,-0.8142347735825015,-2.5535900500422115,-0.6000000000000038,3.3583333333333294,1.7475910640052248,2.547484071190602
yqaUDA6i5GY_00,274,27,0,1415.0,623.8,1640.0,756.2,1527.5,690.0,-26.25,-13.900000000000091,12.0,2.47525601930611,-2.65460590974584,0.07085466827551352,-0.6890184632511683,-1.75,-0.9350000000000023,-2.6508941475132914,0.6283403347731408
yqaUDA6i5GY_00,274,26,0,1415.0,622.8,1640.0,757.5,1527.5,690.15,-7.5,-2.3500000000000227,2.0,3.9297741665393477,-2.8379487720778425,1.1873710062654712,-0.3334264477637388,-1.875,-0.6800000000000012,-2.7936783642961807,0.2571836102782904
yqaUDA6i5GY_00,274,20,0,768.8,452.5,808.8,491.2,788.8,471.85,0.6999999999999318,0.0,2.0,0.3499999999999659,0.0,-0.0004458605952267214,3.0702851888045606,0.0,-0.03249999999999886,-1.5707963267948966,1.9502591772029827
yqaUDA6i5GY_00,274,18,0,1000.0,437.5,1052.5,483.8,1026.25,460.65,-1.25,-1.8500000000000227,2.0,1.1163556780883148,-2.1650100305953246,-0.1405934039245269,-0.13056609479962192,-4.25,-2.1875,-2.666249671423298,0.35509538903125765
yqaUDA6i5GY_00,274,13,0,796.2,463.1,852.5,515.6,824.35,489.35,0.6499999999999773,0.0,2.0,0.32499999999998863,0.0,0.16249999999999432,0.0,0.0625,0.01500000000000341,0.23554498072091495,2.0943951023931953
yqaUDA6i5GY_00,274,8,0,826.9,490.9,891.9,549.7,859.4,520.3,0.6999999999999318,0.6499999999999773,2.0,0.47762432936353727,0.7483780475235494,0.16381216468178,-0.822418279271347,0.15500000000000114,0.10749999999999886,0.6063828863759543,0.797738202022081
yqaUDA6i5GY_00,274,6,0,1002.5,583.8,1127.5,696.2,1065.0,640.0,7.5,3.7000000000000455,2.0,4.181506905411025,0.4583000663916603,-0.25675187210207673,-0.1873309646333793,7.0,3.469999999999999,0.4602131634317455,0.18925162606886156
yqaUDA6i5GY_00,276,38,0,527.2,646.2,564.7,686.2,545.95,666.2,,,,0.0,0.0,0.0,0.0,,,0.0,0.0
yqaUDA6i5GY_00,276,36,4,1205.0,703.8,1245.0,741.2,1225.0,722.5,0.0,-0.6499999999999773,2.0,0.32499999999998863,-1.5707963267948966,-0.05864757516191274,2.396173177315693,0.0,0.0,0.0,2.6446463360737265
yqaUDA6i5GY_00,276,35,0,720.6,398.1,755.6,433.1,738.1,415.6,2.4500000000000455,0.6000000000000227,2.0,1.2611998255629686,0.2401710078601776,0.05153817168647523,-0.3298694558395486,1.4675000000000011,1.1700000000000017,0.6730767041095187,0.8854809942009171
yqaUDA6i5GY_00,276,30,0,563.4,631.9,858.8,754.4,711.0999999999999,693.15,-0.3000000000000682,0.6499999999999773,2.0,0.3579455265819128,2.003204102365534,-0.13352723670901517,2.003204102365534,-0.5571428571428702,2.971428571428565,1.756144276790596,2.2798124507038455
yqaUDA6i5GY_00,276,27,0,1411.2,620.6,1633.8,754.4,1522.5,687.5,-5.0,-2.5,2.0,2.7950849718747373,-2.677945044588987,0.15991447628431366,-0.023339134843146866,-2.0,-1.0925000000000011,-2.641633079596265,0.6294542683964789
yqaUDA6i5GY_00,276,26,0,1410.0,620.6,1635.0,754.4,1522.5,687.5,-5.0,-2.6499999999999773,2.0,2.8294213189272415,-2.654234074084606,-0.5501764238060531,0.18371469799323625,-2.0,-0.8125,-2.755709984191719,0.19734157704421276
yqaUDA6i5GY_00,276,20,0,768.8,452.5,808.8,491.2,788.8,471.85,0.0,0.0,2.0,0.0,0.0,-0.17499999999998295,0.0,0.0,-0.05,-1.5707963267948966,1.5707963267948966
yqaUDA6i5GY_00,276,18,0,1000.6,433.8,1049.4,483.8,1025.0,458.8,-1.25,-1.849999999999966,2.0,1.116355678088291,-2.165010030595339,-1.1879386363489175e-14,-1.4210854715202004e-14,-4.029999999999996,-2.120000000000002,-2.657319286276417,0.22280054049768605
yqaUDA6i5GY_00,276,13,0,796.2,463.1,853.8,515.6,825.0,489.35,0.6499999999999773,0.0,2.0,0.32499999999998863,0.0,0.0,0.0,0.15749999999999886,0.030000000000001137,0.18822150530477905,1.0471975511965979
yqaUDA6i5GY_00,276,8,0,827.5,491.2,892.5,551.2,860.0,521.2,0.6000000000000227,0.900000000000091,2.0,0.5408326913196425,0.9827937232473581,0.03160418097805262,0.23441567572380875,0.18500000000000227,0.16750000000000115,0.7357934995319907,0.8758767605966841
yqaUDA6i5GY_00,276,6,0,1008.1,591.9,1133.1,704.4,1070.6,648.15,5.599999999999909,8.149999999999977,2.0,4.944251712847926,0.9687693973207184,0.3813724037184505,0.5104693309290581,7.154999999999996,3.8149999999999977,0.48984850837900823,0.2596206443064622
yqaUDA6i5GY_00,278,38,0,527.5,647.5,565.0,686.2,546.25,666.85,0.2999999999999545,0.6499999999999773,2.0,0.35794552658188894,1.138388551224403,0.0,0.0,0.2999999999999545,0.6499999999999773,1.138388551224403,0.0
yqaUDA6i5GY_00,278,36,4,1203.8,705.6,1245.0,741.9,1224.4,723.75,-0.599999999999909,1.25,2.0,0.6932712311930826,2.0183163019520074,0.184135615596547,-2.6940726784326823,-0.11999999999998182,0.25,2.0183163019520074,2.7439461697793894
yqaUDA6i5GY_00,278,35,0,722.5,400.6,753.8,435.6,738.15,418.1,0.049999999999954525,2.5,2.0,1.2502499750049982,1.5507989928217643,-0.005474925278985188,1.3106279849615867,1.4074999999999989,1.2800000000000011,0.7379918478849107,0.8804177679654352
yqaUDA6i5GY_00,278,30,0,560.6,631.2,859.4,753.8,710.0,692.5,-1.099999999999909,-0.6499999999999773,2.0,0.6388466169589869,-2.6078844619505106,0.14045054518853706,1.6720967428635414,-0.625,2.518749999999997,1.8140226552667829,2.0762969650904286
yqaUDA6i5GY_00,278,27,0,1405.0,621.9,1625.0,749.4,1515.0,685.65,-7.5,-1.8500000000000227,2.0,3.8623988659898942,-2.89975369757149,0.5336569470575785,-0.22180865298250296,-2.375,-1.1550000000000011,-2.6889522206923573,0.31138875035893937
yqaUDA6i5GY_00,278,26,0,1405.0,620.6,1625.0,749.4,1515.0,685.0,-7.5,-2.5,2.0,3.952847075210474,-2.819842099193151,0.5617128781416163,-0.1656080251085448,-2.375,-0.9074999999999989,-2.77660730904151,0.2275830569551733
yqaUDA6i5GY_00,278,20,0,768.8,451.9,808.8,491.2,788.8,471.54999999999995,0.0,-0.3000000000000682,2.0,0.1500000000000341,-1.5707963267948966,0.07500000000001705,-1.5707963267948966,0.0,-0.08000000000000114,-1.5707963267948966,1.5470271718664854
yqaUDA6i5GY_00,278,18,0,997.5,433.8,1047.5,483.8,1022.5,458.8,-2.5,0.0,2.0,1.25,3.141592653589793,0.06682216095585447,-0.9765826229944551,-3.8100000000000023,-2.044999999999999,-2.648982633245347,0.36904957259803045
yqaUDA6i5GY_00,278,13,0,796.2,463.1,853.8,515.6,825.0,489.35,0.0,0.0,2.0,0.0,0.0,-0.16249999999999432,0.0,0.0,0.0,0.0,1.4802973661668753e-16
yqaUDA6i5GY_00,278,8,0,827.5,490.9,893.8,551.6,860.65,521.25,0.6499999999999773,0.049999999999954525,2.0,0.32596012026011933,0.07677189126971116,-0.10743628552976159,-0.906021831977647,0.21750000000000114,0.16999999999999887,0.6634260078674215,0.6542852623242674
yqaUDA6i5GY_00,278,6,0,1013.1,598.4,1139.4,708.8,1076.25,653.5999999999999,5.650000000000091,5.449999999999932,2.0,3.9250796170269044,0.7673820948433787,-0.5095860479105108,-0.2013873024773397,7.252499999999998,4.087499999999994,0.5132237340534829,0.299729199346592
yqaUDA6i5GY_00,280,38,0,527.5,646.2,565.0,686.2,546.25,666.2,0.0,-0.6499999999999773,2.0,0.32499999999998863,-1.5707963267948966,-0.016472763290950154,-2.7091848780192995,0.14999999999997726,0.0,0.0,0.9030616260064331
yqaUDA6i5GY_00,280,36,4,1202.5,705.0,1245.0,742.5,1223.75,723.75,-0.650000000000091,0.0,2.0,0.3250000000000455,3.141592653589793,-0.1841356155965186,1.1232763516377857,-0.20833333333333334,0.20833333333333334,2.356194490192345,2.07117406912872
yqaUDA6i5GY_00,280,35,0,722.5,401.6,760.0,435.9,741.25,418.75,3.1000000000000227,0.6499999999999773,2.0,1.5837060964711944,0.2066832184842408,0.1667280607330981,-1.3441157743375234,1.4375,1.1550000000000011,0.6768582373869803,0.9948710717128862
yqaUDA6i5GY_00,280,30,0,560.0,630.9,860.0,753.8,710.0,692.3499999999999,0.0,-0.15000000000009095,2.0,0.07500000000004547,-1.5707963267948966,-0.2819233084794707,1.037088135155614,-0.5555555555555556,2.2222222222222094,1.8157749899217621,1.5707963267948966
yqaUDA6i5GY_00,280,27,0,1397.5,620.6,1617.5,748.1,1507.5,684.35,-7.5,-1.2999999999999545,2.0,3.805916446797009,-2.969964585208919,-0.028241209596442607,-0.07021088763742922,-2.75,-1.4699999999999989,-2.650692109355074,0.10511955848769301
yqaUDA6i5GY_00,280,20,0,768.8,451.9,808.8,491.2,788.8,471.54999999999995,0.0,0.0,2.0,0.0,0.0,-0.07500000000001705,1.5707963267948966,0.0,-0.06500000000000342,-1.5707963267948966,1.0471975511965976
yqaUDA6i5GY_00,280,18,0,996.9,433.8,1046.9,479.4,1021.9000000000001,456.6,-0.599999999999909,-2.1999999999999886,2.0,1.1401754250991205,-1.8370483759457847,-0.054912287450439745,1.3045442776440084,-3.5899999999999976,-1.9824999999999988,-2.637040179577432,0.7603756335461592
yqaUDA6i5GY_00,280,13,0,796.2,463.1,856.2,516.2,826.2,489.65000000000003,1.2000000000000455,0.30000000000001137,2.0,0.6184658438426726,0.24497866312686417,0.3092329219213363,0.24497866312686423,0.060000000000002274,0.015000000000000568,0.24497866312686417,0.08165955437562156
yqaUDA6i5GY_00,280,8,0,828.1,491.6,895.6,552.2,861.85,521.9000000000001,1.2000000000000455,0.650000000000091,2.0,0.6823672031978507,0.49642275340492464,0.1782035414688657,0.4196508621352135,0.2775000000000034,0.2025000000000034,0.6304014214735095,0.5200294566122229
yqaUDA6i5GY_00,280,6,0,1017.5,603.1,1145.0,716.9,1081.25,660.0,5.0,6.400000000000091,2.0,4.060788100849427,0.9075933340888102,0.06785424191126133,0.14021123924543147,7.125,4.232499999999999,0.5360219912382045,0.284022624217276
yqaUDA6i5GY_00,282,38,0,527.5,646.2,565.0,686.2,546.25,666.2,0.0,0.0,2.0,0.0,0.0,-0.16249999999999432,1.5707963267948966,0.09999999999998484,0.0,0.0,1.426660401604732
yqaUDA6i5GY_00,282,36,4,1200.6,705.0,1244.4,742.5,1222.5,723.75,-1.25,0.0,2.0,0.625,3.141592653589793,0.14999999999997726,0.0,-0.35714285714285715,0.17857142857142858,2.677945044588987,1.272449676690156
yqaUDA6i5GY_00,282,35,0,723.8,402.2,760.0,436.6,741.9,419.4,0.6499999999999773,0.6499999999999773,2.0,0.45961940777123983,0.7853981633974483,-0.5620433443499773,0.5787149449132075,1.4050000000000011,1.125,0.6751747816757263,1.0778195680707725
yqaUDA6i5GY_00,282,30,0,560.3,631.2,860.0,750.0,710.15,690.6,0.14999999999997726,-1.7499999999998863,2.0,0.8782084035124572,-1.4852910331166993,0.40160420175620587,0.08550529367819727,-0.48500000000000226,1.825,1.8305459130181263,0.9315633905657843
yqaUDA6i5GY_00,282,27,0,1392.5,620.3,1610.0,745.0,1501.25,682.65,-6.25,-1.7000000000000455,2.0,3.238537478554176,-2.8760176524058223,-0.2836894841214166,0.09394693280309688,-3.0625,-1.555000000000001,-2.671760227617319,0.1286554911410097
yqaUDA6i5GY_00,282,20,0,768.8,452.5,808.8,491.2,788.8,471.85,0.0,0.3000000000000682,2.0,0.1500000000000341,1.5707963267948966,0.07500000000001705,1.5707963267948966,0.0,-0.06499999999999773,-1.5707963267948966,1.5707963267948966
yqaUDA6i5GY_00,282,13,0,796.2,463.1,856.2,516.2,826.2,489.65000000000003,0.0,0.0,2.0,0.0,0.0,-0.3092329219213363,-0.24497866312686423,0.060000000000002274,0.015000000000000568,0.24497866312686417,0.16331910875124298
yqaUDA6i5GY_00,282,8,0,828.8,491.6,896.2,552.2,862.5,521.9000000000001,0.6499999999999773,0.0,2.0,0.32499999999998863,0.0,-0.17868360159893104,-0.4964227534049247,0.3100000000000023,0.2025000000000034,0.5786395812838337,0.6073651491725949
yqaUDA6i5GY_00,282,6,0,1022.5,608.8,1150.0,723.8,1086.25,666.3,5.0,6.2999999999999545,2.0,4.021504693519561,0.8999388601941261,-0.019641703664933008,-0.007654473894684099,6.997500000000002,4.425,0.5638806182668168,0.11641767187248468
yqaUDA6i5GY_00,284,38,0,527.5,647.5,565.0,686.2,546.25,666.85,0.0,0.6499999999999773,2.0,0.32499999999998863,1.5707963267948966,0.16249999999999432,1.5707963267948966,0.07499999999998863,0.16249999999999432,1.138388551224403,1.9502591772030309
yqaUDA6i5GY_00,284,36,4,1200.0,705.0,1245.0,742.5,1222.5,723.75,0.0,0.0,2.0,0.0,0.0,-0.3125,-3.141592653589793,-0.3125,0.15625,2.677945044588987,1.4216230017425264
yqaUDA6i5GY_00,284,35,0,725.0,402.5,762.5,438.8,743.75,420.65,1.8500000000000227,1.25,2.0,1.1163556780883148,0.5942137038004282,0.32836813515853747,-0.19118445959702013,1.4975000000000023,1.1724999999999994,0.6642711954526165,0.7046717262825837
yqaUDA6i5GY_00,284,30,0,561.2,631.2,860.0,748.8,710.6,690.0,0.4500000000000455,-0.6000000000000227,2.0,0.3750000000000227,-0.9272952180015818,-0.2516042017562172,0.5579958151151175,-0.3999999999999979,1.6045454545454525,1.8151083233538585,0.560196414649643
yqaUDA6i5GY_00,284,27,0,1387.5,617.2,1597.5,740.0,1492.5,678.6,-8.75,-4.0499999999999545,2.0,4.820917962380184,-2.7080983156073137,0.7911902419130041,0.1679193367985086,-3.4399999999999977,-1.757499999999999,-2.66926219478366,0.11069238574634489
yqaUDA6i5GY_00,284,20,0,768.8,452.5,808.8,491.2,788.8,471.85,0.0,0.0,2.0,0.0,0.0,-0.07500000000001705,-1.5707963267948966,0.0,-0.05,-1.5707963267948966,1.5707963267948966
yqaUDA6i5GY_00,284,13,0,795.0,463.1,855.0,516.2,825.0,489.65000000000003,-1.2000000000000455,0.0,2.0,0.6000000000000227,3.141592653589793,0.30000000000001137,3.141592653589793,0.125,0.03000000000000398,0.23554498072089344,1.2105166599478407
yqaUDA6i5GY_00,284,8,0,830.0,490.0,897.5,552.5,863.75,521.25,1.25,-0.650000000000091,2.0,0.7044501401802895,-0.4795192919926535,0.18972507009015044,-0.47951929199265353,0.3725000000000023,0.1875,0.4663285677250726,0.46519763584426377
yqaUDA6i5GY_00,284,6,0,1028.8,609.1,1156.2,731.2,1092.5,670.1500000000001,6.25,3.8500000000001364,2.0,3.67032014952378,0.5521012118608369,-0.17559227199789063,-0.3478376483332892,7.0625,4.540000000000009,0.5713195888256503,0.16523445382446783
yqaUDA6i5GY_00,284,4,0,241.6,838.8,291.2,916.2,266.4,877.5,0.14999999999997726,-0.6000000000000227,30.0,0.020615528128088857,-1.325817663668077,0.0006871842709362952,-1.325817663668077,0.0074999999999988635,0.060000000000002274,1.4464413322481584,0.9655379968209911
yqaUDA6i5GY_00,286,38,0,527.5,646.2,565.0,686.2,546.25,666.2,0.0,-0.6499999999999773,2.0,0.32499999999998863,-1.5707963267948966,0.0,-3.141592653589793,0.05999999999999091,0.0,0.0,2.0943951023931953
yqaUDA6i5GY_00,286,36,4,1199.4,705.0,1244.4,742.5,1221.9,723.75,-0.599999999999909,0.0,2.0,0.2999999999999545,3.141592653589793,0.14999999999997726,3.141592653589793,-0.34444444444443434,0.1388888888888889,2.7583085058440973,2.0943951023931953
yqaUDA6i5GY_00,286,35,0,728.1,403.8,764.4,440.0,746.25,421.9,2.5,1.25,2.0,1.3975424859373686,0.46364760900080615,0.1405934039245269,-0.13056609479962203,1.5024999999999977,1.125,0.6427019613874877,0.3001551664366166
yqaUDA6i5GY_00,286,30,0,569.4,631.2,859.4,753.8,714.4,692.5,3.7999999999999545,2.5,2.0,2.274313083108813,0.581905118139891,0.9496565415543952,1.5092003361414728,-0.0500000000000019,1.6791666666666647,1.600564205911726,0.7175671483115958
yqaUDA6i5GY_00,286,27,0,1380.0,607.8,1590.0,735.0,1485.0,671.4,-7.5,-7.2000000000000455,2.0,5.198317035349053,-2.3765998208788797,0.18869953648443438,0.3314984947284341,-3.875,-1.7500000000000058,-2.717398245686025,0.19778825477667986
yqaUDA6i5GY_00,286,20,0,766.2,451.9,808.8,491.9,787.5,471.9,-1.2999999999999545,0.049999999999954525,2.0,0.6504805915628608,3.1031500635686387,0.3252402957814304,3.1031500635686387,-0.06499999999999773,-0.0625,-2.375799821049532,2.081580905719477
yqaUDA6i5GY_00,286,13,0,796.2,463.1,856.2,516.2,826.2,489.65000000000003,1.2000000000000455,0.0,2.0,0.6000000000000227,0.0,0.0,-3.141592653589793,0.060000000000002274,0.015000000000000568,0.24497866312686417,2.1760546567688173
yqaUDA6i5GY_00,286,8,0,829.4,490.9,896.9,552.8,863.15,521.8499999999999,-0.6000000000000227,0.599999999999909,2.0,0.4242640687119044,2.3561944901924394,-0.14009303573419254,2.835713782185093,0.34250000000000114,0.19999999999999432,0.5285281689033782,1.2705519425275569
yqaUDA6i5GY_00,286,6,0,1031.2,615.6,1160.0,739.4,1095.6,677.5,3.099999999999909,7.349999999999909,2.0,3.988499091136856,1.171665793638824,0.159089470806538,0.6195645817779868,6.934999999999997,4.625,0.5881689652163041,0.3250189013353196
yqaUDA6i5GY_00,286,4,0,241.7,838.8,291.1,916.2,266.4,877.5,0.0,0.0,2.0,0.0,0.0,-0.010307764064044428,1.325817663668077,0.0074999999999988635,0.030000000000001137,1.325817663668077,0.8838784424453846
yqaUDA6i5GY_00,288,38,0,527.5,646.2,565.0,686.2,546.25,666.2,0.0,0.0,2.0,0.0,0.0,-0.16249999999999432,1.5707963267948966,0.04999999999999242,0.0,0.0,2.0943951023931953
yqaUDA6i5GY_00,288,36,4,1201.2,705.0,1243.8,742.5,1222.5,723.75,0.599999999999909,0.0,2.0,0.2999999999999545,0.0,0.0,-3.141592653589793,-0.25,0.125,2.677945044588987,3.141592653589793
yqaUDA6i5GY_00,288,35,0,727.5,404.4,766.2,441.2,746.85,422.79999999999995,0.6000000000000227,0.8999999999999773,2.0,0.5408326913195952,0.9827937232472999,-0.4283548973088867,0.5191461142464937,1.4675000000000011,1.1399999999999977,0.66045319841766,0.28029888954771204
yqaUDA6i5GY_00,288,30,0,561.9,630.9,859.4,746.2,710.65,688.55,-3.75,-3.9500000000000455,2.0,2.7232792732292608,-2.330226302980783,0.2244830950602239,-2.912131421120674,-0.33461538461538637,1.2461538461538408,1.8331268274210641,1.6597758574590882
yqaUDA6i5GY_00,288,27,0,1372.5,607.5,1582.5,731.2,1477.5,669.35,-7.5,-2.0499999999999545,2.0,3.887560288921569,-2.874776588706238,-0.6553783732137419,-0.49817676782735854,-4.25,-2.032499999999999,-2.6955079193332296,0.3325315331181004
yqaUDA6i5GY_00,288,20,0,766.2,451.6,808.8,490.9,787.5,471.25,0.0,-0.6499999999999773,2.0,0.32499999999998863,-1.5707963267948966,-0.16274029578143606,1.6092389168160512,-0.06499999999999773,-0.08000000000000114,-2.2531128816696206,2.0943951023931953
yqaUDA6i5GY_00,288,18,0,997.5,432.5,1047.5,471.9,1022.5,452.2,0.599999999999909,-4.400000000000034,8.0,0.5550900827793657,-1.4352686128094172,-0.07313566778996936,0.40177976313636765,-3.25,-2.1224999999999996,-2.56305743419784,0.8943022212582771
yqaUDA6i5GY_00,288,13,0,795.6,463.1,855.6,516.2,825.6,489.65000000000003,-0.6000000000000227,0.0,2.0,0.30000000000001137,3.141592653589793,-0.15000000000000568,3.141592653589793,0.030000000000001137,0.015000000000000568,0.46364760900080615,3.141592653589793
yqaUDA6i5GY_00,288,8,0,830.0,490.0,897.5,552.5,863.75,521.25,0.6000000000000227,-0.599999999999909,2.0,0.4242640687119044,-0.7853981633973536,0.0,-3.141592653589793,0.40500000000000114,0.16999999999999887,0.3974180838845708,2.15227524258918
yqaUDA6i5GY_00,288,6,0,1036.2,618.1,1162.5,745.6,1099.35,681.85,3.75,4.350000000000023,2.0,2.871628457861506,0.8593372010553911,-0.558435316637675,-0.3123285925834328,6.717499999999996,4.717500000000001,0.6122479572757229,0.42657694089823583
yqaUDA6i5GY_00,288,4,0,241.6,837.5,290.9,916.2,266.25,876.85,-0.14999999999997726,-0.6499999999999773,2.0,0.3335416016031447,-1.7975951748487569,0.16677080080157236,-1.7975951748487569,0.0,-0.0024999999999977263,-1.5707963267948966,1.483076834061637
yqaUDA6i5GY_00,290,38,0,527.5,646.2,565.0,686.2,546.25,666.2,0.0,0.0,2.0,0.0,0.0,0.0,0.0,0.04285714285713636,0.0,0.0,1.5707963267948966
yqaUDA6i5GY_00,290,36,4,1205.0,705.0,1245.0,742.5,1225.0,723.75,2.5,0.0,2.0,1.25,0.0,0.47500000000002274,0.0,0.0,0.11363636363636363,1.5707963267948966,2.0943951023931953
yqaUDA6i5GY_00,290,35,0,730.0,405.9,770.0,444.1,750.0,425.0,3.1499999999999773,2.2000000000000455,2.0,1.9210999453438162,0.6096598667120946,0.6901336270121106,-0.3731338565352053,1.5324999999999989,1.2199999999999989,0.6723490791348631,0.3409486885271071
yqaUDA6i5GY_00,290,30,0,558.4,627.5,861.2,753.8,709.8,690.65,-0.8500000000000227,2.1000000000000227,2.0,1.1327510759209338,1.9554010416171157,-0.7952640986541635,-1.997557962581688,-0.37142857142857466,1.3071428571428538,1.8476519434824459,2.1396299066146116
yqaUDA6i5GY_00,290,27,0,1363.8,605.6,1571.2,728.1,1467.5,666.85,-10.0,-2.5,2.0,5.153882032022076,-2.896613990462929,0.6331608715502535,-0.021837401756690685,-4.75,-2.092500000000001,-2.7266449163534765,0.2838375547708278
yqaUDA6i5GY_00,290,20,0,766.2,451.2,808.8,491.2,787.5,471.2,0.0,-0.05000000000001137,2.0,0.025000000000005684,-1.5707963267948966,-0.14999999999999147,0.0,-0.06499999999999773,-0.09749999999999943,-2.1587989303424506,1.5707963267948966
yqaUDA6i5GY_00,290,18,0,1006.2,431.9,1046.2,469.4,1026.2,450.65,3.7000000000000455,-1.5500000000000114,2.0,2.0057729183534443,-0.39670866289121215,0.7253414177870393,1.038559949918205,-2.75,-2.0625,-2.498091544796509,0.9149613302328602
yqaUDA6i5GY_00,290,13,0,795.6,463.1,856.9,516.9,826.25,490.0,0.6499999999999773,0.3499999999999659,2.0,0.3691205765058169,0.49394136891955515,0.03456028825290278,-2.647651284670238,0.125,0.03249999999999886,0.25436805855325745,2.9769455306166086
yqaUDA6i5GY_00,290,8,0,830.6,492.2,899.4,555.3,865.0,523.75,1.25,2.5,2.0,1.3975424859373686,1.1071487177940904,0.48663920861273213,1.892546881191444,0.4350000000000023,0.2949999999999989,0.5959180055162968,2.6232844389887764
yqaUDA6i5GY_00,290,6,0,1040.6,623.8,1165.6,752.5,1103.1,688.15,3.75,6.2999999999999545,2.0,3.6658048229549616,1.0338855840548478,0.39708818254672784,0.17454838299945666,6.684999999999997,4.939999999999998,0.6364030566826118,0.368813852453625
yqaUDA6i5GY_00,290,4,0,241.2,837.5,290.9,916.2,266.04999999999995,876.85,-0.20000000000004547,0.0,2.0,0.10000000000002274,3.141592653589793,-0.11677080080156099,-1.3439974787410363,-0.010000000000002274,-0.0024999999999977263,-2.8966139904631967,1.4891367724192903
yqaUDA6i5GY_00,292,38,0,527.5,647.5,565.0,686.2,546.25,666.85,0.0,0.6499999999999773,2.0,0.32499999999998863,1.5707963267948966,0.16249999999999432,1.5707963267948966,0.037499999999994316,0.08124999999999716,1.138388551224403,1.0471975511965976
yqaUDA6i5GY_00,292,36,4,1205.6,707.5,1244.4,742.5,1225.0,725.0,0.0,1.25,2.0,0.625,1.5707963267948966,-0.3125,1.5707963267948966,0.0,0.20833333333333334,1.5707963267948966,1.5707963267948966
yqaUDA6i5GY_00,292,35,0,731.2,405.9,771.2,444.1,751.2,425.0,1.2000000000000455,0.0,2.0,0.6000000000000227,0.0,-0.6605499726718967,-0.6096598667120944,1.5600000000000023,1.0949999999999989,0.6120154543256853,0.5006466124979312
yqaUDA6i5GY_00,292,30,0,561.9,631.2,859.4,733.8,710.65,682.5,0.8500000000000227,-8.149999999999977,2.0,4.0971026347896045,-1.4668775481036023,1.4821757794343353,2.8609067174588683,-0.29000000000000153,0.6766666666666652,1.9756881130799826,2.590198700387077
yqaUDA6i5GY_00,292,27,0,1355.0,604.4,1560.0,721.9,1457.5,663.15,-10.0,-3.7000000000000455,2.0,5.3312756447214475,-2.787212734466351,0.0886968063496858,0.10940125599657784,-5.25,-2.0600000000000023,-2.7676716274444506,0.20980514186020902
yqaUDA6i5GY_00,292,20,0,766.2,451.2,808.8,491.2,787.5,471.2,0.0,0.0,2.0,0.0,0.0,-0.012500000000002842,1.5707963267948966,-0.06499999999999773,-0.09749999999999943,-2.1587989303424506,1.060011747870316
yqaUDA6i5GY_00,292,18,0,1006.2,434.4,1046.2,469.4,1026.2,451.9,0.0,1.25,2.0,0.625,1.5707963267948966,-0.6903864591767221,1.9675049896861088,-2.5,-1.9050000000000011,-2.490455676662137,1.1359482342468938
yqaUDA6i5GY_00,292,13,0,796.2,462.8,858.8,516.6,827.5,489.70000000000005,1.25,-0.2999999999999545,2.0,0.6427480066091168,-0.23554498072082897,0.13681371505164994,-0.729486349640384,0.15500000000000114,0.017500000000001136,0.11242713083019656,2.172910095966805
yqaUDA6i5GY_00,292,8,0,831.2,493.8,898.8,555.0,865.0,524.4,0.0,0.6499999999999773,2.0,0.32499999999998863,1.5707963267948966,-0.53627124296869,0.4636476090008062,0.4350000000000023,0.32749999999999774,0.6453376540195417,1.8325957145940144
yqaUDA6i5GY_00,292,6,0,1042.5,626.9,1167.5,759.4,1105.0,693.15,1.900000000000091,5.0,2.0,2.6744158240632827,1.2076493168487044,-0.49569449944583943,0.17376373279385665,6.310000000000002,5.094999999999999,0.6792662338828453,0.220213569458915
yqaUDA6i5GY_00,292,4,0,241.4,837.5,290.8,915.0,266.1,876.25,0.05000000000006821,-0.6000000000000227,2.0,0.30103986446982156,-1.4876550949063456,0.10051993223489941,1.6539375586834473,-0.0074999999999988635,-0.03249999999999886,-1.7975951748487569,1.5985100707577466
yqaUDA6i5GY_00,294,38,0,527.5,647.5,565.0,686.2,546.25,666.85,0.0,0.0,2.0,0.0,0.0,-0.16249999999999432,-1.5707963267948966,0.03333333333332828,0.07222222222221969,1.138388551224403,1.0471975511965976
yqaUDA6i5GY_00,294,36,4,1206.2,706.2,1245.0,743.8,1225.6,725.0,0.599999999999909,0.0,2.0,0.2999999999999545,0.0,-0.16250000000002274,-1.5707963267948966,0.046153846153839155,0.19230769230769232,1.3352513460740676,1.0471975511965976
yqaUDA6i5GY_00,294,35,0,731.9,406.2,771.9,443.8,751.9,425.0,0.6999999999999318,0.0,2.0,0.3499999999999659,0.0,-0.12500000000002842,0.0,1.5324999999999989,1.0625,0.6062229745065348,0.32759790774909997
yqaUDA6i5GY_00,294,30,0,561.9,631.2,859.4,727.5,710.65,679.35,0.0,-3.1499999999999773,2.0,1.5749999999999886,-1.5707963267948966,-1.261051317394808,-0.10391877869129433,-0.2718750000000014,0.4375,2.126823300545273,1.6541278195772835
yqaUDA6i5GY_00,294,27,0,1352.5,600.3,1547.5,717.5,1450.0,658.9,-7.5,-4.25,2.0,4.310234912391667,-2.626043646130814,-0.5105203661648905,0.16116908833553725,-5.625,-2.430000000000001,-2.7338079149124033,0.09746924869626859
yqaUDA6i5GY_00,294,20,0,767.5,451.2,807.5,491.2,787.5,471.2,0.0,0.0,2.0,0.0,0.0,0.0,0.0,-0.06499999999999773,-0.09749999999999943,-2.1587989303424506,0.5235987755982987
yqaUDA6i5GY_00,294,18,0,1006.9,430.3,1045.6,469.1,1026.25,449.70000000000005,0.049999999999954525,-2.199999999999932,2.0,1.1002840542332346,-1.5480729659532755,0.2376420271166173,-3.118869292748172,-2.1875,-1.9199999999999988,-2.4212274256979036,2.041644744117495
yqaUDA6i5GY_00,294,13,0,796.2,463.1,857.5,516.9,826.85,490.0,-0.6499999999999773,0.2999999999999545,2.0,0.35794552658188894,2.7091848780192995,-0.14240124001361393,2.9447298587401285,0.12250000000000227,0.03249999999999886,0.2593317444006716,2.10728916435025
yqaUDA6i5GY_00,294,8,0,832.5,493.4,900.0,556.6,866.25,525.0,1.25,0.6000000000000227,2.0,0.6932712311931073,0.44751997515718467,0.18413561559655933,-1.123276351637712,0.4975000000000023,0.36000000000000226,0.6264017983249023,1.1598236139433207
yqaUDA6i5GY_00,294,6,0,1046.2,635.6,1173.8,768.1,1110.0,701.85,5.0,8.700000000000045,2.0,5.017220345968492,1.0491780296985123,1.1714022609526047,-0.15847128715019212,6.25,5.467500000000001,0.7187167140575222,0.16892780098116808
yqaUDA6i5GY_00,294,4,0,241.6,837.5,290.9,915.0,266.25,876.25,0.14999999999997726,0.0,2.0,0.07499999999998863,0.0,-0.11301993223491646,1.4876550949063456,0.0,0.0,0.0,1.495196710776943
yqaUDA6i5GY_00,296,35,0,735.0,408.1,772.5,445.6,753.75,426.85,1.8500000000000227,1.8500000000000227,2.0,1.308147545195129,0.7853981633974483,0.47907377259758155,0.7853981633974483,1.5625,1.1400000000000035,0.630316764194596,0.4650193433698477
yqaUDA6i5GY_00,296,30,0,600.6,603.8,859.4,745.0,730.0,674.4,19.350000000000023,-4.9500000000000455,2.0,9.986553459527483,-0.2504430896113538,4.205776729763747,1.3203532371835427,0.8823529411764706,0.12058823529411497,0.13582520021798344,1.428392911111235
yqaUDA6i5GY_00,296,27,0,1343.8,597.5,1538.8,712.5,1441.3,655.0,-8.700000000000045,-3.8999999999999773,2.0,4.767074574621227,-2.720173446701993,0.22841983111478026,-0.09412980057117927,-6.060000000000002,-2.367500000000001,-2.7691494669362218,0.12156671496776478
yqaUDA6i5GY_00,296,20,0,768.8,452.2,808.8,491.6,788.8,471.9,1.2999999999999545,0.6999999999999886,2.0,0.7382411530116474,0.49394136891958906,0.3691205765058237,0.4939413689195891,0.0,-0.0625,-1.5707963267948966,0.6882458985714951
yqaUDA6i5GY_00,296,18,0,1001.2,427.5,1043.8,465.6,1022.5,446.55,-3.75,-3.150000000000034,2.0,2.448724157597187,-2.4429328288683245,0.6742200516819763,-0.894859862915049,-2.125,-1.9549999999999983,-2.397837069290934,1.9937447151164431
yqaUDA6i5GY_00,296,13,0,798.8,464.4,857.5,519.4,828.15,491.9,1.2999999999999545,1.8999999999999773,2.0,1.1510864433221115,0.9707461133931538,0.3965704583701113,-1.7384387646261459,0.1875,0.12749999999999773,0.5971766580926693,1.8042183243355527
yqaUDA6i5GY_00,296,8,0,835.0,489.7,901.2,557.8,868.1,523.75,1.8500000000000227,-1.25,2.0,1.1163556780883148,-0.5942137038004282,0.21154222344760376,-1.0417336789576128,0.5900000000000034,0.29750000000000226,0.46703169083722124,0.8762192131987101
yqaUDA6i5GY_00,296,6,0,1048.1,638.8,1174.4,775.0,1111.25,706.9,1.25,5.0499999999999545,2.0,2.601201645393891,1.3281486617771567,-1.2080093502873006,0.2789706320786445,5.877499999999998,5.392500000000001,0.7423900951396054,0.20373521734089736
yqaUDA6i5GY_00,298,35,0,735.6,408.8,774.4,447.5,755.0,428.15,1.25,1.2999999999999545,2.0,0.9017344398435553,0.8050034942546355,-0.20320655267578686,0.019605330857187186,1.5,1.1574999999999989,0.6572241849866859,0.2683344980848786
yqaUDA6i5GY_00,298,30,0,600.9,603.8,858.8,745.0,729.8499999999999,674.4,-0.15000000000009095,0.0,2.0,0.07500000000004547,3.141592653589793,-4.955776729763719,-2.8911495639784395,0.824999999999995,0.11388888888888636,0.13718010845575604,1.438473859951092
yqaUDA6i5GY_00,298,27,0,1335.0,595.0,1527.5,711.2,1431.25,653.1,-10.049999999999955,-1.8999999999999773,2.0,5.114012612420872,-2.9547432032209784,0.17346901889982247,-0.2345697565189853,-6.5625,-2.5400000000000036,-2.7723017460310317,0.16328954847523394
yqaUDA6i5GY_00,298,20,0,768.1,451.6,809.4,491.6,788.75,471.6,-0.049999999999954525,-0.2999999999999545,2.0,0.15206906325742933,-1.7359450042094005,-0.29308604487710904,-2.2298863731289895,-0.0024999999999977263,-0.07749999999999772,-1.6030432092301221,0.9079425806828594
yqaUDA6i5GY_00,298,18,0,1003.1,427.5,1044.4,465.0,1023.75,446.25,1.25,-0.30000000000001137,2.0,0.6427480066091233,-0.23554498072087196,-0.9029880754940319,2.2073878481474525,-1.7475000000000023,-1.8274999999999977,-2.333820601950533,2.073705667936891
yqaUDA6i5GY_00,298,13,0,798.8,463.8,858.8,519.4,828.8,491.6,0.6499999999999773,-0.2999999999999545,2.0,0.35794552658188894,-0.4324077755704935,-0.3965704583701113,-1.4031538889636472,0.21999999999999886,0.1125,0.4726971357145915,2.0287741707766407
yqaUDA6i5GY_00,298,8,0,835.0,493.1,903.8,558.8,869.4,525.95,1.2999999999999545,2.2000000000000455,2.0,1.2776932339180718,1.0370881351556593,0.08066877791487848,1.6313018389560874,0.6550000000000011,0.4075000000000045,0.5565381708903325,1.2654372898504704
yqaUDA6i5GY_00,298,6,0,1050.0,643.1,1177.5,781.9,1113.75,712.5,2.5,5.600000000000023,2.0,3.066349621292403,1.1509163695893463,0.2325739879492561,-0.17723229218781048,5.627499999999998,5.407499999999999,0.7654642386674689,0.2048914038055486
yqaUDA6i5GY_00,300,35,0,736.2,408.1,776.2,448.1,756.2,428.1,1.2000000000000455,-0.049999999999954525,2.0,0.6005206074732374,-0.041642579098549015,-0.15060691618515892,-0.8466460733531844,1.5275000000000034,1.0300000000000011,0.593271655274903,0.5505498558692734
yqaUDA6i5GY_00,300,27,0,1327.5,591.2,1517.5,708.8,1422.5,650.0,-8.75,-3.1000000000000227,2.0,4.641457206524696,-2.801104939615086,-0.23627770294808803,0.1536382636058922,-7.0,-2.7399999999999975,-2.7684972079939625,0.16077927356535227
yqaUDA6i5GY_00,300,20,0,768.8,451.9,808.8,491.9,788.8,471.9,0.049999999999954525,0.2999999999999545,2.0,0.15206906325742933,1.4056476493803927,0.0,3.141592653589793,0.0,-0.0625,-1.5707963267948966,1.955140131879457
yqaUDA6i5GY_00,300,18,0,1005.0,428.1,1043.8,464.4,1024.4,446.25,0.650000000000091,0.0,2.0,0.3250000000000455,0.0,-0.15887400330453894,0.235544980720872,-1.559999999999991,-1.6550000000000011,-2.3266540967380642,1.1125975639277912
yqaUDA6i5GY_00,300,16,0,241.1,841.2,290.8,916.2,265.95,878.7,-0.30000000000001137,0.0,46.0,0.0065217391304350295,3.141592653589793,0.0001417769376181528,3.141592653589793,-0.015000000000000568,0.12000000000000455,1.695151321341658,2.308895471990938
yqaUDA6i5GY_00,300,13,0,798.8,463.1,858.8,519.4,828.8,491.25,0.0,-0.35000000000002274,2.0,0.17500000000001137,-1.5707963267948966,-0.09147276329093879,-1.138388551224403,0.21999999999999886,0.09499999999999886,0.40763150545762444,1.4266604016047324
yqaUDA6i5GY_00,300,8,0,835.6,492.5,904.4,560.0,870.0,526.25,0.6000000000000227,0.2999999999999545,2.0,0.33541019662496846,0.4636476090007303,-0.4711415186465516,-0.573440526154929,0.6850000000000023,0.38999999999999774,0.5175725514225485,1.0821586813562096
yqaUDA6i5GY_00,300,6,0,1052.5,647.5,1180.0,790.0,1116.25,718.75,2.5,6.25,2.0,3.365728004459065,1.1902899496825317,0.14968919158333094,0.039373580093185354,5.3125,5.532499999999999,0.8056812274492793,0.1651921681198797
yqaUDA6i5GY_00,302,35,0,736.2,409.7,776.2,448.4,756.2,429.04999999999995,0.0,0.9499999999999318,2.0,0.4749999999999659,1.5707963267948966,-0.06276030373663577,1.6124389058934456,1.375,1.0299999999999983,0.6429190366820705,0.8262301033679392
yqaUDA6i5GY_00,302,27,0,1320.0,576.9,1505.0,700.6,1412.5,638.75,-10.0,-11.25,2.0,7.525996611745184,-2.297438667476622,1.4422697026102442,0.5036662721384642,-7.4375,-3.3125,-2.7225889009415853,0.29729143075444725
yqaUDA6i5GY_00,302,20,0,767.5,453.1,810.0,491.9,788.75,472.5,-0.049999999999954525,0.6000000000000227,2.0,0.30103986446981684,1.6539375586832594,0.07448540060619376,0.2482899093028668,0.0625,0.06500000000000057,0.8050034942546572,1.873256312007216
yqaUDA6i5GY_00,302,18,0,1006.2,425.6,1043.8,463.1,1025.0,444.35,0.599999999999909,-1.8999999999999773,2.0,0.9962429422585392,-1.2649174553900844,0.33562147112924684,-1.2649174553900844,-1.2825000000000046,-1.7199999999999989,-2.211500891957943,1.235950094752803
yqaUDA6i5GY_00,302,16,0,240.9,841.2,290.9,916.2,265.9,878.7,-0.05000000000001137,0.0,2.0,0.025000000000005684,3.141592653589793,0.009239130434785327,0.0,-0.025,0.12000000000000455,1.7761917159846563,1.6780465115937677
yqaUDA6i5GY_00,302,13,0,799.4,463.8,859.4,521.2,829.4,492.5,0.6000000000000227,1.25,2.0,0.6932712311931073,1.123276351637712,0.25913561559654796,2.6940726784326086,0.2849999999999966,0.13999999999999774,0.4566054718924923,1.7452050395402197
yqaUDA6i5GY_00,302,8,0,836.9,493.8,905.6,560.6,871.25,527.2,1.25,0.9500000000000455,2.0,0.7850159234053928,0.6498704494119707,0.2248028633902122,0.1862228404112404,0.6875,0.3925000000000011,0.5187544182226863,0.796988401840752
yqaUDA6i5GY_00,302,6,0,1055.0,651.9,1180.0,796.9,1117.5,724.4,1.25,5.649999999999977,2.0,2.8933112518358506,1.3530645877693273,-0.23620837631160718,0.16277463808679563,5.030000000000001,5.5,0.8300029361306624,0.12646017012259675
yqaUDA6i5GY_00,304,40,0,598.1,602.2,858.1,742.5,728.1,672.35,,,,0.0,0.0,0.0,0.0,,,0.0,0.0
yqaUDA6i5GY_00,304,35,0,738.8,410.3,778.8,450.9,758.8,430.6,2.599999999999909,1.5500000000000682,2.0,1.5134810867665094,0.5375866466587812,0.5192405433832717,-1.0332096801361152,1.5024999999999977,1.0925000000000011,0.6286973450879645,1.1640982197942484
yqaUDA6i5GY_00,304,27,0,1312.5,578.1,1492.5,693.8,1402.5,635.95,-10.0,-2.7999999999999545,2.0,5.1923019942988615,-2.8685839505030866,-1.1668473087231614,-0.5711452830264645,-7.9375,-3.507499999999999,-2.7255036353584683,0.4094832729236069
yqaUDA6i5GY_00,304,20,0,768.1,451.9,809.4,491.9,788.75,471.9,0.0,-0.6000000000000227,2.0,0.30000000000001137,-1.5707963267948966,-0.0005199322349027369,3.05845142170143,0.030000000000001137,0.034999999999999434,0.8621700546671995,2.1494446615313634
yqaUDA6i5GY_00,304,18,0,1006.2,424.4,1043.8,460.6,1025.0,442.5,0.0,-1.8500000000000227,2.0,0.9250000000000114,-1.5707963267948966,-0.03562147112926389,-0.3058788714048122,-1.0625,-1.7324999999999988,-2.1209201637716597,0.6021137691719228
yqaUDA6i5GY_00,304,16,0,240.9,840.6,290.6,916.9,265.75,878.75,-0.14999999999997726,0.049999999999954525,2.0,0.07905694150419151,2.8198420991933784,0.027028470752092915,-0.3217505543964148,-0.04000000000000057,0.12250000000000227,1.8864119888336615,1.1544477359954026
yqaUDA6i5GY_00,304,13,0,800.0,463.8,861.2,521.2,830.6,492.5,1.2000000000000455,0.0,2.0,0.6000000000000227,0.0,-0.04663561559654228,-1.123276351637712,0.34499999999999886,0.15749999999999886,0.4282641528766533,1.651912527098241
yqaUDA6i5GY_00,304,8,0,838.1,495.6,908.1,560.6,873.1,528.1,1.8500000000000227,0.8999999999999773,2.0,1.0286520305720546,0.45277847182352116,0.12181805358333087,-0.19709197758844954,0.8400000000000034,0.42250000000000226,0.46602572580188345,0.3189184480515395
yqaUDA6i5GY_00,304,6,0,1055.6,656.9,1180.6,803.1,1118.1,730.0,0.599999999999909,5.600000000000023,2.0,2.816025568065751,1.4640606541457775,-0.03864284188504974,0.11099606637645024,4.592499999999996,5.625,0.8861084064815814,0.10438142818547667
yqaUDA6i5GY_00,306,40,0,598.1,604.1,858.1,743.8,728.1,673.95,0.0,1.6000000000000227,2.0,0.8000000000000114,1.5707963267948966,0.0,0.0,0.0,1.6000000000000227,1.5707963267948966,0.0
yqaUDA6i5GY_00,306,35,0,739.4,410.3,780.6,452.2,760.0,431.25,1.2000000000000455,0.6499999999999773,2.0,0.6823672031978236,0.4964227534048514,-0.4155569417843429,-0.041163893253929766,1.4375,0.9850000000000023,0.6007356996781343,0.8956041597611636
yqaUDA6i5GY_00,306,27,0,1302.5,579.4,1480.0,689.4,1391.25,634.4,-11.25,-1.5500000000000682,2.0,5.678137898994709,-3.0046768778346395,0.2429179523479239,-0.136092927331553,-8.4375,-3.6225000000000023,-2.736057366750032,0.40363482749882723
yqaUDA6i5GY_00,306,20,0,768.8,451.9,808.8,491.9,788.8,471.9,0.049999999999954525,0.0,2.0,0.024999999999977263,0.0,-0.13750000000001705,1.5707963267948966,0.03249999999999886,0.017500000000001136,0.493941368919623,1.6258458859330644
yqaUDA6i5GY_00,306,18,0,1006.2,425.0,1043.8,460.0,1025.0,442.5,0.0,0.0,2.0,0.0,0.0,-0.4625000000000057,1.5707963267948966,-0.875,-1.6550000000000011,-2.0571401573858505,1.0471975511965976
yqaUDA6i5GY_00,306,16,0,240.9,841.2,290.9,916.2,265.9,878.7,0.14999999999997726,-0.049999999999954525,2.0,0.07905694150419151,-0.3217505543964148,0.0,-3.141592653589793,-0.047500000000002277,0.12000000000000455,1.947705597119721,1.1544477359954026
yqaUDA6i5GY_00,306,13,0,800.0,463.8,862.5,522.5,831.25,493.15,0.6499999999999773,0.6499999999999773,2.0,0.45961940777123983,0.7853981633974483,-0.07019029611439145,0.7853981633974483,0.3774999999999977,0.18999999999999773,0.4662931054746531,1.5342490644892564
yqaUDA6i5GY_00,306,8,0,838.8,495.6,908.8,561.9,873.8,528.75,0.6999999999999318,0.6499999999999773,2.0,0.47762432936353727,0.7483780475235494,-0.27551385060425865,0.29559957570002826,0.8149999999999977,0.46999999999999886,0.5231012683094631,0.2263047978999059
yqaUDA6i5GY_00,306,6,0,1056.2,661.2,1181.2,811.2,1118.7,736.2,0.6000000000001364,6.2000000000000455,2.0,3.1144823004795166,1.4743225516122886,0.14922836620688273,0.010261897466511181,4.214999999999998,5.625,0.9277220212194014,0.09467753397658528
yqaUDA6i5GY_00,308,40,0,598.4,602.5,858.8,750.0,728.5999999999999,676.25,0.4999999999998863,2.2999999999999545,2.0,1.1768602295939476,1.3567356432311182,0.18843011479696814,-0.2140606835637784,0.24999999999994316,1.9499999999999886,1.4432867685796862,0.07135356118792613
yqaUDA6i5GY_00,308,35,0,739.4,410.6,781.9,451.9,760.65,431.25,0.6499999999999773,0.0,2.0,0.32499999999998863,0.0,-0.1786836015989175,-0.4964227534048514,1.4074999999999989,0.9375,0.5875925994705014,0.523598775598299
yqaUDA6i5GY_00,308,27,0,1295.0,575.6,1470.0,681.2,1382.5,628.4000000000001,-8.75,-5.999999999999886,2.0,5.304773793480704,-2.540518899092053,-0.18668205275700256,0.4641579787425867,-8.75,-3.9249999999999945,-2.7199273635308434,0.39046539636686806
yqaUDA6i5GY_00,308,20,0,769.4,453.1,809.4,491.9,789.4,472.5,0.6000000000000227,0.6000000000000227,2.0,0.4242640687119446,0.7853981633974483,0.19963203435598367,0.7853981633974483,0.030000000000001137,0.03249999999999886,0.825376850520702,1.8048819706312582
yqaUDA6i5GY_00,308,18,0,1006.2,424.7,1043.8,459.1,1025.0,441.9,0.0,-0.6000000000000227,2.0,0.30000000000001137,-1.5707963267948966,0.15000000000000568,-1.5707963267948966,-0.6875,-1.5125,-1.9974238199217726,1.1491571749982017
yqaUDA6i5GY_00,308,16,0,240.9,840.6,290.9,916.9,265.9,878.75,0.0,0.049999999999954525,2.0,0.024999999999977263,1.5707963267948966,-0.027028470752107125,1.8925468811913113,-0.047500000000002277,0.12250000000000227,1.940702394251464,1.7852966963925063
yqaUDA6i5GY_00,308,13,0,801.2,466.6,863.8,524.1,832.5,495.35,1.25,2.2000000000000455,2.0,1.2651580928880193,1.0541011880326283,0.4027693425583897,0.2687030246351801,0.40749999999999886,0.3,0.6346080626075766,0.725792513223447
yqaUDA6i5GY_00,308,8,0,840.0,500.0,912.5,563.8,876.25,531.9,2.4500000000000455,3.1499999999999773,2.0,1.9953069939234964,0.9097531579441972,0.7588413322799796,0.1613751104206478,0.9375,0.6274999999999977,0.5898464859077976,0.21802222123637505
yqaUDA6i5GY_00,308,6,0,1062.5,667.5,1182.5,818.8,1122.5,743.15,3.7999999999999545,6.949999999999932,2.0,3.9605081744644433,1.0704420487806514,0.42301293699246334,-0.4038805028316373,4.0,5.8624999999999945,0.9720467017501666,0.17504615555819916
yqaUDA6i5GY_00,310,40,0,597.5,602.5,858.8,748.8,728.15,675.65,-0.4499999999999318,-0.6000000000000227,2.0,0.3749999999999886,-2.2142974355880902,-0.4009301147969795,2.712152228360378,0.01666666666665151,1.0999999999999848,1.5556459709201402,0.9754043039747188
yqaUDA6i5GY_00,310,35,0,741.2,410.6,781.2,451.9,761.2,431.25,0.5500000000000682,0.0,2.0,0.2750000000000341,0.0,-0.024999999999977263,0.0,1.375,0.9224999999999994,0.5909339184347415,0.17919554888626055
yqaUDA6i5GY_00,310,27,0,1285.0,568.8,1455.0,676.2,1370.0,622.5,-12.5,-5.900000000000091,2.0,6.911222757226124,-2.7005948922351357,0.8032244818727099,-0.16007599314308288,-9.25,-4.219999999999999,-2.713581359962398,0.2534422997390742
yqaUDA6i5GY_00,310,20,0,770.0,453.1,810.0,491.9,790.0,472.5,0.6000000000000227,0.0,2.0,0.30000000000001137,0.0,-0.06213203435596662,-0.7853981633974483,0.060000000000002274,0.030000000000001137,0.46364760900080615,1.0471975511965976
yqaUDA6i5GY_00,310,18,0,1005.6,423.1,1043.1,456.9,1024.35,440.0,-0.650000000000091,-1.8999999999999773,2.0,1.0040542814011642,-1.9004207342156858,0.3520271407005764,-0.3296244074207893,-0.5925000000000068,-1.5925000000000011,-1.9269839134356497,1.1570723536701941
yqaUDA6i5GY_00,310,16,0,240.9,841.2,290.9,916.2,265.9,878.7,0.0,-0.049999999999954525,2.0,0.024999999999977263,-1.5707963267948966,0.0,-3.141592653589793,-0.047500000000002277,0.1525000000000034,1.8727474886251532,2.725244062790299
yqaUDA6i5GY_00,310,13,0,802.5,467.8,865.0,524.1,833.75,495.95000000000005,1.25,0.6000000000000227,2.0,0.6932712311931073,0.44751997515718467,-0.285943430847456,-0.6065812128754436,0.5024999999999977,0.3300000000000011,0.5810822987973308,0.5535608003026908
yqaUDA6i5GY_00,310,8,0,841.2,501.2,912.5,564.4,876.85,532.8,0.6000000000000227,0.8999999999999773,2.0,0.5408326913195952,0.9827937232472999,-0.7272371513019507,0.07304056530310266,0.9074999999999989,0.6724999999999965,0.6377464135764717,0.17667175047459274
yqaUDA6i5GY_00,310,6,0,1061.9,670.0,1183.1,826.2,1122.5,748.1,0.0,4.9500000000000455,2.0,2.4750000000000227,1.5707963267948966,-0.7427540872322103,0.5003542780142451,3.625,5.872500000000002,1.017764882644256,0.3048322261041308
yqaUDA6i5GY_00,312,40,0,597.5,603.1,858.8,750.6,728.15,676.85,0.0,1.2000000000000455,2.0,0.6000000000000227,1.5707963267948966,0.11250000000001706,-2.4980915447965995,0.012499999999988631,1.125,1.5596856728972992,1.8081014855735853
yqaUDA6i5GY_00,312,35,0,742.5,411.2,782.5,451.9,762.5,431.54999999999995,1.2999999999999545,0.2999999999999545,2.0,0.6670832032062894,0.22679884805386033,0.19604160160312767,0.22679884805386036,1.4399999999999977,0.8899999999999977,0.5535899646337086,0.2410738671529041
yqaUDA6i5GY_00,312,27,0,1275.0,566.9,1445.0,673.1,1360.0,620.0,-10.0,-2.5,2.0,5.153882032022076,-2.896613990462929,-0.878670362602024,-0.19601909822779323,-9.6875,-4.195000000000005,-2.7329383302540187,0.27341769003782096
yqaUDA6i5GY_00,312,20,0,770.0,452.5,810.0,491.9,790.0,472.2,0.0,-0.30000000000001137,2.0,0.15000000000000568,-1.5707963267948966,-0.07500000000000284,-1.5707963267948966,0.09499999999999886,0.017499999999998295,0.18216831047274823,1.0471975511965976
yqaUDA6i5GY_00,312,18,0,1006.2,423.1,1043.8,456.9,1025.0,440.0,0.650000000000091,0.0,2.0,0.3250000000000455,0.0,-0.33952714070055934,1.9004207342156858,-0.4075000000000045,-1.4675000000000011,-1.8416553113923984,1.2669471561437906
yqaUDA6i5GY_00,312,16,0,240.9,841.2,290.9,916.2,265.9,878.7,0.0,0.0,2.0,0.0,0.0,-0.012499999999988631,1.5707963267948966,-0.04000000000000057,0.1525000000000034,1.827312939439218,2.2016452871920005
yqaUDA6i5GY_00,312,13,0,802.5,468.1,866.2,525.6,834.35,496.85,0.6000000000000227,0.8999999999999773,2.0,0.5408326913195952,0.9827937232472999,-0.07621926993675604,0.5352737480901153,0.5324999999999989,0.375,0.6135561455119177,0.4701859952002465
yqaUDA6i5GY_00,312,8,0,841.9,502.5,914.4,565.6,878.15,534.05,1.2999999999999545,1.25,2.0,0.9017344398435553,0.7657928325402611,0.18045087426198003,-0.2170008907070388,0.9724999999999966,0.7199999999999989,0.6373028410631639,0.15047218881026295
yqaUDA6i5GY_00,312,6,0,1060.0,668.8,1182.5,833.8,1121.25,751.3,-1.25,3.199999999999932,2.0,1.7177383386301566,1.943194773471658,-0.3786308306849331,0.3723984466767614,3.1875,5.75,1.0646211831743062,0.4255444091742142
yqaUDA6i5GY_00,314,40,0,596.2,603.1,858.8,751.9,727.5,677.5,-0.6499999999999773,0.6499999999999773,2.0,0.45961940777123983,2.356194490192345,-0.07019029611439145,0.7853981633974483,-0.12000000000000455,1.0299999999999954,1.6867783112752261,1.9985473121848083
yqaUDA6i5GY_00,314,35,0,743.1,414.4,783.1,455.6,763.1,435.0,0.6000000000000227,3.4500000000000455,2.0,1.7508926294893372,1.3986055122719534,0.5419047131415239,1.171806664218093,1.3725000000000023,1.0,0.6296621807763593,0.4662018374239847
yqaUDA6i5GY_00,314,27,0,1266.2,560.6,1433.8,665.6,1350.0,613.1,-10.0,-6.899999999999977,2.0,6.0747427929090065,-2.537609675336797,0.4604303804434653,0.359004315126132,-8.875,-3.844999999999999,-2.732763879771753,0.23836646883233603
yqaUDA6i5GY_00,314,20,0,770.0,455.0,812.5,492.5,791.25,473.75,1.25,1.5500000000000114,2.0,0.9956153875869983,0.8921338360465875,0.4228076937934963,2.462930162841484,0.12250000000000227,0.09499999999999886,0.6596287426369059,1.6063748843446095
yqaUDA6i5GY_00,314,18,0,1006.2,421.9,1043.8,455.6,1025.0,438.75,0.0,-1.25,2.0,0.625,-1.5707963267948966,0.14999999999997726,-1.5707963267948966,-0.3125,-1.3925000000000012,-1.7915553323273439,1.2669471561437906
yqaUDA6i5GY_00,314,16,0,240.9,841.2,290.9,916.2,265.9,878.7,0.0,0.0,2.0,0.0,0.0,0.0,0.0,-0.047500000000002277,0.12250000000000227,1.940702394251464,1.5707963267948966
yqaUDA6i5GY_00,314,13,0,802.5,469.4,865.0,526.9,833.75,498.15,-0.6000000000000227,1.2999999999999545,2.0,0.7158910531638019,2.003204102365462,0.08752918092210332,1.0204103791181622,0.46999999999999886,0.4399999999999977,0.7524430657831489,0.7207551133612405
yqaUDA6i5GY_00,314,8,0,842.5,502.5,915.0,566.2,878.75,534.35,0.6000000000000227,0.3000000000000682,2.0,0.3354101966249939,0.4636476090008819,-0.28316212160928067,-0.3021452235393792,0.9675000000000011,0.7025000000000035,0.6280276470587365,0.19739555984984006
yqaUDA6i5GY_00,314,6,0,1060.6,657.5,1181.9,842.5,1121.25,750.0,0.0,-1.2999999999999545,2.0,0.6499999999999773,-1.5707963267948966,-0.5338691693150897,2.7691942069130318,2.8125,5.5,1.098099191080307,1.2139823105346792
yqaUDA6i5GY_00,316,40,0,596.2,603.1,858.8,753.1,727.5,678.1,0.0,0.6000000000000227,2.0,0.30000000000001137,1.5707963267948966,-0.07980970388561423,-0.7853981633974483,-0.1000000000000038,0.9583333333333334,1.6747678787195588,1.3562959571971653
yqaUDA6i5GY_00,316,35,0,743.8,414.4,783.8,455.6,763.8,435.0,0.6999999999999318,0.0,2.0,0.3499999999999659,0.0,-0.7004463147446857,-1.3986055122719534,1.2849999999999966,0.9699999999999989,0.6466066888713039,0.932403674847969
yqaUDA6i5GY_00,316,27,0,1260.0,560.0,1420.0,660.6,1340.0,610.3,-10.0,-2.800000000000068,2.0,5.1923019942988775,-2.8685839505030764,-0.4412203993050645,-0.3309742751662795,-9.125,-3.860000000000002,-2.7414056235265587,0.29533256284006826
yqaUDA6i5GY_00,316,20,0,769.4,454.7,811.9,492.2,790.65,473.45,-0.6000000000000227,-0.30000000000001137,2.0,0.33541019662498117,-2.677945044588987,-0.33010259548100856,2.713106426544012,0.09250000000000114,0.0799999999999983,0.7130608328588368,2.2489443053934637
yqaUDA6i5GY_00,316,18,0,1007.5,422.5,1043.8,455.0,1025.65,438.75,0.650000000000091,0.0,2.0,0.3250000000000455,0.0,-0.14999999999997726,1.5707963267948966,-0.15499999999999545,-1.3125,-1.6883471091271978,1.680671129268493
yqaUDA6i5GY_00,316,16,0,240.9,841.2,290.9,916.2,265.9,878.7,0.0,0.0,2.0,0.0,0.0,0.0,0.0,-0.047500000000002277,0.12250000000000227,1.940702394251464,0.5235987755982988
yqaUDA6i5GY_00,316,13,0,803.8,468.4,866.2,526.6,835.0,497.5,1.25,-0.6499999999999773,2.0,0.7044501401802633,-0.47951929199258186,-0.005720456491769277,-2.482723394358044,0.5,0.40749999999999886,0.6838205958538082,1.3461358405221073
yqaUDA6i5GY_00,316,8,0,843.8,502.5,916.2,567.5,880.0,535.0,1.25,0.6499999999999773,2.0,0.7044501401802633,0.47951929199258186,0.1845199717776347,0.015871682991699942,1.0,0.6899999999999977,0.6039829782529964,0.17833926574603917
yqaUDA6i5GY_00,316,6,0,1058.8,658.8,1183.8,851.2,1121.3,755.0,0.049999999999954525,5.0,2.0,2.5001249968751558,1.5607966601082404,0.9250624984375893,3.131592986903137,2.5350000000000024,5.342500000000001,1.1277585072214766,2.0910618801643097
yqaUDA6i5GY_00,318,40,0,596.2,602.5,858.8,753.8,727.5,678.15,0.0,0.049999999999954525,2.0,0.024999999999977263,1.5707963267948966,-0.13750000000001705,0.0,-0.08571428571428896,0.8285714285714221,1.6738779353176014,0.5235987755982988
yqaUDA6i5GY_00,318,35,0,743.1,415.0,784.4,456.2,763.75,435.6,-0.049999999999954525,0.6000000000000227,2.0,0.30103986446981684,1.6539375586832594,-0.024480067765074526,1.6539375586832594,1.2800000000000011,0.875,0.599629986503951,1.408116578391102
yqaUDA6i5GY_00,318,27,0,1250.6,546.2,1415.0,656.2,1332.8,601.2,-7.2000000000000455,-9.099999999999909,2.0,5.801939330947865,-2.2401537409474486,0.30481866832449356,0.6284302095556277,-9.110000000000003,-4.222499999999997,-2.7075676568784623,0.43946959994934637
yqaUDA6i5GY_00,318,20,0,769.4,454.4,811.9,491.9,790.65,473.15,0.0,-0.30000000000001137,2.0,0.15000000000000568,-1.5707963267948966,-0.09270509831248774,1.1071487177940904,0.09250000000000114,0.08000000000000114,0.7130608328588544,2.0943951023931953
yqaUDA6i5GY_00,318,18,0,1005.0,420.6,1045.0,456.9,1025.0,438.75,-0.650000000000091,0.0,2.0,0.3250000000000455,3.141592653589793,0.0,3.141592653589793,-0.125,-1.1875,-1.6756732655251305,2.0943951023931953
yqaUDA6i5GY_00,318,16,0,240.9,841.2,290.9,916.2,265.9,878.7,0.0,0.0,2.0,0.0,0.0,0.0,0.0,-0.047500000000002277,0.12250000000000227,1.940702394251464,0.0
yqaUDA6i5GY_00,318,13,0,804.4,468.8,866.9,527.5,835.65,498.15,0.6499999999999773,0.6499999999999773,2.0,0.45961940777123983,0.7853981633974483,-0.12241536620451174,1.2649174553900302,0.5324999999999989,0.4399999999999977,0.6905677721092938,1.589350409622079
yqaUDA6i5GY_00,318,8,0,845.0,502.5,917.5,568.8,881.25,535.65,1.25,0.6499999999999773,2.0,0.7044501401802633,0.47951929199258186,0.0,0.0,1.0300000000000011,0.7199999999999989,0.6100740739991511,0.10600563551035957
yqaUDA6i5GY_00,318,6,0,1056.2,692.5,1183.8,860.0,1120.0,776.25,-1.2999999999999545,21.25,2.0,10.644863784943421,1.631896649421269,4.072369394034133,0.07109998931302865,2.1875,6.132500000000005,1.2281598130665896,1.9906290610430653
yqaUDA6i5GY_00,320,40,0,596.2,603.8,858.8,755.0,727.5,679.4,0.0,1.25,2.0,0.625,1.5707963267948966,0.30000000000001137,0.0,-0.07500000000000284,0.8812499999999943,1.6556981202446224,0.2617993877991494
yqaUDA6i5GY_00,320,35,0,743.8,416.6,785.0,456.6,764.4,436.6,0.6499999999999773,1.0,2.0,0.596343022093822,0.9944211062037288,0.14765157881200255,-0.6595164524795305,1.1574999999999989,0.8925000000000012,0.6568427735118326,1.2373531744782478
yqaUDA6i5GY_00,320,27,0,1241.2,547.5,1398.8,651.2,1320.0,599.35,-12.799999999999955,-1.8500000000000227,2.0,6.466500212634322,-2.9980553598879696,0.3322804408432285,-0.7579016189405209,-9.375,-4.25,-2.7159701852501614,0.572435367887476
yqaUDA6i5GY_00,320,20,0,770.6,454.7,811.9,492.2,791.25,473.45,0.6000000000000227,0.30000000000001137,2.0,0.33541019662498117,0.46364760900080615,0.09270509831248774,2.0344439357957027,0.12250000000000227,0.09500000000000171,0.6596287426369204,1.9515663600446016
yqaUDA6i5GY_00,320,18,0,1003.8,418.8,1043.8,453.8,1023.8,436.3,-1.2000000000000455,-2.4499999999999886,2.0,1.364047286570379,-2.0262473980458067,0.5195236432851668,1.1153452555439867,-0.12250000000000227,-1.2174999999999983,-1.671074859267367,1.9425780786428921
yqaUDA6i5GY_00,320,16,0,240.9,841.2,290.9,916.2,265.9,878.7,0.0,0.0,2.0,0.0,0.0,0.0,0.0,-0.04000000000000057,0.12250000000000227,1.8864119888336615,0.0
yqaUDA6i5GY_00,320,13,0,805.6,468.1,866.9,528.1,836.25,498.1,0.6000000000000227,-0.049999999999954525,2.0,0.30103986446981684,-0.08314123188836282,-0.0792897716507115,-0.8685393952858111,0.5024999999999977,0.42249999999999943,0.6991263513962729,1.5387267483446285
yqaUDA6i5GY_00,320,8,0,846.9,503.1,920.6,570.6,883.75,536.85,2.5,1.2000000000000455,2.0,1.3865424623862146,0.44751997515718467,0.34104616110297564,-0.031999316835397196,1.0949999999999989,0.7474999999999966,0.5989854255332138,0.015956999942365564
yqaUDA6i5GY_00,320,6,0,1052.5,696.2,1182.5,868.8,1117.5,782.5,-2.5,6.25,2.0,3.365728004459065,1.9513027039072615,-3.639567890242178,0.31940605448599246,1.8125,6.125,1.2830883432466182,1.1740330102340522
yqaUDA6i5GY_00,322,40,0,596.9,604.4,858.1,755.6,727.5,680.0,0.0,0.6000000000000227,2.0,0.30000000000001137,1.5707963267948966,-0.16249999999999432,0.0,-0.06666666666666919,0.8499999999999974,1.6490674673161778,0.0
yqaUDA6i5GY_00,322,35,0,743.8,417.5,786.2,458.8,765.0,438.15,0.6000000000000227,1.5499999999999545,2.0,0.831038506929716,1.2014626691212484,0.11734774241794704,0.20704156291751963,1.1550000000000011,0.9375,0.6818274377701965,0.8401651913601035
yqaUDA6i5GY_00,322,27,0,1234.4,543.8,1385.0,644.4,1309.7,594.0999999999999,-10.299999999999955,-5.250000000000114,2.0,5.780408722573177,-2.6702082550548725,-0.3430457450305724,0.32784710483309715,-9.577499999999997,-4.427500000000004,-2.708572589294036,0.5713929777764152
yqaUDA6i5GY_00,322,20,0,770.0,454.4,812.5,492.5,791.25,473.45,0.0,0.0,2.0,0.0,0.0,-0.16770509831249059,-0.4636476090008062,0.12250000000000227,0.0799999999999983,0.5785242144176871,1.2017467541968663
yqaUDA6i5GY_00,322,18,0,1003.1,418.1,1043.1,451.9,1023.0999999999999,435.0,-0.7000000000000455,-1.3000000000000114,2.0,0.7382411530116858,-2.064737695714501,-0.3129030667793466,-0.03849029766869448,-0.09500000000000455,-1.1900000000000006,-1.6504593118406874,1.4318094022674914
yqaUDA6i5GY_00,322,16,0,240.9,841.2,290.9,916.2,265.9,878.7,0.0,0.0,2.0,0.0,0.0,0.0,0.0,-0.047500000000002277,0.1525000000000034,1.8727474886251532,0.0
yqaUDA6i5GY_00,322,13,0,805.6,468.1,866.9,529.4,836.25,498.75,0.0,0.6499999999999773,2.0,0.32499999999998863,1.5707963267948966,0.011980067765085894,1.6539375586832594,0.5024999999999977,0.4549999999999983,0.7358304435248838,1.2624648031197003
yqaUDA6i5GY_00,322,8,0,847.5,503.1,921.2,571.9,884.35,537.5,0.6000000000000227,0.6499999999999773,2.0,0.4422951503238527,0.825376850520702,-0.47212365603118095,0.37785687536351736,1.0925000000000011,0.7799999999999955,0.6200329889089113,0.13661873073297137
yqaUDA6i5GY_00,322,6,0,1047.5,702.5,1182.5,878.8,1115.0,790.65,-2.5,8.149999999999977,2.0,4.262408356786091,1.868432817887704,0.44834017616351307,-0.08286988601955737,1.4375,6.217500000000001,1.3435863911437778,0.15779197660619237
yqaUDA6i5GY_00,324,40,0,596.9,604.4,858.1,755.6,727.5,680.0,0.0,0.0,2.0,0.0,0.0,-0.15000000000000568,-1.5707963267948966,-0.060000000000002274,0.7649999999999977,1.6490674673161778,0.5235987755982988
yqaUDA6i5GY_00,324,35,0,743.8,417.8,788.8,459.7,766.3,438.75,1.2999999999999545,0.6000000000000227,2.0,0.7158910531638019,0.43240777557056553,-0.05757372688295709,-0.7690548935506829,1.1274999999999977,0.9050000000000011,0.6763612486640656,0.5452043029825778
yqaUDA6i5GY_00,324,27,0,1224.4,538.8,1375.0,641.2,1299.7,590.0,-10.0,-4.099999999999909,2.0,5.40393375236964,-2.7524954225345226,-0.18823748510176852,-0.08228716747965016,-9.639999999999997,-4.4300000000000015,-2.7108306961514046,0.38934529708442267
yqaUDA6i5GY_00,324,20,0,771.2,453.1,813.8,494.4,792.5,473.75,1.25,0.30000000000001137,2.0,0.6427480066091233,0.23554498072087196,0.3213740033045617,0.235544980720872,0.18500000000000227,0.09499999999999886,0.47439988279189754,0.9112121751724601
yqaUDA6i5GY_00,324,18,0,1002.5,418.1,1042.5,451.9,1022.5,435.0,-0.599999999999909,0.0,2.0,0.2999999999999545,3.141592653589793,-0.21912057650586564,-1.0768549578752922,0.0,-1.1900000000000006,-1.5707963267948966,0.7435635036959911
yqaUDA6i5GY_00,324,16,0,240.9,841.2,290.9,916.2,265.9,878.7,0.0,0.0,2.0,0.0,0.0,0.0,0.0,-0.047500000000002277,0.1525000000000034,1.8727474886251532,0.0
yqaUDA6i5GY_00,324,13,0,805.0,470.6,870.0,529.4,837.5,500.0,1.25,1.25,2.0,0.8838834764831844,0.7853981633974483,0.2794417382415979,-0.7853981633974483,0.625,0.5174999999999983,0.6915824681326712,1.102625039122173
yqaUDA6i5GY_00,324,8,0,848.8,506.9,923.8,571.9,886.3,539.4,1.9499999999999318,1.8999999999999773,2.0,1.361295339006166,0.7724118804772874,0.45950009434115663,-0.052964970043414605,1.1274999999999977,0.9074999999999989,0.677708292564628,0.15427372074744292
yqaUDA6i5GY_00,324,6,0,1045.0,706.2,1180.0,888.8,1112.5,797.5,-2.5,6.850000000000023,2.0,3.6459738068176075,1.9207389760055342,-0.3082172749842418,0.05230615811783013,1.0,6.367499999999995,1.4150211792033007,0.15152736620779286
yqaUDA6i5GY_00,326,40,0,597.2,603.8,857.5,755.0,727.35,679.4,-0.14999999999997726,-0.6000000000000227,2.0,0.30923292192133284,-1.8157749899217162,0.15461646096066642,-1.8157749899217162,-0.06818181818181818,0.6409090909090868,1.676780684784497,1.1288571055722043
yqaUDA6i5GY_00,326,35,0,745.0,418.1,790.0,460.0,767.5,439.05,1.2000000000000455,0.30000000000001137,2.0,0.6184658438426726,0.24497866312686417,-0.04871260466056465,-0.1874291124437014,1.0625,0.8575000000000017,0.6790303068236806,0.3878418563039682
yqaUDA6i5GY_00,326,27,0,1215.0,538.1,1360.0,638.1,1287.5,588.1,-12.200000000000045,-1.8999999999999773,2.0,6.1735322142190405,-2.9870960366554145,0.38479923092470036,-0.2346006141208919,-9.875,-4.164999999999997,-2.742459196209146,0.21491162881121303
yqaUDA6i5GY_00,326,20,0,770.0,451.6,820.0,495.3,795.0,473.45000000000005,2.5,-0.2999999999999545,2.0,1.2589678312014143,-0.11942892601832053,0.3081099122961455,-0.35497390673919255,0.375,0.07750000000000341,0.203797521042337,0.35138883215362343
yqaUDA6i5GY_00,326,18,0,1002.5,417.5,1042.5,452.5,1022.5,435.0,0.0,0.0,2.0,0.0,0.0,-0.14999999999997726,-3.141592653589793,0.029999999999995454,-1.0800000000000012,-1.5430256902014798,1.4189793030445932
yqaUDA6i5GY_00,326,16,0,240.9,841.2,290.9,916.2,265.9,878.7,0.0,0.0,2.0,0.0,0.0,0.0,0.0,-0.047500000000002277,0.12250000000000227,1.940702394251464,0.0
yqaUDA6i5GY_00,326,13,0,805.0,471.2,870.0,529.4,837.5,500.29999999999995,0.0,0.2999999999999545,2.0,0.14999999999997726,1.5707963267948966,-0.3669417382416036,0.7853981633974483,0.5649999999999977,0.532499999999996,0.7557940585417464,1.0749112951593853
yqaUDA6i5GY_00,326,8,0,850.0,508.1,925.0,571.9,887.5,540.0,1.2000000000000455,0.6000000000000227,2.0,0.6708203932499623,0.46364760900080615,-0.3452374728781018,-0.3087642714764813,1.2175000000000011,0.9075000000000045,0.640537666694499,0.24652870562780427
yqaUDA6i5GY_00,326,6,0,1041.2,716.2,1181.2,898.8,1111.2,807.5,-1.2999999999999545,10.0,2.0,5.042072986381689,1.700071330843035,0.6980495897820409,-0.22066764516249918,0.7800000000000068,6.5,1.4513674007765571,0.11861456309996178
yqaUDA6i5GY_00,328,40,0,595.0,631.9,857.5,755.6,726.25,693.75,-1.1000000000000227,14.350000000000023,2.0,7.196049263311096,1.6473017645671184,3.4434081706948816,-2.8201085526907517,-0.15416666666666856,1.7833333333333314,1.6570305316156282,2.0688932898024546
yqaUDA6i5GY_00,328,35,0,747.5,418.8,787.5,460.0,767.5,439.4,0.0,0.3499999999999659,2.0,0.17499999999998295,1.5707963267948966,-0.2217329219213448,1.3258176636680323,1.0324999999999989,0.8300000000000012,0.6770987333156605,0.7607672232208058
yqaUDA6i5GY_00,328,27,0,1206.9,533.4,1352.5,630.9,1279.7,582.15,-7.7999999999999545,-5.9500000000000455,2.0,4.9051630961671355,-2.489936781630908,-0.6341845590259525,0.49715925502450636,-9.889999999999997,-4.360000000000002,-2.726374421108669,0.27134901220834945
yqaUDA6i5GY_00,328,20,0,771.2,453.1,818.8,495.6,795.0,474.35,0.0,0.8999999999999773,2.0,0.44999999999998863,1.5707963267948966,-0.40448391560071284,1.6902252528132171,0.375,0.15500000000000114,0.39194752546851536,0.7602480467577605
yqaUDA6i5GY_00,328,18,0,998.8,417.8,1041.2,451.6,1020.0,434.70000000000005,-2.5,-0.2999999999999545,2.0,1.2589678312014143,-3.022163727571473,0.6294839156007072,-3.022163727571473,-0.125,-0.8749999999999971,-1.712693381399061,2.413537113012186
yqaUDA6i5GY_00,328,16,0,240.3,838.8,291.6,916.2,265.95000000000005,877.5,0.05000000000006821,-1.2000000000000455,2.0,0.6005206074732399,-1.529153747696253,0.30026030373661994,-1.529153747696253,-0.04499999999999886,0.0625,2.1948193797716415,0.5097179158987509
yqaUDA6i5GY_00,328,13,0,811.2,472.5,871.2,528.8,841.2,500.65,3.7000000000000455,0.35000000000002274,2.0,1.858258593414837,0.09431395132718548,0.8541292967074299,-1.476482375467711,0.7800000000000011,0.5499999999999972,0.6141594272920075,1.0157595674208693
yqaUDA6i5GY_00,328,8,0,853.1,503.8,926.9,575.6,890.0,539.7,2.5,-0.2999999999999545,2.0,1.2589678312014143,-0.11942892601832053,0.294073718975726,-0.5830765350191266,1.3125,0.9225000000000023,0.6126409371537179,0.3149352588463407
yqaUDA6i5GY_00,328,6,0,1033.1,723.8,1176.9,910.0,1105.0,816.9,-6.2000000000000455,9.399999999999977,2.0,5.630275304103702,2.1538728618140457,0.2941011588610065,0.45380153097101067,0.2825000000000045,6.752499999999998,1.5289843527458973,0.24225844475044622
yqaUDA6i5GY_00,330,40,0,595.0,632.2,857.5,755.0,726.25,693.6,0.0,-0.14999999999997726,2.0,0.07499999999998863,-1.5707963267948966,-3.5605246316555537,3.065087215817571,-0.14230769230769405,1.6346153846153846,1.6576361986211074,2.566990252810013
yqaUDA6i5GY_00,330,35,0,747.5,418.1,787.5,460.6,767.5,439.35,0.0,-0.049999999999954525,2.0,0.024999999999977263,-1.5707963267948966,-0.07500000000000284,-3.141592653589793,0.875,0.7175000000000011,0.686817649758646,1.5516131432338425
yqaUDA6i5GY_00,330,27,0,1200.0,530.6,1341.2,625.6,1270.6,578.1,-9.100000000000136,-4.0499999999999545,2.0,4.980273586862526,-2.722858640058786,0.037555245347695276,-0.23292185842787783,-9.845000000000004,-4.4375,-2.7181264934065728,0.32156057585775866
yqaUDA6i5GY_00,330,20,0,771.2,453.1,821.2,495.6,796.2,474.35,1.2000000000000455,0.0,2.0,0.6000000000000227,0.0,0.07500000000001705,-1.5707963267948966,0.4350000000000023,0.1575000000000017,0.34738596291832147,1.2053318287824353
yqaUDA6i5GY_00,330,18,0,998.8,417.5,1041.2,450.6,1020.0,434.05,0.0,-0.6500000000000341,2.0,0.32500000000001705,-1.5707963267948966,-0.46698391560069863,1.4513674007765762,-0.3100000000000023,-0.8299999999999983,-1.9282459938708658,2.5383745939792806
yqaUDA6i5GY_00,330,16,0,240.8,839.4,291.4,916.9,266.1,878.15,0.14999999999997726,0.6499999999999773,2.0,0.3335416016031447,1.3439974787410363,-0.13348950293504758,2.8731512264372894,-0.05499999999999829,0.09250000000000114,2.107231784399609,1.4674349913778475
yqaUDA6i5GY_00,330,13,0,811.2,472.2,871.2,528.4,841.2,500.29999999999995,0.0,-0.35000000000002274,2.0,0.17500000000001137,-1.5707963267948966,-0.8416292967074128,-1.6651102781220821,0.7475000000000023,0.5149999999999977,0.603280253610088,1.3089969389957472
yqaUDA6i5GY_00,330,8,0,855.0,502.5,927.5,576.2,891.25,539.35,1.25,-0.35000000000002274,2.0,0.6490377492873616,-0.2730087030867275,-0.30496504095702637,-0.15357977706840698,1.3125,0.7800000000000011,0.5362072252681721,0.3484735278546715
yqaUDA6i5GY_00,330,6,0,1028.8,727.5,1175.0,920.0,1101.9,823.75,-3.099999999999909,6.850000000000023,2.0,3.759404873114884,1.9957727482244783,-0.9354352154944092,-0.15810011358956744,-0.05999999999999091,6.780000000000001,1.579645653311153,0.27752309657435864
yqaUDA6i5GY_00,332,40,0,595.6,631.9,858.1,754.4,726.85,693.15,0.6000000000000227,-0.4500000000000455,2.0,0.3750000000000227,-0.6435011087933148,0.15000000000001704,0.9272952180015818,-0.08928571428571429,1.4857142857142824,1.630820290299045,2.270830328836635
yqaUDA6i5GY_00,332,35,0,747.5,420.0,790.0,463.1,768.75,441.55,1.25,2.1999999999999886,2.0,1.2651580928879946,1.0541011880326172,0.6200790464440087,2.6248975148275138,0.8774999999999977,0.8275000000000006,0.7560810523735142,2.3641026106951135
yqaUDA6i5GY_00,332,27,0,1191.2,525.6,1326.2,620.6,1258.7,573.1,-11.899999999999864,-5.0,2.0,6.453874805107331,-2.7438218049257745,0.7368006091224024,-0.020963164866988564,-9.939999999999998,-4.502499999999998,-2.7162734398022037,0.25034809277312425
yqaUDA6i5GY_00,332,20,0,771.2,455.0,821.2,497.5,796.2,476.25,0.0,1.8999999999999773,2.0,0.9499999999999886,1.5707963267948966,0.17499999999998295,1.5707963267948966,0.4350000000000023,0.25250000000000056,0.5259277612050828,1.6106059688010035
yqaUDA6i5GY_00,332,18,0,996.2,417.5,1041.2,451.2,1018.7,434.35,-1.2999999999999545,0.30000000000001137,2.0,0.6670832032062958,2.9147938055358913,0.17104160160313936,-1.7975951748487982,-0.375,-0.8774999999999977,-1.974656121702274,2.090375434398949
yqaUDA6i5GY_00,332,16,0,240.8,839.4,291.4,916.9,266.1,878.15,0.0,0.0,2.0,0.0,0.0,-0.16677080080157236,-1.3439974787410363,-0.04499999999999886,0.09250000000000114,2.0235747986184176,1.915434150958193
yqaUDA6i5GY_00,332,13,0,811.2,472.5,873.8,530.0,842.5,501.25,1.2999999999999545,0.9500000000000455,2.0,0.805062109405226,0.6310793874713688,0.31503105470260734,2.2018757142662655,0.75,0.5774999999999977,0.6561787179913929,1.7811561226186863
yqaUDA6i5GY_00,332,8,0,855.0,510.0,930.0,577.5,892.5,543.75,1.25,4.399999999999977,2.0,2.287055967832871,1.2939981681629051,0.8190091092727546,1.5670068712496326,1.375,0.9675000000000011,0.6131623099158411,0.7678877277790552
yqaUDA6i5GY_00,332,6,0,1022.5,735.0,1172.5,932.5,1097.5,833.75,-4.400000000000091,10.0,2.0,5.462600113499083,1.98530320137969,0.8515976201920996,-0.01046954684478818,-0.375,7.030000000000001,1.6240886346193641,0.2074570638017883
yqaUDA6i5GY_00,334,40,0,595.6,631.9,858.1,754.4,726.85,693.15,0.0,0.0,2.0,0.0,0.0,-0.18750000000001135,0.6435011087933148,-0.08333333333333333,1.3866666666666636,1.630820290299045,1.5452945142041559
yqaUDA6i5GY_00,334,35,0,747.5,420.0,792.5,463.8,770.0,441.9,1.25,0.3499999999999659,2.0,0.6490377492873539,0.2730087030866853,-0.30806017180032036,-0.7810924849459321,0.9050000000000011,0.8449999999999989,0.7511258740466477,2.18252755112108
yqaUDA6i5GY_00,334,27,0,1182.5,531.9,1315.0,616.9,1248.75,574.4,-9.950000000000045,1.2999999999999545,2.0,5.0172826310663625,3.011675293665977,-0.7182960870204842,-0.5276882085878348,-10.0625,-4.225,-2.7440702631486262,0.26052441062756704
yqaUDA6i5GY_00,334,20,0,773.1,454.7,819.4,496.6,796.25,475.65,0.049999999999954525,-0.6000000000000227,2.0,0.30103986446981684,-1.4876550949065337,-0.32448006776508587,-3.05845142170143,0.4375,0.22249999999999942,0.47048121561054385,2.0666813584304076
yqaUDA6i5GY_00,334,18,0,995.0,415.9,1040.0,450.9,1017.5,433.4,-1.2000000000000455,-0.9500000000000455,2.0,0.7652613932507303,-2.471953707913151,0.049089095022217255,0.8964377937305444,-0.4375,-0.8150000000000034,-2.0634563491706324,1.3818001231186396
yqaUDA6i5GY_00,334,16,0,240.9,838.1,291.6,915.6,266.25,876.85,0.14999999999997726,-1.2999999999999545,2.0,0.6543126164150961,-1.4559197213780106,0.32715630820754804,-1.4559197213780106,-0.039999999999997725,0.02750000000000341,2.5393053074547445,1.8910228088521122
yqaUDA6i5GY_00,334,13,0,811.2,471.9,873.8,531.2,842.5,501.55,0.0,0.30000000000001137,2.0,0.15000000000000568,1.5707963267948966,-0.3275310547026102,0.9397169393235277,0.7824999999999989,0.5775000000000006,0.6357891794207675,1.6022343105706254
yqaUDA6i5GY_00,334,8,0,856.2,508.8,931.2,578.8,893.7,543.8,1.2000000000000455,0.049999999999954525,2.0,0.6005206074732374,0.041642579098549015,-0.8432676801798167,-1.252355589064356,1.3725000000000023,0.9399999999999977,0.6005071622569508,0.9909807457941318
yqaUDA6i5GY_00,334,6,0,1015.0,741.2,1168.8,943.8,1091.9,842.5,-5.599999999999909,8.75,2.0,5.194287727879516,2.140109517895551,-0.13415619280978364,0.1548063165158611,-0.9049999999999955,7.032499999999999,1.698781148835466,0.10779199231673846
yqaUDA6i5GY_00,336,40,0,595.6,631.9,858.1,754.4,726.85,693.15,0.0,0.0,2.0,0.0,0.0,0.0,0.0,-0.078125,1.2999999999999972,1.630820290299045,0.5235987755982988
yqaUDA6i5GY_00,336,35,0,747.5,421.2,792.5,463.8,770.0,442.5,0.0,0.6000000000000227,2.0,0.30000000000001137,1.5707963267948966,-0.17451887464367127,1.2977876237082113,0.8125,0.7824999999999989,0.7665916034917134,1.567925874493886
yqaUDA6i5GY_00,336,27,0,1175.0,516.2,1305.0,613.8,1240.0,565.0,-8.75,-9.399999999999977,2.0,6.421107770470753,-2.3203971167292172,0.7019125697021953,0.951112896784392,-10.064999999999998,-4.5,-2.7211580775751933,0.4999214234130718
yqaUDA6i5GY_00,336,20,0,775.0,454.4,820.0,496.9,797.5,475.65,1.25,0.0,2.0,0.625,0.0,0.16198006776509158,1.4876550949065337,0.4350000000000023,0.1875,0.4069707853687694,2.03896761446762
yqaUDA6i5GY_00,336,18,0,996.2,415.3,1040.0,449.7,1018.1,432.5,0.6000000000000227,-0.8999999999999773,2.0,0.5408326913195952,-0.9827937232472999,-0.11221435096556753,1.489159984665851,-0.21999999999999886,-0.7025000000000006,-1.8742889746736353,1.394397651081731
yqaUDA6i5GY_00,336,16,0,240.9,836.9,291.6,915.6,266.25,876.25,0.0,-0.6000000000000227,2.0,0.30000000000001137,-1.5707963267948966,-0.17715630820754236,-0.11487660541688595,0.0,-0.12250000000000227,-1.5707963267948966,0.9715979351786443
yqaUDA6i5GY_00,336,13,0,811.9,471.9,875.6,531.9,843.75,501.9,1.25,0.3499999999999659,2.0,0.6490377492873539,0.2730087030866853,0.24951887464367412,-1.2977876237082113,0.7800000000000011,0.5,0.5700404636997096,1.4797934257660017
yqaUDA6i5GY_00,336,8,0,857.5,510.6,932.5,580.6,895.0,545.6,1.2999999999999545,1.8000000000000682,2.0,1.1101801655587402,0.9453112865557021,0.2548297790427514,0.903668707457153,1.3449999999999989,1.0925000000000011,0.6821765870682588,1.241010389257047
yqaUDA6i5GY_00,336,6,0,1007.5,744.4,1167.5,956.9,1087.5,850.65,-4.400000000000091,8.149999999999977,2.0,4.630942128768195,2.065834587413511,-0.28167279955566027,-0.07427493048204026,-1.1875,7.1875,1.7345345679092559,0.07985026461422941
yqaUDA6i5GY_00,338,40,0,594.7,631.9,857.5,754.4,726.1,693.15,-0.75,0.0,2.0,0.375,3.141592653589793,0.1875,3.141592653589793,-0.11764705882352941,1.2235294117647033,1.66665547390491,1.2616979207943693
yqaUDA6i5GY_00,338,35,0,747.5,421.6,792.5,464.1,770.0,442.85,0.0,0.35000000000002274,2.0,0.17500000000001137,1.5707963267948966,-0.0625,0.0,0.75,0.7350000000000023,0.775297496812128,0.692960036218048
yqaUDA6i5GY_00,338,27,0,1167.5,513.8,1295.0,607.5,1231.25,560.65,-8.75,-4.350000000000023,2.0,4.8858213229712,-2.680233370114206,-0.7676432237497766,-0.35983625338498865,-10.0,-4.622500000000002,-2.7085984514848995,0.6128791195857385
yqaUDA6i5GY_00,338,20,0,775.0,458.4,820.0,497.8,797.5,478.1,0.0,2.4500000000000455,2.0,1.2250000000000227,1.5707963267948966,0.30000000000001137,1.5707963267948966,0.4375,0.325,0.6389139850038872,2.03896761446762
yqaUDA6i5GY_00,338,18,0,993.8,416.2,1038.8,450.0,1016.3,433.1,-1.8000000000000682,0.6000000000000227,2.0,0.9486832980505497,2.819842099193151,0.20392530336547726,-2.480549484739136,-0.3725000000000023,-0.6574999999999989,-2.086249392586707,1.6220490877118436
yqaUDA6i5GY_00,338,16,0,240.9,836.9,291.6,915.6,266.25,876.25,0.0,0.0,2.0,0.0,0.0,-0.15000000000000568,1.5707963267948966,0.0,-0.12250000000000227,-1.5707963267948966,1.0471975511965976
yqaUDA6i5GY_00,338,13,0,811.9,471.9,875.6,532.5,843.75,502.2,0.0,0.30000000000001137,2.0,0.15000000000000568,1.5707963267948966,-0.24951887464367412,1.2977876237082113,0.7475000000000023,0.5299999999999983,0.6167607592552009,1.178430728913317
yqaUDA6i5GY_00,338,8,0,858.8,512.2,933.8,581.6,896.3,546.9000000000001,1.2999999999999545,1.3000000000000682,2.0,0.9192388155425198,0.785398163397492,-0.09547067500811018,-0.15991312315821007,1.3449999999999989,1.0475000000000023,0.6616862555787568,0.7719791398932396
yqaUDA6i5GY_00,338,6,0,998.8,756.2,1166.2,968.8,1082.5,862.5,-5.0,11.850000000000023,2.0,6.430833927260144,1.9700730623427787,0.8999458992459743,-0.09576152507073224,-1.5625,7.5,1.7761917159846639,0.10828092402287742
yqaUDA6i5GY_00,340,40,0,595.6,631.2,858.1,755.0,726.85,693.1,0.75,-0.049999999999954525,2.0,0.3758324094593212,-0.06656816377576344,0.00041620472966061306,3.0750244898140298,-0.06944444444444445,1.1527777777777777,1.6309645779499062,2.072205714467941
yqaUDA6i5GY_00,340,35,0,747.5,421.6,792.5,464.1,770.0,442.85,0.0,0.0,2.0,0.0,0.0,-0.08750000000000568,-1.5707963267948966,0.6899999999999977,0.7375,0.8186608468377201,0.9561946501677029
yqaUDA6i5GY_00,340,27,0,1158.8,515.0,1283.8,601.2,1221.3,558.1,-9.950000000000045,-2.5499999999999545,2.0,5.135781342697542,-2.8907108713108225,0.12498000986317104,-0.21047750119661668,-10.060000000000002,-4.594999999999999,-2.713131810475981,0.507142217121999
yqaUDA6i5GY_00,340,20,0,775.0,458.1,821.2,498.1,798.1,478.1,0.6000000000000227,0.0,2.0,0.30000000000001137,0.0,-0.4625000000000057,-1.5707963267948966,0.4650000000000034,0.3100000000000023,0.5880026035475676,1.5430825828321089
yqaUDA6i5GY_00,340,18,0,992.5,414.7,1037.5,449.1,1015.0,431.9,-1.2999999999999545,-1.2000000000000455,2.0,0.8845903006477054,-2.3961731773155988,-0.03204649870142218,1.0671700306708367,-0.4700000000000045,-0.7175000000000011,-2.1507150320662514,1.6789598333586078
yqaUDA6i5GY_00,340,16,0,240.9,836.9,291.6,915.6,266.25,876.25,0.0,0.0,2.0,0.0,0.0,0.0,0.0,0.015000000000000568,-0.12250000000000227,-1.448953889774977,0.5618909774039275
yqaUDA6i5GY_00,340,13,0,812.5,471.9,877.5,531.9,845.0,501.9,1.25,-0.30000000000001137,2.0,0.6427480066091233,-0.23554498072087196,0.24637400330455883,-1.8063413075157686,0.8100000000000023,0.5324999999999989,0.5815649242424781,1.4673055183107306
yqaUDA6i5GY_00,340,8,0,858.8,512.2,936.2,581.6,897.5,546.9000000000001,1.2000000000000455,0.0,2.0,0.6000000000000227,0.0,-0.15961940777124856,-0.7853981633974919,1.375,1.0325000000000046,0.6440826731359798,0.6163266646709515
yqaUDA6i5GY_00,340,6,0,991.2,765.6,1163.8,980.6,1077.5,873.1,-5.0,10.600000000000023,2.0,5.860034129593455,2.011547174574318,-0.2853998988333446,0.04147411223153918,-1.9375,7.717500000000001,1.8167656167408965,0.07050352259477012
yqaUDA6i5GY_00,342,40,0,594.7,631.9,857.5,754.4,726.1,693.15,-0.75,0.049999999999954525,2.0,0.3758324094593212,3.0750244898140298,0.0,3.141592653589793,-0.10526315789473684,1.0947368421052608,1.66665547390491,3.119403265664539
yqaUDA6i5GY_00,342,35,0,748.8,422.5,796.2,465.0,772.5,443.75,2.5,0.8999999999999773,2.0,1.3285330255586383,0.3455555805817041,0.6642665127793191,0.34555558058170416,0.8149999999999977,0.7350000000000023,0.733831017454615,0.6387839691255338
yqaUDA6i5GY_00,342,27,0,1151.2,513.1,1273.8,596.9,1212.5,555.0,-8.799999999999955,-3.1000000000000227,2.0,4.665029474719301,-2.802894569386742,-0.2353759339891206,0.08781630192408055,-10.0,-4.1875,-2.745027699830305,0.21937668550189526
yqaUDA6i5GY_00,342,20,0,775.0,457.5,822.5,498.1,798.75,477.8,0.6499999999999773,-0.30000000000001137,2.0,0.35794552658190093,-0.43240777557056553,0.02897276329094478,-0.43240777557056564,0.5,0.26500000000000057,0.4873585795051912,1.1913334763867862
yqaUDA6i5GY_00,342,18,0,992.5,414.1,1037.5,449.1,1015.0,431.6,0.0,-0.2999999999999545,2.0,0.14999999999997726,-1.5707963267948966,-0.36729515032386406,0.8253768505207022,-0.5,-0.6375,-2.2358990132643908,1.4576987886435582
yqaUDA6i5GY_00,342,16,0,240.9,837.5,291.6,915.0,266.25,876.25,0.0,0.0,2.0,0.0,0.0,0.0,0.0,0.017500000000001136,-0.12250000000000227,-1.428899272190726,0.5235987755982988
yqaUDA6i5GY_00,342,13,0,815.0,473.1,880.0,533.1,847.5,503.1,2.5,1.2000000000000455,2.0,1.3865424623862146,0.44751997515718467,0.3718972278885456,0.6830649558780565,0.9050000000000011,0.5300000000000011,0.529790301237987,1.2623979623673456
yqaUDA6i5GY_00,342,8,0,861.2,513.8,937.5,582.5,899.35,548.15,1.8500000000000227,1.2499999999998863,2.0,1.116355678088283,0.594213703800386,0.25817783904413016,0.594213703800386,1.4050000000000011,1.0474999999999965,0.640648049487483,0.5131749967853625
yqaUDA6i5GY_00,342,6,0,983.8,773.1,1161.2,994.4,1072.5,883.75,-5.0,10.649999999999977,2.0,5.882654587854014,2.0097341371816544,0.01131022913027957,-0.0018130373926634746,-2.25,7.967500000000001,1.8460266022663754,0.04634955823164452
yqaUDA6i5GY_00,344,40,0,594.7,631.2,857.5,755.0,726.1,693.1,0.0,-0.049999999999954525,2.0,0.024999999999977263,-1.5707963267948966,-0.17541620472967198,1.6373644905706597,-0.1,1.0375,1.6668850423122634,2.6179938779914944
yqaUDA6i5GY_00,344,35,0,747.5,422.8,795.0,464.7,771.25,443.75,-1.25,0.0,2.0,0.625,3.141592653589793,-0.35176651277931914,2.796037073008089,0.6225000000000023,0.6574999999999989,0.8127351016552699,1.5707963267948968
yqaUDA6i5GY_00,344,27,0,1142.5,511.2,1263.8,591.9,1203.15,551.55,-9.349999999999909,-3.4500000000000455,2.0,4.9830964269216835,-2.7881067256646856,0.15903347610119134,0.014787843722056323,-9.967499999999996,-4.220000000000004,-2.7410983763370886,0.10436054894758447
yqaUDA6i5GY_00,344,20,0,775.6,459.4,821.9,499.4,798.75,479.4,0.0,1.599999999999966,2.0,0.799999999999983,1.5707963267948966,0.221027236709041,2.003204102365462,0.5,0.375,0.6435011087932845,1.3354694015769748
yqaUDA6i5GY_00,344,18,0,991.9,413.8,1036.9,448.8,1014.4000000000001,431.3,-0.599999999999909,-0.30000000000001137,2.0,0.3354101966249303,-2.677945044588911,0.09270509831247653,-1.1071487177940145,-0.5299999999999955,-0.5599999999999994,-2.3286785009068867,0.9998985329951845
yqaUDA6i5GY_00,344,16,0,240.6,836.9,291.6,915.6,266.1,876.25,-0.14999999999997726,0.0,2.0,0.07499999999998863,3.141592653589793,0.037499999999994316,3.141592653589793,0.017500000000001136,-0.125,-1.4317003853128163,1.0471975511965976
yqaUDA6i5GY_00,344,13,0,815.0,473.1,880.0,534.4,847.5,503.75,0.0,0.6499999999999773,2.0,0.32499999999998863,1.5707963267948966,-0.530771231193113,1.123276351637712,0.8449999999999989,0.5625,0.5873195435445105,1.2042275383438459
yqaUDA6i5GY_00,344,8,0,861.2,514.4,938.8,583.1,900.0,548.75,0.6499999999999773,0.6000000000000227,2.0,0.4422951503238527,0.7454194762741946,-0.3370302638822152,0.15120577247380868,1.3449999999999989,1.0324999999999989,0.6547067736332455,0.5102725465572288
yqaUDA6i5GY_00,344,6,0,975.0,781.2,1157.5,1008.8,1066.25,895.0,-6.25,11.25,2.0,6.4347688381168755,2.0778948311872334,0.27605712513143077,0.068160694005579,-2.5924999999999954,8.25,1.8752678110671037,0.03714928120992678
yqaUDA6i5GY_00,346,42,0,816.2,473.8,881.2,536.2,848.7,505.0,,,,0.0,0.0,0.0,0.0,,,0.0,0.0
yqaUDA6i5GY_00,346,40,0,594.7,631.2,857.5,755.0,726.1,693.1,0.0,0.0,2.0,0.0,0.0,-0.012499999999988631,1.5707963267948966,-0.1,0.9574999999999989,1.6748577158894424,2.11658449031845
yqaUDA6i5GY_00,346,35,0,748.1,423.1,794.4,466.2,771.25,444.65,0.0,0.8999999999999773,2.0,0.44999999999998863,1.5707963267948966,-0.08750000000000568,-1.5707963267948966,0.5625,0.6699999999999988,0.8723990841242902,1.5707963267948968
yqaUDA6i5GY_00,346,27,0,1135.0,510.6,1252.5,586.9,1193.75,548.75,-9.400000000000091,-2.7999999999999545,2.0,4.904079934095728,-2.852088981628412,-0.03950824641297768,-0.06398225596372642,-9.875,-4.282499999999999,-2.732400671175226,0.05552880053662106
yqaUDA6i5GY_00,346,20,0,775.0,457.5,820.0,500.0,797.5,478.75,-1.25,-0.6499999999999773,2.0,0.7044501401802633,-2.662073361597211,-0.04777492990985982,2.0503156187874785,0.4350000000000023,0.34250000000000114,0.666983693029081,1.495309165574502
yqaUDA6i5GY_00,346,18,0,991.2,413.8,1036.2,448.8,1013.7,431.3,-0.7000000000000455,0.0,2.0,0.35000000000002274,3.141592653589793,0.007294901687546207,-0.463647609000882,-0.5649999999999977,-0.5599999999999994,-2.360638905373303,0.7987243924385329
yqaUDA6i5GY_00,346,16,0,240.6,836.9,291.6,915.6,266.1,876.25,0.0,0.0,2.0,0.0,0.0,-0.037499999999994316,-3.141592653589793,0.010000000000002274,-0.12250000000000227,-1.4893442824890086,2.0943951023931953
yqaUDA6i5GY_00,346,13,0,816.2,473.4,881.2,535.9,848.7,504.65,1.2000000000000455,0.8999999999999773,2.0,0.7500000000000114,0.6435011087932541,0.2125000000000114,-0.9272952180016425,0.8725000000000023,0.575,0.5826940933601447,0.9112121751724706
yqaUDA6i5GY_00,346,8,0,862.5,516.2,940.0,584.4,901.25,550.3,1.25,1.5499999999999545,2.0,0.9956153875869762,0.8921338360465696,0.27666011863156176,0.14671435977237504,1.3725000000000023,1.0774999999999977,0.6655668876784409,0.2973779453488564
yqaUDA6i5GY_00,346,6,0,965.6,788.8,1154.4,1023.8,1060.0,906.3,-6.25,11.299999999999955,2.0,6.456634185084342,2.0760144272358247,0.010932673483733168,-0.001880403951408649,-2.9350000000000023,8.504999999999995,1.903091305846318,0.023951378449883265
yqaUDA6i5GY_00,348,42,0,816.2,476.2,881.2,536.9,848.7,506.54999999999995,0.0,1.5499999999999545,2.0,0.7749999999999773,1.5707963267948966,0.0,0.0,0.0,1.5499999999999545,1.5707963267948966,0.0
yqaUDA6i5GY_00,348,40,0,594.7,632.2,857.5,755.0,726.1,693.6,0.0,0.5,2.0,0.25,1.5707963267948966,0.125,1.5707963267948966,-0.12499999999999431,0.8675000000000012,1.7139035461975618,1.592985714720151
yqaUDA6i5GY_00,348,35,0,748.1,423.1,796.9,466.9,772.5,445.0,1.25,0.35000000000002274,2.0,0.6490377492873616,0.2730087030867275,0.09951887464368647,-1.2977876237081691,0.5925000000000011,0.6875,0.859481085946481,1.8882070078370516
yqaUDA6i5GY_00,348,27,0,1126.9,506.2,1241.9,583.8,1184.4,545.0,-9.349999999999909,-3.75,2.0,5.036988187399249,-2.7601646177522188,0.06645412665176043,0.09192436387619331,-9.904999999999996,-4.170000000000004,-2.7431153434427387,0.05689815452065864
yqaUDA6i5GY_00,348,20,0,775.0,457.5,821.2,500.0,798.1,478.75,0.6000000000000227,0.0,2.0,0.30000000000001137,0.0,-0.20222507009012597,2.662073361597211,0.4350000000000023,0.3125,0.6229624473138348,2.238531027583384
yqaUDA6i5GY_00,348,18,0,990.6,414.1,1034.4,448.4,1012.5,431.25,-1.2000000000000455,-0.05000000000001137,2.0,0.6005206074732387,-3.099950074491197,0.12526030373660796,0.04164257909859638,-0.625,-0.5324999999999989,-2.435938631626315,0.5374796352978309
yqaUDA6i5GY_00,348,16,0,240.6,836.9,291.6,915.6,266.1,876.25,0.0,0.0,2.0,0.0,0.0,0.0,0.0,0.010000000000002274,-0.125,-1.4909663410826413,2.0943951023931953
yqaUDA6i5GY_00,348,13,0,817.5,474.4,882.5,536.9,850.0,505.65,1.2999999999999545,1.0,2.0,0.8200609733428182,0.6556956262415531,0.035030486671403405,0.012194517448299023,0.875,0.5149999999999977,0.5319737551437521,0.6875886956958847
yqaUDA6i5GY_00,348,8,0,863.8,516.6,941.2,585.3,902.5,550.95,1.25,0.650000000000091,2.0,0.7044501401802895,0.4795192919926535,-0.14558262370334335,-0.41261454405391623,1.3125,0.9525000000000035,0.6277762255655619,0.23684489210003315
yqaUDA6i5GY_00,348,6,0,955.0,797.5,1152.5,1037.5,1053.75,917.5,-6.25,11.200000000000045,2.0,6.412926399078681,2.0797880511895777,-0.02185389300283047,0.0037736239537529133,-3.4375,8.717500000000001,1.9463981110817619,0.024604907303579743
yqaUDA6i5GY_00,350,40,0,594.7,631.9,857.5,754.4,726.1,693.15,0.0,-0.4500000000000455,2.0,0.22500000000002274,-1.5707963267948966,-0.012499999999988631,-3.141592653589793,-0.10249999999999773,0.875,1.6874077239226593,2.0943951023931953
yqaUDA6i5GY_00,350,35,0,748.8,424.1,801.2,469.1,775.0,446.6,2.5,1.6000000000000227,2.0,1.484082207965589,0.5693131911006684,0.41752222933911376,0.29630448801394094,0.6899999999999977,0.7675000000000012,0.8385213761982081,1.0549628128390025
yqaUDA6i5GY_00,350,27,0,1118.8,499.4,1231.2,578.8,1175.0,539.0999999999999,-9.400000000000091,-5.900000000000091,2.0,5.549099025968152,-2.5810831208943856,0.2560554192844515,0.17908149685783317,-9.75,-4.170000000000004,-2.7374438092185374,0.1116627055659176
yqaUDA6i5GY_00,350,20,0,776.2,459.1,823.8,500.9,800.0,480.0,1.8999999999999773,1.25,2.0,1.1371565415544065,0.581905118139891,0.41857827077719756,0.5819051181398909,0.5,0.375,0.6435011087932845,1.7647646995081934
yqaUDA6i5GY_00,350,18,0,990.0,413.8,1035.0,448.8,1012.5,431.3,0.0,0.05000000000001137,2.0,0.025000000000005684,1.5707963267948966,-0.2877603037366165,-1.612438905893493,-0.5924999999999955,-0.43499999999999944,-2.50829527229046,0.7059096979976571
yqaUDA6i5GY_00,350,16,0,240.6,836.9,291.6,915.6,266.1,876.25,0.0,0.0,2.0,0.0,0.0,0.0,0.0,0.010000000000002274,-0.12250000000000227,-1.4893442824890086,1.0471975511965976
yqaUDA6i5GY_00,350,13,0,818.8,475.9,882.5,537.2,850.65,506.55,0.6499999999999773,0.9000000000000341,2.0,0.5550900827793701,0.9453112865557021,-0.13248544528172407,0.289615660314149,0.8449999999999989,0.5299999999999983,0.5601933628775744,0.4097017985880303
yqaUDA6i5GY_00,350,8,0,866.2,517.2,943.8,587.8,905.0,552.5,2.5,1.5499999999999545,2.0,1.4707566080082608,0.5549957273385736,0.38315323391398565,0.07547643534592015,1.4074999999999989,0.9850000000000023,0.6106067464593982,0.21160177972407032
yqaUDA6i5GY_00,350,6,0,946.2,805.0,1146.2,1055.0,1046.2,930.0,-7.5499999999999545,12.5,2.0,7.301583732314506,2.114151813931769,0.4443286666179125,0.03436376274219154,-3.8149999999999977,9.094999999999999,1.9679662588387183,0.013339263549117257
yqaUDA6i5GY_00,352,40,0,595.0,632.2,857.5,755.0,726.25,693.6,0.14999999999997726,0.4500000000000455,2.0,0.23717082451264643,1.2490457723983301,0.006085412256311845,2.8198420991932265,-0.09499999999999886,0.8375,1.683746370678774,2.5107436931926386
yqaUDA6i5GY_00,352,35,0,747.5,423.8,800.0,468.8,773.75,446.3,-1.25,-0.30000000000001137,2.0,0.6427480066091233,-2.906047672868921,-0.4206671006782329,2.807824443209997,0.5625,0.7375000000000028,0.9192091408720408,1.4673055183107024
yqaUDA6i5GY_00,352,27,0,1110.0,504.7,1222.5,574.1,1166.25,539.4,-8.75,0.3000000000000682,2.0,4.377570673330131,3.1073203642389857,-0.5857641763190107,-0.5947818220462154,-9.6875,-4.030000000000001,-2.7473697156470713,0.2885958942600806
yqaUDA6i5GY_00,352,20,0,776.2,460.0,823.8,501.2,800.0,480.6,0.0,0.6000000000000227,2.0,0.30000000000001137,1.5707963267948966,-0.41857827077719756,0.9888912086550056,0.5,0.4200000000000017,0.6986598247214652,1.410956562797369
yqaUDA6i5GY_00,352,18,0,990.6,414.1,1034.4,448.4,1012.5,431.25,0.0,-0.05000000000001137,2.0,0.025000000000005684,-1.5707963267948966,0.0,-3.141592653589793,-0.625,-0.4375,-2.5308666892005847,1.5985580461939606
yqaUDA6i5GY_00,352,16,0,240.6,836.9,291.6,915.6,266.1,876.25,0.0,0.0,2.0,0.0,0.0,0.0,0.0,0.010000000000002274,-0.12250000000000227,-1.4893442824890086,0.0
yqaUDA6i5GY_00,352,13,0,820.0,476.2,882.5,537.5,851.25,506.85,0.6000000000000227,0.30000000000001137,2.0,0.33541019662498117,0.46364760900080615,-0.10983994307719447,-0.48166367755489603,0.8449999999999989,0.5,0.5343060393161411,0.26115795177244816
yqaUDA6i5GY_00,352,8,0,867.5,519.4,945.0,588.8,906.25,554.0999999999999,1.25,1.599999999999909,2.0,1.015197025212312,0.9075933340887757,-0.22777979139797444,0.3525976067502022,1.4050000000000011,1.0024999999999977,0.6197443504810792,0.28022952871667933
yqaUDA6i5GY_00,352,6,0,936.2,814.4,1143.8,1069.4,1040.0,941.9000000000001,-6.2000000000000455,11.900000000000091,2.0,6.7091355627979885,2.0511090595096433,-0.2962240847582587,-0.06304275442212592,-4.0625,9.530000000000006,1.97375522787976,0.033726713706023016
yqaUDA6i5GY_00,354,40,0,596.2,630.6,857.5,755.6,726.85,693.1,0.6000000000000227,-0.5,2.0,0.3905124837953415,-0.6947382761966846,0.07667082964134753,-1.9437840485950146,-0.03249999999999886,0.7800000000000011,1.6124389058934834,2.635072933792678
yqaUDA6i5GY_00,354,35,0,750.0,425.0,805.0,468.8,777.5,446.9,3.75,0.5999999999999659,2.0,1.8988483351758216,0.15865526218639253,0.6280501642833491,3.0647029350553137,0.7199999999999989,0.5949999999999989,0.6906258936219388,2.0562772887597505
yqaUDA6i5GY_00,354,27,0,1102.5,491.9,1210.0,568.1,1156.25,530.0,-10.0,-9.399999999999977,2.0,6.862215385719097,-2.3871124697553885,1.242322356194483,0.7887524731852127,-9.6875,-4.155000000000001,-2.73642058952562,0.5208719306964205
yqaUDA6i5GY_00,354,20,0,776.2,461.2,826.2,502.5,801.2,481.85,1.2000000000000455,1.25,2.0,0.8663861725581886,0.8058034940839673,0.2831930862790886,-0.7649928327109292,0.4975000000000023,0.40500000000000114,0.6832617341774051,0.7785963865019417
yqaUDA6i5GY_00,354,18,0,990.6,414.1,1034.4,448.4,1012.5,431.25,0.0,0.0,2.0,0.0,0.0,-0.012500000000002842,1.5707963267948966,-0.625,-0.375,-2.601173153319209,2.1082759620927276
yqaUDA6i5GY_00,354,16,0,240.6,836.9,291.6,915.6,266.1,876.25,0.0,0.0,2.0,0.0,0.0,0.0,0.0,0.010000000000002274,-0.12250000000000227,-1.4893442824890086,0.0
yqaUDA6i5GY_00,354,13,0,820.0,476.9,885.0,539.4,852.5,508.15,1.25,1.2999999999999545,2.0,0.9017344398435553,0.8050034942546355,0.28316212160928705,0.34135588525382937,0.9375,0.5,0.48995732625372834,0.370878407707625
yqaUDA6i5GY_00,354,8,0,870.0,521.9,945.0,590.6,907.5,556.25,1.25,2.150000000000091,2.0,1.2434830115446283,1.0441690553611642,0.11414299316615817,0.1365757212723885,1.4375,1.0949999999999989,0.6509719161207526,0.18821658778950345
yqaUDA6i5GY_00,354,6,0,925.0,823.1,1138.8,1078.1,1031.9,950.5999999999999,-8.099999999999909,8.699999999999818,2.0,5.943483826847587,2.320495377513026,-0.3828258679752006,0.26938631800338264,-4.467499999999996,10.029999999999996,1.9898297925023347,0.12226427838923293
yqaUDA6i5GY_00,356,40,0,596.2,631.2,857.5,755.0,726.85,693.1,0.0,0.0,2.0,0.0,0.0,-0.19525624189767074,0.6947382761966845,-0.03249999999999886,0.75,1.6141025671896048,1.8194548079949753
yqaUDA6i5GY_00,356,35,0,750.0,425.0,803.8,468.1,776.9,446.55,-0.6000000000000227,-0.3499999999999659,2.0,0.34731109973624635,-2.6135182051634924,-0.7757686177197877,-2.772173467349885,0.6550000000000011,0.5775000000000006,0.7226005177080339,2.881566948538399
yqaUDA6i5GY_00,356,27,0,1093.8,489.7,1198.8,563.4,1146.3,526.55,-9.950000000000045,-3.4500000000000455,2.0,5.265572143651657,-2.8078306648625873,-0.7983216210337196,-0.4207181951071988,-9.685000000000002,-4.1875,-2.7334964480702046,0.6014174967795424
yqaUDA6i5GY_00,356,20,0,777.5,461.9,827.5,503.1,802.5,482.5,1.2999999999999545,0.6499999999999773,2.0,0.7267220926874063,0.46364760900080615,-0.06983203993539117,-0.34215588508316125,0.5925000000000011,0.45250000000000057,0.6522198684125532,0.6986799754830318
yqaUDA6i5GY_00,356,18,0,990.0,414.1,1035.0,448.4,1012.5,431.25,0.0,0.0,2.0,0.0,0.0,0.0,0.0,-0.6575000000000045,-0.375,-2.6232658754974962,1.5707963267948966
yqaUDA6i5GY_00,356,16,0,240.6,836.9,291.6,915.6,266.1,876.25,0.0,0.0,2.0,0.0,0.0,0.0,0.0,0.010000000000002274,-0.12250000000000227,-1.4893442824890086,0.0
yqaUDA6i5GY_00,356,13,0,820.0,477.5,887.5,540.0,853.75,508.75,1.25,0.6000000000000227,2.0,0.6932712311931073,0.44751997515718467,-0.10423160432522399,-0.35748351909745085,0.9375,0.5625,0.5404195002705842,0.39350102730205894
yqaUDA6i5GY_00,356,8,0,870.0,522.8,947.5,590.9,908.75,556.8499999999999,1.25,0.599999999999909,2.0,0.6932712311930826,0.4475199751571108,-0.2751058901757728,-0.5966490802040533,1.4375,1.0924999999999954,0.6498704494119456,0.36194080274221446
yqaUDA6i5GY_00,356,6,0,915.0,833.8,1133.8,1078.8,1024.4,956.3,-7.5,5.7000000000000455,2.0,4.710095540432288,2.4917222041778415,-0.6166941432076496,0.17122682666481562,-4.8449999999999935,10.064999999999998,2.0194300490098365,0.16788529969677427
yqaUDA6i5GY_00,358,43,0,2087.5,470.0,2162.5,509.4,2125.0,489.7,,,,0.0,0.0,0.0,0.0,,,0.0,0.0
yqaUDA6i5GY_00,358,40,0,596.2,631.2,857.5,755.0,726.85,693.1,0.0,0.0,2.0,0.0,0.0,0.0,0.0,-0.03249999999999886,0.7475000000000023,1.6142472221864257,0.8795074415972332
yqaUDA6i5GY_00,358,35,0,750.0,425.0,805.0,470.6,777.5,447.8,0.6000000000000227,1.25,2.0,0.6932712311931073,1.123276351637712,0.17298006572843047,-2.546390750378382,0.6875,0.6099999999999994,0.7257387945079117,2.794422384261194
yqaUDA6i5GY_00,358,27,0,1085.6,488.8,1186.9,561.2,1136.25,525.0,-10.049999999999955,-1.5499999999999545,2.0,5.084412453764912,-2.9885694934362452,-0.09057984494337257,-0.18073882857365797,-9.827499999999997,-3.8100000000000023,-2.771745257012103,0.46340316562202316
yqaUDA6i5GY_00,358,20,0,778.1,461.2,828.1,503.8,803.1,482.5,0.6000000000000227,0.0,2.0,0.30000000000001137,0.0,-0.21336104634369746,-0.4636476090008062,0.6225000000000023,0.46750000000000114,0.644143369462841,0.5235987755982988
yqaUDA6i5GY_00,358,18,0,987.5,413.8,1035.0,449.4,1011.25,431.6,-1.25,0.35000000000002274,2.0,0.6490377492873616,2.8685839505030657,0.3245188746436808,2.8685839505030657,-0.6875,-0.3574999999999989,-2.6620733615971983,1.4797934257659875
yqaUDA6i5GY_00,358,16,0,240.8,836.9,291.4,915.6,266.1,876.25,0.0,0.0,2.0,0.0,0.0,0.0,0.0,0.010000000000002274,-0.12250000000000227,-1.4893442824890086,0.0
yqaUDA6i5GY_00,358,13,0,822.5,478.8,888.8,540.6,855.65,509.70000000000005,1.8999999999999773,0.9500000000000455,2.0,1.0621322893124001,0.46364760900083,0.1844305290596464,0.016127633843645347,1.0,0.5775000000000035,0.5237110664251959,0.23832234606497535
yqaUDA6i5GY_00,358,8,0,871.2,523.1,951.2,591.9,911.2,557.5,2.4500000000000455,0.650000000000091,2.0,1.2673791855636911,0.25933174440071494,0.28705397718530423,-0.18818823075639587,1.4975000000000023,1.0925000000000011,0.6302836427802174,0.3071376774109458
yqaUDA6i5GY_00,358,6,0,903.8,843.8,1128.8,1078.8,1016.3,961.3,-8.100000000000136,5.0,2.0,4.759464255564963,2.58856120943916,0.024684357566337578,0.09683900526131865,-5.185000000000002,9.252499999999998,2.0815807963161475,0.17915071664317186
yqaUDA6i5GY_00,360,43,0,2066.2,468.8,2161.2,511.9,2113.7,490.35,-11.300000000000182,0.6500000000000341,2.0,5.659339625786832,3.084133847007985,0.0,0.0,-11.300000000000182,0.6500000000000341,3.084133847007985,0.0
yqaUDA6i5GY_00,360,40,0,596.6,631.2,858.8,755.0,727.7,693.1,0.8500000000000227,0.0,2.0,0.42500000000001137,0.0,0.21250000000000568,0.0,0.010000000000002274,0.6850000000000023,1.556198823583833,0.23157942539889484
yqaUDA6i5GY_00,360,35,0,752.5,425.0,805.0,471.2,778.75,448.1,1.25,0.30000000000001137,2.0,0.6427480066091233,0.23554498072087196,-0.025261612291991975,-0.8877313709168401,0.7175000000000011,0.575,0.6755901989195924,2.0687651962150357
yqaUDA6i5GY_00,360,27,0,1076.2,491.2,1176.2,555.0,1126.2,523.1,-10.049999999999955,-1.8999999999999773,2.0,5.114012612420872,-2.9547432032209784,0.014800079327979887,0.033826290215266834,-9.689999999999998,-3.8125,-2.766748275713502,0.21176110463204115
yqaUDA6i5GY_00,360,20,0,778.8,460.6,828.8,503.1,803.8,481.85,0.6999999999999318,-0.6499999999999773,2.0,0.47762432936353727,-0.7483780475235494,0.08881216468176295,-0.7483780475235493,0.6274999999999977,0.4200000000000017,0.5898391487738343,0.5180605138691722
yqaUDA6i5GY_00,360,18,0,987.5,414.4,1035.0,449.4,1011.25,431.9,0.0,0.2999999999999545,2.0,0.14999999999997726,1.5707963267948966,-0.24951887464369216,-1.2977876237081691,-0.6274999999999977,-0.2200000000000017,-2.804385541847373,1.3887905247370782
yqaUDA6i5GY_00,360,16,0,240.6,836.9,291.2,915.6,265.9,876.25,-0.20000000000004547,0.0,2.0,0.10000000000002274,3.141592653589793,0.05000000000001137,3.141592653589793,0.0,-0.12250000000000227,-1.5707963267948966,1.0471975511965976
yqaUDA6i5GY_00,360,13,0,823.8,479.7,891.2,541.6,857.5,510.65,1.8500000000000227,0.9499999999999318,2.0,1.0398317171542657,0.4743998827918732,-0.011150286079067206,0.010752273791043154,1.0625,0.6274999999999977,0.533470341806276,0.1281211422440466
yqaUDA6i5GY_00,360,8,0,872.5,523.1,952.5,593.1,912.5,558.1,1.2999999999999545,0.6000000000000227,2.0,0.7158910531638019,0.43240777557056553,-0.2757440661999446,0.17307603116985062,1.4375,1.0625,0.636508215787951,0.31930444737676644
yqaUDA6i5GY_00,360,6,0,893.1,851.2,1123.1,1078.8,1008.0999999999999,965.0,-8.200000000000045,3.7000000000000455,2.0,4.4980551352779425,2.7177250430600113,-0.1307045601435104,0.12916383362085118,-5.470000000000004,9.125,2.1108128287798906,0.13240988851566138
yqaUDA6i5GY_00,362,43,0,2046.2,471.2,2161.2,512.5,2103.7,491.85,-10.0,1.5,2.0,5.055937104039171,2.992702705980296,-0.30170126087383053,-0.09143114102768914,-10.650000000000091,1.075000000000017,3.040994417355235,0.03047704700922971
yqaUDA6i5GY_00,362,40,0,596.9,631.6,856.9,756.2,726.9,693.9000000000001,-0.8000000000000682,0.8000000000000682,2.0,0.5656854249492863,2.356194490192345,0.07034271247463747,2.356194490192345,-0.030000000000001137,0.6950000000000045,1.6139350148909217,0.7853981633974483
yqaUDA6i5GY_00,362,35,0,755.6,425.9,800.6,471.6,778.1,448.75,-0.6499999999999773,0.6499999999999773,2.0,0.45961940777123983,2.356194490192345,-0.09156429941894176,2.120649509471473,0.6550000000000011,0.5300000000000011,0.680301589265519,1.8515905435888984
yqaUDA6i5GY_00,362,27,0,1067.5,485.9,1166.2,550.3,1116.85,518.0999999999999,-9.350000000000136,-5.000000000000114,2.0,5.301473851675675,-2.6505257577498,0.0937306196274017,0.30421744547117857,-9.642500000000007,-3.8,-2.766192615073617,0.17292752142003442
yqaUDA6i5GY_00,362,20,0,781.9,458.8,831.9,503.8,806.9,481.3,3.1000000000000227,-0.5500000000000114,2.0,1.5742061491431287,-0.17559216195018254,0.5482909098897957,0.5727858855733668,0.7824999999999989,0.3925000000000011,0.46492474751460827,0.5949371806992406
yqaUDA6i5GY_00,362,18,0,987.5,410.9,1032.5,446.6,1010.0,428.75,-1.25,-3.1499999999999773,2.0,1.6944763202830437,-1.9485629847347203,0.7722381601415332,2.7638259956499693,-0.6549999999999955,-0.3125,-2.6964329224970376,2.3100658566204015
yqaUDA6i5GY_00,362,16,0,240.8,836.9,291.4,914.4,266.1,875.65,0.20000000000004547,-0.6000000000000227,2.0,0.3162277660168559,-1.2490457723981976,0.1081138830084166,1.8925468811915958,0.010000000000002274,-0.1525000000000034,-1.5053163018714184,1.6780465115937961
yqaUDA6i5GY_00,362,8,0,873.8,521.9,953.8,595.0,913.8,558.45,1.2999999999999545,0.35000000000002274,2.0,0.673145600891794,0.2629947316809446,-0.02137272613600394,-0.16941304388962095,1.4724999999999966,1.0475000000000023,0.6183196073880551,0.17689243527195567
yqaUDA6i5GY_00,362,6,0,882.5,863.8,1117.5,1078.8,1000.0,971.3,-8.099999999999909,6.2999999999999545,2.0,5.130789412946071,2.4805494847391043,0.3163671388340643,-0.23717555832090698,-5.75,9.032499999999999,2.1376867104434694,0.15439279906769185
yqaUDA6i5GY_00,364,43,0,2032.5,471.9,2147.5,516.2,2090.0,494.05,-13.699999999999818,2.1999999999999886,2.0,6.9377590041740955,2.982368077488241,0.9409109500674622,-0.01033462849205513,-11.666666666666666,1.4500000000000075,3.017941017464058,0.03392192317324809
yqaUDA6i5GY_00,364,40,0,598.8,630.6,856.2,756.9,727.5,693.75,0.6000000000000227,-0.15000000000009095,2.0,0.3092329219213466,-0.24497866312699793,-0.12822625151396985,-2.6011731533193427,0.0,0.6875,1.5707963267948966,1.6524558811705627
yqaUDA6i5GY_00,364,35,0,755.6,425.9,800.6,472.2,778.1,449.04999999999995,0.0,0.2999999999999545,2.0,0.14999999999997726,1.5707963267948966,-0.15480970388563128,-0.7853981633974483,0.5900000000000034,0.5149999999999977,0.7176287989981491,1.264593014595254
yqaUDA6i5GY_00,364,27,0,1060.0,480.0,1155.0,547.5,1107.5,513.75,-9.349999999999909,-4.349999999999909,2.0,5.156185605658448,-2.706137139402988,-0.07264412300861389,-0.055611381653188026,-9.610000000000003,-3.8125,-2.7639151867577385,0.13121837244654444
yqaUDA6i5GY_00,364,20,0,782.5,459.4,832.5,504.4,807.5,481.9,0.6000000000000227,0.5999999999999659,2.0,0.4242640687119245,0.785398163397401,-0.5749710402156021,0.9609903253475837,0.75,0.40749999999999886,0.49771044450557883,0.7607180861481665
yqaUDA6i5GY_00,364,18,0,987.5,410.0,1033.8,446.2,1010.65,428.1,0.6499999999999773,-0.6499999999999773,2.0,0.45961940777123983,-0.7853981633974483,-0.6174284562559019,1.163164821337272,-0.5925000000000011,-0.34499999999999886,-2.614305606575509,1.7415928135651368
yqaUDA6i5GY_00,364,16,0,240.9,837.5,290.9,915.0,265.9,876.25,-0.20000000000004547,0.6000000000000227,2.0,0.3162277660168559,1.8925468811915955,0.0,3.141592653589793,0.0,-0.12250000000000227,-1.5707963267948966,2.7252440627903938
yqaUDA6i5GY_00,364,8,0,875.0,522.5,957.5,597.5,916.25,560.0,2.4500000000000455,1.5499999999999545,2.0,1.4495689014324293,0.5640837210496354,0.3882116502703177,0.30108898936869083,1.4975000000000023,1.0300000000000011,0.6024998709263236,0.21452602147605396
yqaUDA6i5GY_00,364,6,0,879.4,870.0,1114.4,1077.5,996.9000000000001,973.75,-3.099999999999909,2.4500000000000455,2.0,1.9756328100130132,2.472780495653637,-1.577578301466529,-0.007768989085467302,-5.779999999999996,8.8125,2.1512985775369584,0.12470279367574137
yqaUDA6i5GY_00,366,43,0,2012.5,475.6,2137.5,516.9,2075.0,496.25,-15.0,2.1999999999999886,2.0,7.580237463298889,2.9959642730189713,0.3212392295623969,0.013596195530730434,-12.5,1.6375000000000028,3.0113343946939692,0.03845398835015824
yqaUDA6i5GY_00,366,40,0,598.4,631.2,856.2,756.2,727.3,693.7,-0.20000000000004547,-0.049999999999954525,2.0,0.10307764064045805,-2.8966139904631962,-0.10307764064044428,-2.6516353273361983,-0.0025000000000034105,0.7150000000000034,1.5742928160426322,2.536334323615962
yqaUDA6i5GY_00,366,35,0,755.6,426.2,800.6,472.5,778.1,449.35,0.0,0.3000000000000682,2.0,0.1500000000000341,1.5707963267948966,2.842170943040401e-14,0.0,0.5300000000000011,0.5150000000000006,0.7710450821236272,0.968682557622974
yqaUDA6i5GY_00,366,27,0,1050.6,480.0,1145.6,542.5,1098.1,511.25,-9.400000000000091,-2.5,2.0,4.863383595810681,-2.8816525134012676,-0.14640100492388353,-0.1755153739982798,-9.470000000000004,-3.842500000000001,-2.7561349223730445,0.1784480670408821
yqaUDA6i5GY_00,366,20,0,782.5,461.9,832.5,508.1,807.5,485.0,0.0,3.1000000000000227,2.0,1.5500000000000114,1.5707963267948966,0.5628679656440434,0.7853981633974956,0.625,0.5774999999999977,0.7459176495972754,0.7730581247728151
yqaUDA6i5GY_00,366,18,0,987.5,410.0,1033.8,446.2,1010.65,428.1,0.0,0.0,2.0,0.0,0.0,-0.22980970388561991,0.7853981633974483,-0.5925000000000011,-0.34499999999999886,-2.614305606575509,1.5707963267948966
yqaUDA6i5GY_00,366,16,0,240.9,838.1,290.9,914.4,265.9,876.25,0.0,0.0,2.0,0.0,0.0,-0.15811388300842796,-1.8925468811915955,0.0,-0.12250000000000227,-1.5707963267948966,2.308895471990995
yqaUDA6i5GY_00,366,8,0,878.8,523.1,961.2,599.4,920.0,561.25,3.75,1.25,2.0,1.976423537605237,0.3217505543966422,0.26342731808640385,-0.2423331666529933,1.625,1.0625,0.5790742693677309,0.2376117333037682
yqaUDA6i5GY_00,366,6,0,876.2,883.8,1106.2,1076.2,991.2,980.0,-5.7000000000000455,6.25,2.0,4.2294355415350795,2.3102018428307796,1.1269013657610332,-0.16257865282285747,-6.0,8.625,2.178598322908857,0.1358410667430768
yqaUDA6i5GY_00,368,43,0,1997.5,476.9,2117.5,520.0,2057.5,498.45,-17.5,2.1999999999999886,2.0,8.818871809931245,3.016534424278508,0.619317173316178,0.02057015125953665,-13.5,1.75,3.012681881905802,0.014833658427440737
yqaUDA6i5GY_00,368,40,0,714.4,631.9,856.9,735.6,785.65,683.75,58.35000000000002,-9.950000000000045,2.0,29.596135727489845,-0.16889813908296752,14.746529043424694,2.727715851380229,2.969999999999999,-0.5,-0.1667862305360348,2.6601747773452566
yqaUDA6i5GY_00,368,35,0,755.6,426.2,800.6,472.5,778.1,449.35,0.0,0.0,2.0,0.0,0.0,-0.07500000000001705,-1.5707963267948966,0.5300000000000011,0.4975000000000023,0.7537785350746942,0.7853981633974486
yqaUDA6i5GY_00,368,27,0,1042.5,475.0,1133.8,536.2,1088.15,505.6,-9.949999999999818,-5.649999999999977,2.0,5.721123141481839,-2.625156559809195,0.42886977283557925,0.25649595359207256,-9.577499999999997,-3.827499999999998,-2.761401350509402,0.16254090308118008
yqaUDA6i5GY_00,368,20,0,782.5,462.5,835.0,507.5,808.75,485.0,1.25,0.0,2.0,0.625,0.0,-0.4625000000000057,-1.5707963267948966,0.6875,0.5324999999999989,0.6590260258477388,1.1057282718466583
yqaUDA6i5GY_00,368,18,0,987.5,410.3,1033.8,446.6,1010.65,428.45000000000005,0.0,0.35000000000002274,2.0,0.17500000000001137,1.5707963267948966,0.08750000000000568,1.5707963267948966,-0.46750000000000114,-0.3125,-2.5523570050444464,1.1731197705098724
yqaUDA6i5GY_00,368,16,0,240.9,836.2,290.9,913.8,265.9,875.0,0.0,-1.25,2.0,0.625,-1.5707963267948966,0.3125,-1.5707963267948966,-0.0025000000000034105,-0.125,-1.5907936607680744,2.201645287192095
yqaUDA6i5GY_00,368,8,0,880.0,525.9,962.5,601.6,921.25,563.75,1.25,2.5,2.0,1.3975424859373686,1.1071487177940904,-0.2894405258339342,0.7853981633974483,1.5625,1.2024999999999977,0.6559275551125217,0.442940106473044
yqaUDA6i5GY_00,368,6,0,878.8,895.0,1101.2,1080.0,990.0,987.5,-1.2000000000000455,7.5,2.0,3.7976966703516526,1.7294515889813038,-0.21586943559171345,-0.5807502538494757,-5.75,8.530000000000001,2.1639215601091353,0.25036596525259974
yqaUDA6i5GY_00,370,43,0,1980.0,478.1,2100.0,521.9,2040.0,500.0,-17.5,1.5500000000000114,2.0,8.7842543792857,3.053251752183149,-0.01730871532277245,0.036717327904641106,-14.166666666666666,1.7166666666666686,3.0210041195750614,0.0236278915649694
yqaUDA6i5GY_00,370,40,0,605.3,631.9,857.5,755.6,731.4,693.75,-54.25,10.0,2.0,27.581980077579637,2.9593070548229394,-1.007077824955104,3.128205193905907,0.25749999999999884,0.0074999999999988635,0.02911798150703459,2.835852124207445
yqaUDA6i5GY_00,370,35,0,755.0,427.5,802.5,472.5,778.75,450.0,0.6499999999999773,0.6499999999999773,2.0,0.45961940777123983,0.7853981633974483,0.22980970388561991,0.7853981633974483,0.5625,0.5324999999999989,0.7580077549225848,0.7853981633974486
yqaUDA6i5GY_00,370,20,0,783.1,464.4,835.6,508.1,809.35,486.25,0.6000000000000227,1.25,2.0,0.6932712311931073,1.123276351637712,0.03413561559655365,1.123276351637712,0.6574999999999989,0.5949999999999989,0.735539319691105,1.1598236139433677
yqaUDA6i5GY_00,370,18,0,987.5,410.6,1033.8,446.9,1010.65,428.75,0.0,0.2999999999999545,2.0,0.14999999999997726,1.5707963267948966,-0.012500000000017053,0.0,-0.46750000000000114,-0.26500000000000057,-2.6259087297797707,0.7853981633974483
yqaUDA6i5GY_00,370,16,0,240.8,836.2,290.8,913.8,265.8,875.0,-0.0999999999999659,0.0,2.0,0.04999999999998295,3.141592653589793,-0.2875000000000085,-1.5707963267948968,-0.015000000000000568,-0.15749999999999886,-1.665748033137657,1.6780465115937961
yqaUDA6i5GY_00,370,8,0,882.5,529.7,965.0,603.4,923.75,566.55,2.5,2.7999999999999545,2.0,1.876832437912329,0.8419416003422575,0.23964497598748014,-0.2652071174518329,1.625,1.3599999999999965,0.6968530766693428,0.430979482500758
yqaUDA6i5GY_00,370,6,0,876.2,905.0,1097.5,1078.8,986.85,991.9,-3.1499999999999773,4.399999999999977,2.0,2.7056653525519216,2.1921199262207103,-0.5460156588998655,0.4626683372394066,-5.752500000000003,8.407499999999999,2.1708465401966506,0.40199908130391276
yqaUDA6i5GY_00,372,43,0,1962.5,480.6,2082.5,524.4,2022.5,502.5,-17.5,2.5,2.0,8.838834764831844,2.999695598985629,0.027290192773071986,-0.05355615319751994,-14.642857142857142,1.8285714285714303,3.017357735891638,0.036947877453899235
yqaUDA6i5GY_00,372,42,0,827.5,481.9,900.0,546.9,863.75,514.4,15.049999999999955,7.850000000000023,24.0,0.7072602165319969,0.4807737341529058,-0.0028224909778325155,-1.0900225926419909,7.524999999999977,4.699999999999989,0.5583006295698882,0.363340864213997
yqaUDA6i5GY_00,372,40,0,604.4,631.9,856.9,755.6,730.65,693.75,-0.75,0.0,2.0,0.375,3.141592653589793,-13.603490038789818,0.1822855987668537,0.18999999999999773,0.030000000000001137,0.15660187698202305,2.012735548017663
yqaUDA6i5GY_00,372,35,0,757.5,427.5,802.5,473.1,780.0,450.3,1.25,0.30000000000001137,2.0,0.6427480066091233,0.23554498072087196,0.09156429941894176,-0.5498531826765762,0.5625,0.4375,0.6610431688506869,0.968682557622974
yqaUDA6i5GY_00,372,26,0,1026.2,467.5,1113.8,527.5,1070.0,497.5,-445.0,-187.5,94.0,5.137111113556774,-2.7428190778432677,0.01259855359942872,0.07702302134988327,-24.625,-10.280000000000001,-2.746124105339867,0.1421152481505548
yqaUDA6i5GY_00,372,20,0,785.0,464.4,837.5,508.1,811.25,486.25,1.8999999999999773,0.0,2.0,0.9499999999999886,0.0,0.12836438440344067,-1.123276351637712,0.7524999999999977,0.5,0.5864676853362486,1.2724496766901068
yqaUDA6i5GY_00,372,18,0,987.5,410.6,1033.8,446.9,1010.65,428.75,0.0,0.0,2.0,0.0,0.0,-0.07499999999998863,-1.5707963267948966,-0.4025000000000034,-0.28000000000000114,-2.533790657475835,1.0471975511965976
yqaUDA6i5GY_00,372,16,0,240.8,836.2,290.8,913.8,265.8,875.0,0.0,0.0,2.0,0.0,0.0,-0.024999999999991473,-3.141592653589793,-0.015000000000000568,-0.15749999999999886,-1.665748033137657,2.0943951023931953
yqaUDA6i5GY_00,372,8,0,886.2,530.6,968.8,606.9,927.5,568.75,3.75,2.2000000000000455,2.0,2.173850270832849,0.5305578870294566,0.14850891646026,-0.31138371331280096,1.75,1.25,0.6202494859828215,0.45399633138736056
yqaUDA6i5GY_00,372,6,0,875.6,916.2,1094.4,1078.8,985.0,997.5,-1.8500000000000227,5.600000000000023,2.0,2.9488345155332274,1.8898659224672723,0.12158458149065288,-0.3022540037534381,-5.625,8.1875,2.1727596288712094,0.44855753161410633
yqaUDA6i5GY_00,372,4,0,240.6,835.6,290.6,914.4,265.6,875.0,-0.6499999999999773,-1.25,78.0,0.018062824107186237,-2.0503156187874785,-0.0007299637934974665,-2.0503156187874785,-0.03249999999999886,-0.09499999999999886,-1.9004207342156323,1.7306360907924239
yqaUDA6i5GY_00,374,43,0,1947.5,481.2,2067.5,526.2,2007.5,503.70000000000005,-15.0,1.2000000000000455,2.0,7.523961722390673,3.0617626678775527,-0.6574365212205855,0.0620670688919236,-14.6875,1.750000000000007,3.023002794332087,0.05078018333136155
yqaUDA6i5GY_00,374,42,0,829.4,481.2,901.9,547.5,865.65,514.35,1.8999999999999773,-0.049999999999954525,2.0,0.9503288904373987,-0.02630971725289859,0.12153433695270088,-0.5070834514058045,5.649999999999977,3.1166666666666742,0.5040879766083789,0.5323686813492651
yqaUDA6i5GY_00,374,40,0,603.1,631.6,856.9,756.2,730.0,693.9000000000001,-0.6499999999999773,0.15000000000009095,2.0,0.3335416016031575,2.9147938055357665,-0.020729199198421255,-0.2267988480540266,0.15749999999999886,0.03750000000000568,0.2337431808689372,1.179096546908929
yqaUDA6i5GY_00,374,35,0,756.2,427.5,798.8,472.5,777.5,450.0,-2.5,-0.30000000000001137,2.0,1.2589678312014179,-3.02216372757145,0.30810991229614726,3.025476598887264,0.375,0.40500000000000114,0.8238407534186375,1.4535759816537632
yqaUDA6i5GY_00,374,26,0,1016.9,464.4,1103.1,523.1,1060.0,493.75,-10.0,-3.75,2.0,5.340002340823457,-2.782821983319221,0.10144561363334148,-0.0400029054759532,-25.125,-10.6875,-2.739406000471753,0.09421131731146043
yqaUDA6i5GY_00,374,20,0,786.2,464.7,836.2,508.4,811.2,486.54999999999995,-0.049999999999954525,0.2999999999999545,2.0,0.15206906325742933,1.7359450042094005,-0.39896546837127966,1.7359450042094005,0.7475000000000023,0.5449999999999988,0.6299884177799537,1.3274992358282747
yqaUDA6i5GY_00,374,18,0,987.5,410.3,1033.8,446.6,1010.65,428.45000000000005,0.0,-0.2999999999999545,2.0,0.14999999999997726,-1.5707963267948966,0.07499999999998863,-1.5707963267948966,-0.34250000000000114,-0.24749999999999658,-2.5158411598530144,1.0471975511965976
yqaUDA6i5GY_00,374,16,0,240.9,836.2,290.9,913.8,265.9,875.0,0.0999999999999659,0.0,2.0,0.04999999999998295,0.0,0.024999999999991473,0.0,-0.017500000000001136,-0.09250000000000114,-1.7577755967138173,1.5707963267948966
yqaUDA6i5GY_00,374,8,0,887.5,531.9,972.5,608.8,930.0,570.3499999999999,2.5,1.599999999999909,2.0,1.4840822079655585,0.569313191100636,-0.3448840314336452,0.03875530407117944,1.8149999999999977,1.3274999999999977,0.6314936805600032,0.2051153782786043
yqaUDA6i5GY_00,374,6,0,875.0,926.2,1087.5,1078.8,981.25,1002.5,-3.75,5.0,2.0,3.125,2.214297435588181,0.0880827422333863,0.32443151312090857,-5.532500000000004,8.0,2.1758370646984195,0.36311795137125064
yqaUDA6i5GY_00,374,4,0,240.6,835.6,290.6,914.4,265.6,875.0,0.0,0.0,2.0,0.0,0.0,-0.009031412053593119,2.0503156187874785,-0.03249999999999886,-0.09499999999999886,-1.9004207342156323,1.862762110827101
yqaUDA6i5GY_00,376,43,0,1927.5,483.4,2052.5,528.4,1990.0,505.9,-17.5,2.199999999999932,2.0,8.818871809931242,3.016534424278511,0.6474550437702842,-0.04522824359904165,-15.0,1.7999999999999987,3.0221637275714546,0.05361715522949506
yqaUDA6i5GY_00,376,42,0,833.8,481.2,903.8,548.8,868.8,515.0,3.1499999999999773,0.6499999999999773,2.0,1.6081822036075257,0.2034930452575573,0.32892665658506354,0.22980276251045592,5.024999999999977,2.5,0.46165557976321264,0.6089696021860838
yqaUDA6i5GY_00,376,40,0,607.8,629.4,857.5,755.6,732.65,692.5,2.6499999999999773,-1.400000000000091,2.0,1.498540957064582,-0.48603192934012673,0.5824996777307123,2.882359572303693,0.2899999999999977,-0.03249999999999886,-0.11160329468538582,1.0971480063748578
yqaUDA6i5GY_00,376,35,0,757.5,426.6,805.0,474.1,781.25,450.35,3.75,0.35000000000002274,2.0,1.8831489585266494,0.09306372872442398,0.3120905636626158,3.115227456295874,0.5625,0.3925000000000011,0.6092329825184999,2.2301857459532384
yqaUDA6i5GY_00,376,26,0,1007.5,460.0,1092.5,519.4,1050.0,489.7,-10.0,-4.050000000000011,2.0,5.394499513393251,-2.7567833770439307,0.027248586284897236,0.026038606275290196,-25.625,-10.765,-2.743881733151204,0.047688177700375554
yqaUDA6i5GY_00,376,20,0,786.2,465.6,836.2,509.4,811.2,487.5,0.0,0.9500000000000455,2.0,0.47500000000002274,1.5707963267948966,0.16146546837129672,-0.16514867741450392,0.6850000000000023,0.5925000000000011,0.7131172598986303,1.0081233444205386
yqaUDA6i5GY_00,376,18,0,987.5,410.0,1033.8,446.2,1010.65,428.1,0.0,-0.35000000000002274,2.0,0.17500000000001137,-1.5707963267948966,0.012500000000017053,0.0,-0.3725000000000023,-0.21999999999999886,-2.608110603963868,1.0471975511965976
yqaUDA6i5GY_00,376,8,0,891.2,530.0,976.2,611.2,933.7,570.6,3.7000000000000455,0.2500000000001137,2.0,1.8542181640788924,0.06746502452193451,0.18506797805666697,-0.5018481665787017,1.9350000000000023,1.25,0.5735544819394905,0.2839957279875605
yqaUDA6i5GY_00,376,6,0,879.4,935.0,1081.9,1075.0,980.6500000000001,1005.0,-0.599999999999909,2.5,2.0,1.2854960132182336,1.8063413075157255,-0.9197519933908832,-0.4079561280724554,-5.342499999999996,7.717500000000001,2.1763072999477533,0.3448805483156003
yqaUDA6i5GY_00,376,4,0,241.2,836.2,290.6,915.0,265.9,875.6,0.2999999999999545,0.6000000000000227,2.0,0.33541019662496846,1.1071487177941663,0.16770509831248423,1.1071487177941661,-0.017500000000001136,-0.06499999999999773,-1.8337910584758412,1.7359266517897076
yqaUDA6i5GY_00,378,43,0,1910.0,483.4,2040.0,530.3,1975.0,506.84999999999997,-15.0,0.9499999999999886,2.0,7.515026613392663,3.078343796056721,-0.6519225982692896,0.06180937177820978,-15.0,1.7149999999999976,3.0277536415952193,0.056368228089725005
yqaUDA6i5GY_00,378,42,0,834.4,481.9,905.6,550.0,870.0,515.95,1.2000000000000455,0.9500000000000455,2.0,0.7652613932507303,0.6696389456766424,-0.4214604051783977,0.46614590041908516,4.259999999999991,2.1900000000000093,0.4748516219570857,0.4010107047784485
yqaUDA6i5GY_00,378,40,0,615.6,630.0,856.9,755.0,736.25,692.5,3.6000000000000227,0.0,2.0,1.8000000000000114,0.0,0.15072952146771468,0.4860319293401268,0.5074999999999988,-0.03249999999999886,-0.06395208079687538,1.1983967832326154
yqaUDA6i5GY_00,378,35,0,758.8,427.5,806.2,475.6,782.5,451.55,1.25,1.1999999999999886,2.0,0.8663861725581689,0.7649928327109055,-0.5083813929842402,0.6719291039864813,0.625,0.43499999999999944,0.6080363528005528,2.270877719723207
yqaUDA6i5GY_00,378,26,0,1003.8,457.8,1081.2,513.4,1042.5,485.6,-7.5,-4.099999999999966,2.0,4.273757129271612,-2.6413122253649446,-0.5603711920608196,0.11547115167898617,-26.0,-11.102500000000003,-2.7380129434650287,0.06050422114340986
yqaUDA6i5GY_00,378,20,0,787.5,465.9,837.5,510.9,812.5,488.4,1.2999999999999545,0.8999999999999773,2.0,0.7905694150420697,0.6055446636049746,0.15778470752102347,-0.9652516631899221,0.75,0.5149999999999977,0.6017212550547582,0.9554484482712753
yqaUDA6i5GY_00,378,18,0,987.5,410.3,1033.8,446.6,1010.65,428.45000000000005,0.0,0.35000000000002274,2.0,0.17500000000001137,1.5707963267948966,0.0,3.141592653589793,-0.28249999999999886,-0.23249999999999887,-2.452978535299819,1.5707963267948966
yqaUDA6i5GY_00,378,8,0,892.5,533.1,981.2,613.1,936.85,573.1,3.1499999999999773,2.5,2.0,2.0107523467597805,0.6708574666007705,0.07826709134044407,0.6033924420788359,2.0275000000000034,1.3099999999999965,0.573639902647509,0.38133197090957216
yqaUDA6i5GY_00,378,6,0,880.0,943.8,1077.5,1078.8,978.75,1011.3,-1.900000000000091,6.2999999999999545,2.0,3.2901367752724116,1.863708724320435,1.002320381027089,0.05736741680470958,-5.1875,7.439999999999998,2.1796706505318384,0.26325168599935744
yqaUDA6i5GY_00,380,43,0,1895.0,483.8,2022.5,532.5,1958.75,508.15,-16.25,1.3000000000000114,2.0,8.150958532589895,3.061762667877555,0.3179659595986162,-0.0165811281791659,-15.113636363636363,1.6772727272727261,3.0310674717628556,0.04120624785213912
yqaUDA6i5GY_00,380,42,0,835.0,485.0,906.2,551.2,870.6,518.1,0.6000000000000227,2.1499999999999773,2.0,1.1160757142774778,1.2986504362636966,0.17540716051337374,0.6290114905870541,3.6499999999999964,2.183333333333337,0.5390754150584731,0.4416533845055317
yqaUDA6i5GY_00,380,40,0,603.8,628.1,857.5,755.6,730.65,691.85,-5.600000000000023,-0.6499999999999773,2.0,2.8187985029086517,-3.02603831191611,0.5093992514543202,-3.02603831191611,0.18999999999999773,-0.0625,-0.31779800580989553,2.1314766045199764
yqaUDA6i5GY_00,380,35,0,758.8,427.5,803.8,476.2,781.3,451.85,-1.2000000000000455,0.30000000000001137,2.0,0.6184658438426726,2.896613990462929,-0.12396016435774815,2.1316211577520234,0.5649999999999977,0.45,0.672578783430713,1.9729259060114597
yqaUDA6i5GY_00,380,26,0,994.4,453.4,1071.9,510.3,1033.15,481.85,-9.349999999999909,-3.75,2.0,5.036988187399249,-2.7601646177522188,0.38161552906381857,-0.1188523923872742,-26.467499999999994,-11.282499999999999,-2.738640441360283,0.08678738344718352
yqaUDA6i5GY_00,380,20,0,787.5,466.9,837.5,511.9,812.5,489.4,0.0,1.0,2.0,0.5,1.5707963267948966,-0.14528470752103484,0.9652516631899221,0.7199999999999989,0.5649999999999977,0.6653555522766457,0.6985506679314492
yqaUDA6i5GY_00,380,18,0,987.5,410.3,1035.0,446.6,1011.25,428.45000000000005,0.6000000000000227,0.0,2.0,0.30000000000001137,0.0,0.0625,-1.5707963267948966,-0.1875,-0.1724999999999966,-2.3978370692909428,1.5707963267948966
yqaUDA6i5GY_00,380,8,0,897.5,540.6,985.0,616.9,941.25,578.75,4.399999999999977,5.649999999999977,2.0,3.580590035175751,0.9091407881493534,0.7849188442079853,0.2382833215485829,2.1875,1.5924999999999954,0.6292717975541048,0.44784131006870664
yqaUDA6i5GY_00,380,6,0,881.2,954.4,1073.8,1078.1,977.5,1016.25,-1.25,4.9500000000000455,2.0,2.5526946546737848,1.818150282366718,-0.3687210602993134,-0.04555844195371717,-5.0,7.157499999999999,2.180560527464695,0.1702939956102936
yqaUDA6i5GY_00,382,43,0,1877.5,486.2,2007.5,534.4,1942.5,510.29999999999995,-16.25,2.1499999999999773,2.0,8.195806854727604,3.010048982270147,0.022424161068854254,-0.051713685607408084,-15.208333333333334,1.716666666666664,3.029191702597631,0.04336806185492792
yqaUDA6i5GY_00,382,42,0,835.6,484.4,906.9,551.9,871.25,518.15,0.6499999999999773,0.049999999999954525,2.0,0.32596012026011933,0.07677189126971116,-0.3950577970086792,-1.2218785449939853,3.221428571428565,1.8785714285714252,0.5279365744440541,0.7723453120000414
yqaUDA6i5GY_00,382,40,0,602.8,628.1,857.5,755.6,730.15,691.85,-0.5,0.0,2.0,0.25,3.141592653589793,-1.2843992514543259,-0.11555434167368289,0.20249999999999774,-0.06499999999999773,-0.3105986003710209,1.2092081943099733
yqaUDA6i5GY_00,382,35,0,758.8,428.8,805.0,476.2,781.9,452.5,0.6000000000000227,0.6499999999999773,2.0,0.4422951503238527,0.825376850520702,-0.08808534675940993,-2.0712371399422267,0.46999999999999886,0.4375,0.7496007899343208,1.6249291338935776
yqaUDA6i5GY_00,382,26,0,985.6,449.7,1063.1,505.3,1024.35,477.5,-8.800000000000182,-4.350000000000023,2.0,4.908220145837068,-2.682500821726223,-0.06438402078109062,0.07766379602599562,-26.907500000000006,-11.5,-2.7376992852092332,0.103995780030752
yqaUDA6i5GY_00,382,20,0,787.5,467.5,840.0,512.5,813.75,490.0,1.25,0.6000000000000227,2.0,0.6932712311931073,0.44751997515718467,0.09663561559655365,-1.123276351637712,0.75,0.6099999999999994,0.6828183109791532,1.017926559339185
yqaUDA6i5GY_00,382,18,0,987.5,410.6,1033.8,445.0,1010.65,427.8,-0.6000000000000227,-0.6500000000000341,2.0,0.44229515032387356,-2.3162158030690474,0.0711475751619311,-2.3162158030690474,-0.21750000000000114,-0.19000000000000056,-2.423576986035722,2.3428682611512457
yqaUDA6i5GY_00,382,8,0,901.2,538.8,988.8,620.0,945.0,579.4,3.75,0.6499999999999773,2.0,1.9029582233985045,0.17162806838087408,-0.8388159058886233,-0.7375127197684792,2.282499999999999,1.5625,0.6002857661612163,0.5263961611319659
yqaUDA6i5GY_00,382,6,0,877.5,963.8,1072.5,1078.8,975.0,1021.3,-2.5,5.0499999999999545,2.0,2.8174678347764477,2.030475702656673,0.13238659005133147,0.21232542028995494,-4.875,6.877499999999998,2.187426012681319,0.10508375968279345
yqaUDA6i5GY_00,384,43,0,1861.2,488.1,1993.8,536.9,1927.5,512.5,-15.0,2.2000000000000455,2.0,7.580237463298894,2.9959642730189673,-0.30778469571435485,-0.014084709251179548,-15.192307692307692,1.7538461538461547,3.026658393562511,0.027459841012584512
yqaUDA6i5GY_00,384,40,0,598.4,625.9,856.2,756.2,727.3,691.05,-2.8500000000000227,-0.8000000000000682,2.0,1.4800760115615885,-2.8679333325076826,0.6150380057807943,0.27365932108211083,0.05999999999999659,-0.10250000000000341,-1.0412067280128596,1.1384173248906346
yqaUDA6i5GY_00,384,35,0,760.0,428.8,805.0,475.6,782.5,452.20000000000005,0.6000000000000227,-0.2999999999999545,2.0,0.33541019662496846,-0.4636476090007303,-0.053442476849442117,-1.2890244595214324,0.5625,0.42250000000000226,0.6442118407276296,1.8306275857385612
yqaUDA6i5GY_00,384,26,0,977.5,448.1,1053.8,502.5,1015.65,475.3,-8.699999999999932,-2.1999999999999886,2.0,4.486925450684431,-2.8939112943409193,-0.2106473475763182,-0.21141047261469617,-27.3425,-11.599999999999998,-2.740359158437429,0.13597555367598865
yqaUDA6i5GY_00,384,20,0,791.2,466.9,841.2,513.1,816.2,490.0,2.4500000000000455,0.0,2.0,1.2250000000000227,0.0,0.2658643844034577,-0.44751997515718467,0.8725000000000023,0.5300000000000011,0.5458793368198815,0.8453493299949395
yqaUDA6i5GY_00,384,18,0,988.1,410.6,1033.1,441.9,1010.5999999999999,426.25,-0.05000000000006821,-1.5500000000000114,2.0,0.7754031209635479,-1.6030432092301943,0.16655398531983717,0.713172593838853,-0.1900000000000091,-0.25250000000000056,-2.215879712748751,1.5333949079009324
yqaUDA6i5GY_00,384,8,0,905.0,540.6,995.0,623.8,950.0,582.2,5.0,2.800000000000068,2.0,2.865309756378897,0.5104883219167862,0.48117576649019633,0.33886025353591215,2.5,1.6725000000000023,0.5896162489888649,0.43821876495099127
yqaUDA6i5GY_00,384,6,0,878.8,974.4,1066.2,1079.4,972.5,1026.9,-2.5,5.600000000000136,2.0,3.066349621292455,1.9906762840004393,0.12444089325800367,-0.03979941865623359,-4.6875,6.595000000000004,2.1887111307655562,0.09922776029996812
yqaUDA6i5GY_00,386,43,0,1847.5,490.6,1977.5,538.1,1912.5,514.35,-15.0,1.8500000000000227,2.0,7.5568263841377235,3.018879019899785,-0.011705539580585178,0.02291474688081773,-15.178571428571429,1.7607142857142881,3.0261087915297606,0.029571047246468456
yqaUDA6i5GY_00,386,40,0,602.8,628.4,857.5,756.2,730.15,692.3,2.8500000000000227,1.25,2.0,1.556036631959554,0.4133304045393249,0.037980310198982736,-3.0019215701325788,0.20249999999999774,-0.04000000000000341,-0.19502026740493972,1.1303784109627908
yqaUDA6i5GY_00,386,35,0,760.6,428.8,809.4,476.2,785.0,452.5,2.5,0.2999999999999545,2.0,1.2589678312014143,0.11942892601832053,0.4617788172882229,0.5830765350190508,0.6875,0.3925000000000011,0.5187544182226863,1.3144460448275703
yqaUDA6i5GY_00,386,26,0,968.8,445.0,1041.2,498.1,1005.0,471.55,-10.649999999999977,-3.75,2.0,5.645462779967634,-2.803036958678108,0.5792686646416012,0.09087433566281124,-27.8125,-11.767499999999998,-2.741331470321829,0.12664953476783433
yqaUDA6i5GY_00,386,20,0,790.0,468.8,842.5,513.8,816.25,491.29999999999995,0.049999999999954525,1.2999999999999545,2.0,0.6504805915628608,1.532353736773742,-0.287259704218581,1.532353736773742,0.9375,0.6274999999999977,0.5898464859077976,1.0343833545228796
yqaUDA6i5GY_00,386,18,0,987.5,410.0,1032.5,443.8,1010.0,426.9,-0.599999999999909,0.6499999999999773,2.0,0.4422951503238141,2.3162158030689968,-0.1665539853198669,-2.363926294880395,-0.18500000000000227,-0.2200000000000017,-2.269988916516568,1.7977715639294318
yqaUDA6i5GY_00,386,8,0,908.8,545.6,998.8,626.9,953.8,586.25,3.7999999999999545,4.0499999999999545,2.0,2.7768012172281655,0.8172345368245632,-0.04425426957536582,0.30674621490777704,2.6274999999999977,1.7975000000000023,0.599981991270601,0.46103972940405596
yqaUDA6i5GY_00,386,6,0,882.5,982.5,1062.5,1078.8,972.5,1030.65,0.0,3.75,2.0,1.875,1.5707963267948966,-0.5956748106462275,-0.41987995720554283,-4.375,6.2175000000000065,2.1839737948937095,0.22400159871724334
yqaUDA6i5GY_00,388,43,0,1832.5,491.6,1962.5,539.7,1897.5,515.6500000000001,-15.0,1.3000000000000682,2.0,7.5281139736324425,3.0551420019024147,-0.014356205252640475,0.03626298200262967,-15.166666666666666,1.7300000000000069,3.0280175984528963,0.02442081271154232
yqaUDA6i5GY_00,388,40,0,600.0,628.8,857.5,757.5,728.75,693.15,-1.3999999999999773,0.8500000000000227,2.0,0.8189169677079562,2.595937599062782,-0.3685598321257989,2.182607194523457,0.13249999999999887,-0.022500000000002275,-0.1682067718571042,1.819396028579382
yqaUDA6i5GY_00,388,35,0,761.2,430.0,808.8,476.2,785.0,453.1,0.0,0.6000000000000227,2.0,0.30000000000001137,1.5707963267948966,-0.47948391560070147,1.451367400776576,0.625,0.40500000000000114,0.5749679600509761,1.10782279843902
yqaUDA6i5GY_00,388,26,0,960.6,440.6,1033.1,494.4,996.8499999999999,467.5,-8.150000000000091,-4.050000000000011,2.0,4.550412069252673,-2.6804020421018167,-0.5475253553574806,0.12263491657629147,-28.157500000000006,-11.742500000000001,-2.7464926604056124,0.14163990828459963
yqaUDA6i5GY_00,388,20,0,792.5,468.1,842.5,515.6,817.5,491.85,1.25,0.5500000000000682,2.0,0.6828250141873969,0.41450687458483165,0.016172211312268092,-1.1178468621889104,0.9699999999999989,0.6550000000000011,0.5939267048606446,1.0325735247066123
yqaUDA6i5GY_00,388,18,0,987.5,410.9,1033.8,443.4,1010.65,427.15,0.6499999999999773,0.25,2.0,0.34820970692959236,0.36717383381823093,-0.04704272169711088,-1.949041969250766,-0.09250000000000114,-0.20500000000000113,-1.9946639373246784,1.6753802859900047
yqaUDA6i5GY_00,388,13,0,838.8,489.4,913.8,555.6,876.3,522.5,18.799999999999955,11.850000000000023,28.0,0.7936791909602166,0.5624151804382899,-0.008791161649787469,0.08801529764641672,2.0024999999999977,1.1875,0.5352630082205421,0.038298401760368556
yqaUDA6i5GY_00,388,8,0,912.5,546.2,1003.8,631.2,958.15,588.7,4.350000000000023,2.4500000000000455,2.0,2.4962471832733444,0.5129350139936624,-0.14027701697741057,-0.3042995228309008,2.782499999999999,1.8875,0.5960453255699365,0.3166353304248632
yqaUDA6i5GY_00,388,6,0,882.5,992.5,1058.8,1080.0,970.65,1036.25,-1.8500000000000227,5.599999999999909,2.0,2.948834515533173,1.8898659224672785,0.5369172577665866,0.3190695956723819,-4.155000000000001,5.9375,2.18138098437971,0.25958299051138567
yqaUDA6i5GY_00,390,43,0,1818.8,492.5,1948.8,541.2,1883.8,516.85,-13.700000000000045,1.1999999999999318,2.0,6.876227163205145,3.0542243937372886,-0.32594340521364895,-0.0009176081651260938,-15.075000000000003,1.6968750000000021,3.029502279776676,0.020031779016191166
yqaUDA6i5GY_00,390,40,0,599.4,629.4,856.9,756.9,728.15,693.15,-0.6000000000000227,0.0,2.0,0.30000000000001137,3.141592653589793,-0.2594584838539724,0.5456550545270109,0.10249999999999773,0.0,0.0,1.9100612730610156
yqaUDA6i5GY_00,390,35,0,761.9,429.7,809.4,477.2,785.65,453.45,0.6499999999999773,0.3499999999999659,2.0,0.3691205765058169,0.49394136891955515,0.03456028825290278,-1.0768549578753412,0.5324999999999989,0.3424999999999983,0.5715747277532549,1.0370996312236562
yqaUDA6i5GY_00,390,26,0,953.8,440.9,1023.8,490.3,988.8,465.6,-8.049999999999955,-1.8999999999999773,2.0,4.135592460579233,-2.909809705438377,-0.20740980433671963,-0.2294076633365605,-28.435000000000002,-11.907499999999999,-2.745017414462784,0.1476389718585544
yqaUDA6i5GY_00,390,20,0,792.5,468.4,842.5,515.3,817.5,491.84999999999997,0.0,-5.684341886080802e-14,2.0,2.842170943040401e-14,-1.5707963267948966,-0.34141250709368426,-1.9853032013797283,0.875,0.5924999999999983,0.5952203259769893,1.5451679334474602
yqaUDA6i5GY_00,390,18,0,986.9,411.2,1034.4,447.5,1010.6500000000001,429.35,1.1368683772161603e-13,2.2000000000000455,2.0,1.1000000000000227,1.5707963267948448,0.37589514653521516,1.203622492976614,-0.09249999999999545,-0.09749999999999943,-2.329884772939401,1.8388635857025915
yqaUDA6i5GY_00,390,13,0,842.5,489.7,915.0,555.3,878.75,522.5,2.4500000000000455,0.0,2.0,1.2250000000000227,0.0,0.2156604045199031,-0.5624151804382899,2.0625,1.125,0.49934672168013006,0.22039425062525006
yqaUDA6i5GY_00,390,8,0,915.6,551.2,1008.1,635.0,961.85,593.1,3.7000000000000455,4.399999999999977,2.0,2.874456470360968,0.8716037370732185,0.18910464354381173,0.35866872307955616,2.842500000000001,2.030000000000001,0.6201662843855429,0.3232381536060778
yqaUDA6i5GY_00,390,6,0,885.0,998.8,1040.0,1078.8,962.5,1038.8,-8.149999999999977,2.5499999999999545,2.0,4.269806787197735,2.838358501261164,0.6604861358322811,0.9484925787938856,-4.185000000000002,5.439999999999998,2.226536369843724,0.5624807105572697
yqaUDA6i5GY_00,392,43,0,1802.5,493.1,1937.5,544.4,1870.0,518.75,-13.799999999999955,1.8999999999999773,2.0,6.96509152847252,3.0047716975189287,0.044432182633687756,-0.0494526962183599,-15.0,1.7088235294117653,3.0281601119882717,0.028877762128705225
yqaUDA6i5GY_00,392,40,0,600.3,626.9,860.0,756.9,730.15,691.9,2.0,-1.25,2.0,1.1792476415070754,-0.5585993153435624,0.439623820753532,2.5829933382462307,0.19499999999999887,-0.08500000000000227,-0.4110645473898763,1.7704185290988994
yqaUDA6i5GY_00,392,35,0,761.9,430.0,809.4,478.1,785.65,454.05,0.0,0.6000000000000227,2.0,0.30000000000001137,1.5707963267948966,-0.03456028825290278,1.0768549578753412,0.5949999999999989,0.3875,0.5772608292157447,1.20169243884242
yqaUDA6i5GY_00,392,26,0,945.0,436.9,1015.0,486.9,980.0,461.9,-8.799999999999955,-3.7000000000000455,2.0,4.7731017169132155,-2.743578337960935,0.31875462816699107,0.16623136747744208,-28.814999999999998,-12.1,-2.744032514679885,0.17275798246343135
yqaUDA6i5GY_00,392,20,0,791.9,468.8,845.6,515.6,818.75,492.20000000000005,1.25,0.3500000000000796,2.0,0.6490377492873692,0.2730087030867696,0.3245188746436704,1.8438050298816662,0.9375,0.5800000000000012,0.5540320394093271,1.6489850311501015
yqaUDA6i5GY_00,392,18,0,987.5,411.9,1035.0,446.9,1011.25,429.4,0.599999999999909,0.049999999999954525,2.0,0.30103986446976017,0.0831412318883785,-0.3994800677651313,-1.4876550949064664,-0.0625,-0.09250000000000114,-2.1650100305953246,1.546773185711282
yqaUDA6i5GY_00,392,13,0,843.1,490.0,915.6,556.2,879.35,523.1,0.6000000000000227,0.6000000000000227,2.0,0.4242640687119446,0.7853981633974483,-0.4003679656440391,0.7853981633974483,2.092500000000001,1.1400000000000035,0.49884433538730555,0.4786095471607184
yqaUDA6i5GY_00,392,8,0,920.0,555.0,1012.5,638.8,966.25,596.9,4.399999999999977,3.7999999999999545,2.0,2.9068883707497033,0.7123575980943256,0.016215950194367723,-0.15924613897889286,3.0,2.1400000000000032,0.6196185712400364,0.27407146162978313
yqaUDA6i5GY_00,392,6,0,891.2,1006.2,1028.8,1078.8,960.0,1042.5,-2.5,3.7000000000000455,2.0,2.2327113561766296,2.1650100305953246,-1.018547715510553,-0.6733484706658394,-4.0,5.029999999999996,2.2426211168959203,0.6469702150440352
yqaUDA6i5GY_00,394,43,0,1793.8,495.0,1923.8,545.0,1858.8,520.0,-11.200000000000045,1.25,2.0,5.634769294301254,3.030445476551135,-0.6651611170856331,0.025673779032206134,-14.788888888888891,1.683333333333334,3.028256241761133,0.02534802780523071
yqaUDA6i5GY_00,394,35,0,763.8,430.9,806.2,479.1,785.0,455.0,-0.6499999999999773,0.9499999999999886,2.0,0.5755432216610558,2.1708465401966395,0.1377716108305222,0.6000502134017428,0.375,0.40500000000000114,0.8238407534186375,0.9179200430508088
yqaUDA6i5GY_00,394,26,0,941.2,432.8,1007.5,483.4,974.35,458.1,-5.649999999999977,-3.7999999999999545,2.0,3.404500697606016,-2.549516752814488,-0.6843005096535997,0.19406158514644692,-28.97,-12.272499999999997,-2.7408847686867426,0.19656687198681647
yqaUDA6i5GY_00,394,20,0,795.0,471.2,845.0,516.2,820.0,493.70000000000005,1.25,1.5,2.0,0.9762812094883317,0.8760580505981933,0.16362173010048126,0.6030493475114236,0.9399999999999977,0.5925000000000011,0.5624151804382899,1.477385859590939
yqaUDA6i5GY_00,394,18,0,981.2,408.4,1033.8,445.9,1007.5,427.15,-3.75,-2.25,2.0,2.1866069605669876,-2.601173153319209,0.9427835480486138,-2.6843143852075877,-0.25,-0.20500000000000113,-2.454775003831145,1.7918639910302225
yqaUDA6i5GY_00,394,13,0,843.8,490.0,916.2,557.5,880.0,523.75,0.6499999999999773,0.6499999999999773,2.0,0.45961940777123983,0.7853981633974483,0.01767766952964761,0.0,1.9399999999999977,1.1550000000000011,0.5370013593860764,0.4492711146119128
yqaUDA6i5GY_00,394,8,0,925.6,558.1,1020.6,643.1,973.1,600.6,6.850000000000023,3.7000000000000455,2.0,3.8927015040971433,0.4952462833594276,0.49290656667372,-0.21711131473489803,3.280000000000001,2.217500000000001,0.5944823727513926,0.2450087255977822
yqaUDA6i5GY_00,394,6,0,883.1,1015.6,1043.1,1079.4,963.0999999999999,1047.5,3.099999999999909,5.0,2.0,2.9415132160165216,1.0158005994563228,0.354400929919946,-1.1492094311390018,-3.4400000000000093,4.845000000000004,2.1882090797040847,0.9236834935329085
yqaUDA6i5GY_00,396,43,0,1777.5,497.5,1912.5,546.2,1845.0,521.85,-13.799999999999955,1.8500000000000227,2.0,6.961725719963384,3.008329208741342,0.6634782128310652,-0.02211626780979303,-14.736842105263158,1.6921052631578966,3.027271871038606,0.03241424768678635
yqaUDA6i5GY_00,396,35,0,763.8,430.6,806.2,479.4,785.0,455.0,0.0,0.0,2.0,0.0,0.0,-0.2877716108305279,-2.1708465401966395,0.40500000000000114,0.42249999999999943,0.8065430477516929,1.2825839038245748
yqaUDA6i5GY_00,396,26,0,935.0,428.1,1000.0,479.4,967.5,453.75,-6.850000000000023,-4.350000000000023,2.0,4.057246603301324,-2.5758086153689437,0.3263729528476538,-0.026291862554455477,-29.189999999999998,-12.4375,-2.7388010742377937,0.12886160505944816
yqaUDA6i5GY_00,396,20,0,793.8,471.2,846.2,516.2,820.0,493.70000000000005,0.0,0.0,2.0,0.0,0.0,-0.4881406047441659,-0.8760580505981933,0.875,0.5600000000000023,0.5693131911006637,1.1076374759970944
yqaUDA6i5GY_00,396,18,0,989.4,408.8,1033.1,446.2,1011.25,427.5,3.75,0.35000000000002274,2.0,1.8831489585266494,0.09306372872442398,-0.15172900102016906,2.694236882043633,-0.0625,-0.1875,-1.8925468811915387,2.288735454052562
yqaUDA6i5GY_00,396,13,0,843.8,490.0,916.2,557.5,880.0,523.75,0.0,0.0,2.0,0.0,0.0,-0.22980970388561991,-0.7853981633974483,1.9399999999999977,1.1725000000000023,0.5436349232727804,0.523598775598299
yqaUDA6i5GY_00,396,8,0,930.0,562.5,1025.0,646.2,977.5,604.35,4.399999999999977,3.75,2.0,2.8906097972573104,0.7058120206455111,-0.5010458534199165,0.2105657372860835,3.4375,2.3750000000000058,0.604598590093478,0.19564106366662468
yqaUDA6i5GY_00,396,6,0,888.8,1020.0,1036.2,1080.0,962.5,1050.0,-0.599999999999909,2.5,2.0,1.2854960132182336,1.8063413075157255,-0.828008601399144,0.7905407080594027,-3.0950000000000046,4.685000000000002,2.1546003874654014,0.8710328699547475
yqaUDA6i5GY_00,398,43,0,1762.5,498.4,1897.5,549.1,1830.0,523.75,-15.0,1.8999999999999773,2.0,7.5599272483271935,3.015596971425782,0.29910076418190457,0.00726776268444018,-14.75,1.7025000000000006,3.026677448814949,0.018352603175479782
yqaUDA6i5GY_00,398,35,0,763.8,431.2,808.8,478.8,786.3,455.0,1.2999999999999545,0.0,2.0,0.6499999999999773,0.0,0.32499999999998863,0.0,0.4399999999999977,0.35999999999999943,0.6857295109062881,0.9236322511994611
yqaUDA6i5GY_00,398,26,0,927.5,427.5,992.5,476.2,960.0,451.85,-7.5,-1.8999999999999773,2.0,3.8684622267769373,-2.8934792044931195,-0.0943921882621932,-0.31767058912417584,-29.435000000000002,-12.344999999999999,-2.744475928664557,0.17934134560835943
yqaUDA6i5GY_00,398,20,0,795.0,472.5,847.5,518.8,821.25,495.65,1.25,1.9499999999999318,2.0,1.1581234821900181,1.0007558630951703,0.5790617410950091,1.0007558630951703,0.9074999999999989,0.6574999999999989,0.6269921223896875,0.8266210870682623
yqaUDA6i5GY_00,398,18,0,986.2,409.7,1033.8,446.6,1010.0,428.15,-1.25,0.6499999999999773,2.0,0.7044501401802633,2.662073361597211,-0.589349409173193,2.5690096328727874,-0.0625,-0.17250000000000226,-1.9184031865507942,2.6491869667080024
yqaUDA6i5GY_00,398,16,0,240.5,836.2,290.8,915.0,265.65,875.6,-0.25,0.6000000000000227,24.0,0.02708333333333421,1.9655874464946446,-0.0009548611111103641,1.9655874464946446,-0.030000000000001137,-0.03249999999999886,-2.316215803069091,1.7023933666948128
yqaUDA6i5GY_00,398,13,0,843.1,491.2,918.1,558.8,880.6,525.0,0.6000000000000227,1.25,2.0,0.6932712311931073,1.123276351637712,0.34663561559655365,1.123276351637712,1.9050000000000011,1.1875,0.5574188177217052,0.6362248383450536
yqaUDA6i5GY_00,398,8,0,933.1,564.4,1029.4,652.5,981.25,608.45,3.75,4.100000000000023,2.0,2.778151363766929,0.8299546415336609,-0.05622921674519077,0.1241426208881499,3.5024999999999977,2.547500000000002,0.6288387258331394,0.18393989096971033
yqaUDA6i5GY_00,398,6,0,891.2,1030.6,1028.8,1079.4,960.0,1055.0,-2.5,5.0,2.0,2.7950849718747373,2.0344439357957027,0.7547944793282518,0.2281026282799772,-2.8149999999999977,4.685000000000002,2.111843376402617,0.7226175891594601
yqaUDA6i5GY_00,398,4,0,240.5,836.9,291.1,915.6,265.8,876.25,-0.0999999999999659,0.6499999999999773,22.0,0.02989306008628489,1.7234456551901158,-0.013887142569940163,0.6162969373959494,-0.02249999999999943,-0.09250000000000114,-1.809405649303089,1.257920424659198
yqaUDA6i5GY_00,400,43,0,1753.8,499.1,1886.2,550.9,1820.0,525.0,-10.0,1.25,2.0,5.038911092686593,3.017237659043032,-1.2605080778203002,0.0016406876172498917,-14.684999999999992,1.7324999999999988,3.024157963793272,0.0103415727038277
yqaUDA6i5GY_00,400,40,0,595.9,601.9,866.2,758.1,731.05,680.0,0.8999999999999773,-11.899999999999977,8.0,1.4917481355778497,-1.4953097818609749,0.03906256175884679,-0.9367104665174124,0.20999999999999658,-0.6550000000000011,-1.2605395191132902,1.3551196197635516
yqaUDA6i5GY_00,400,35,0,763.8,431.2,808.8,479.4,786.3,455.29999999999995,0.0,0.2999999999999545,2.0,0.14999999999997726,1.5707963267948966,-0.25,1.5707963267948966,0.3774999999999977,0.3599999999999966,0.7616738018891397,1.247214288997179
yqaUDA6i5GY_00,400,26,0,921.2,424.7,983.8,472.8,952.5,448.75,-7.5,-3.1000000000000227,2.0,4.0577087130547005,-2.7496451281212777,0.0946232431388816,0.14383407637184178,-29.5,-12.4375,-2.742596723110271,0.16259884268349103
yqaUDA6i5GY_00,400,20,0,796.2,472.8,848.8,519.7,822.5,496.25,1.25,0.6000000000000227,2.0,0.6932712311931073,0.44751997515718467,-0.23242612549845543,-0.5532358879379857,0.9350000000000023,0.7199999999999989,0.6562122885567087,0.8100166005437831
yqaUDA6i5GY_00,400,18,0,988.1,408.4,1033.1,446.6,1010.5999999999999,427.5,0.599999999999909,-0.6499999999999773,2.0,0.4422951503238141,-0.8253768505207963,-0.1310774949282246,2.7957350950615787,-0.032500000000004546,-0.21999999999999886,-1.7174628205921105,2.6863272033259995
yqaUDA6i5GY_00,400,16,0,240.5,836.2,290.8,915.0,265.65,875.6,0.0,0.0,2.0,0.0,0.0,-0.013541666666667104,-1.9655874464946446,-0.030000000000001137,-0.03249999999999886,-2.316215803069091,1.3103916309964296
yqaUDA6i5GY_00,400,8,0,937.5,566.2,1035.0,656.9,986.25,611.55,5.0,3.099999999999909,2.0,2.9415132160165216,0.5549957273385736,0.08168092612479638,-0.27495891419508733,3.6875,2.6724999999999968,0.6271415274624698,0.20322242412310676
yqaUDA6i5GY_00,400,6,0,892.5,1038.8,1032.5,1078.8,962.5,1058.8,2.5,3.7999999999999545,2.0,2.274313083108813,0.9888912086550056,-0.26038594438296214,-1.0455527271406972,-2.2799999999999954,4.689999999999998,2.0232951696002273,0.6880653544933586
yqaUDA6i5GY_00,400,4,0,240.5,837.5,291.1,915.0,265.8,876.25,0.0,0.0,2.0,0.0,0.0,-0.014946530043142446,-1.7234456551901158,-0.02249999999999943,-0.09250000000000114,-1.809405649303089,1.1489637701267437
yqaUDA6i5GY_00,402,43,0,1735.0,499.4,1875.0,551.9,1805.0,525.65,-15.0,0.6499999999999773,2.0,7.50703836409539,3.098286413195085,1.2340636357043984,0.08104875415205326,-14.934999999999992,1.6899999999999977,3.028914936285855,0.029985734817914445
yqaUDA6i5GY_00,402,35,0,763.8,431.9,812.5,479.4,788.15,455.65,1.8500000000000227,0.35000000000002274,2.0,0.9414085191881498,0.18697926991892072,0.3957042595940863,-1.3838170568759758,0.5024999999999977,0.34499999999999886,0.6016536326583262,0.984871127890291
yqaUDA6i5GY_00,402,26,0,915.6,420.6,974.4,470.0,945.0,445.3,-7.5,-3.4499999999999886,2.0,4.127726371745101,-2.7104539128710123,0.03500882934520044,0.03919121525026536,-29.625,-12.4525,-2.7436777596037274,0.16689862691542767
yqaUDA6i5GY_00,402,20,0,795.0,472.8,850.0,519.7,822.5,496.25,0.0,0.0,2.0,0.0,0.0,-0.34663561559655365,-0.44751997515718467,0.7800000000000011,0.7474999999999994,0.764124777373386,0.6671705753967802
yqaUDA6i5GY_00,402,18,0,987.5,408.1,1032.5,446.9,1010.0,427.5,-0.599999999999909,0.0,2.0,0.2999999999999545,3.141592653589793,-0.0711475751619298,-2.3162158030689968,0.0,-0.0625,-1.5707963267948966,2.560320177001121
yqaUDA6i5GY_00,402,16,0,240.3,836.2,290.9,915.0,265.6,875.6,-0.049999999999954525,0.0,2.0,0.024999999999977263,3.141592653589793,0.012499999999988631,3.141592653589793,-0.03249999999999886,-0.03249999999999886,-2.356194490192345,2.3575891821930273
yqaUDA6i5GY_00,402,8,0,942.5,571.2,1040.0,661.2,991.25,616.2,5.0,4.650000000000091,2.0,3.4140335382067075,0.7491446246060269,0.23626016109509296,0.19414889726745335,3.8725000000000023,2.8875,0.6407063743242751,0.19775014411689673
yqaUDA6i5GY_00,402,6,0,890.0,1043.8,1027.5,1078.8,958.75,1061.3,-3.75,2.5,2.0,2.2534695471649933,2.5535900500422253,-0.010421767971909857,1.5646988413872198,-2.0625,4.5,2.000558605891585,0.946118065602631
yqaUDA6i5GY_00,404,43,0,1723.8,501.2,1863.8,553.8,1793.8,527.5,-11.200000000000045,1.8500000000000227,2.0,5.6758809888862425,2.9778922010859272,-0.9155786876045737,-0.12039421210915793,-14.810000000000002,1.6724999999999994,3.029138638943398,0.06769455129282036
yqaUDA6i5GY_00,404,35,0,763.8,431.9,812.5,480.0,788.15,455.95,0.0,0.30000000000001137,2.0,0.15000000000000568,1.5707963267948966,-0.39570425959407207,1.3838170568759758,0.5024999999999977,0.3450000000000017,0.6016536326583299,1.4461434801822832
yqaUDA6i5GY_00,404,26,0,910.6,424.4,966.9,466.2,938.75,445.29999999999995,-6.25,-5.684341886080802e-14,2.0,3.125,-3.1415926535897842,-0.5013631858725507,-0.431138740718772,-29.8125,-12.360000000000003,-2.7485712853495117,0.20472134411362639
yqaUDA6i5GY_00,404,20,0,796.2,474.1,851.2,519.7,823.7,496.90000000000003,1.2000000000000455,0.6500000000000341,2.0,0.6823672031978372,0.49642275340488795,0.3411836015989186,0.49642275340488806,0.8100000000000023,0.7500000000000029,0.746955573376261,0.4990595388333528
yqaUDA6i5GY_00,404,18,0,987.5,407.8,1033.8,447.2,1010.65,427.5,0.6499999999999773,0.0,2.0,0.32499999999998863,0.0,0.012500000000017053,-3.141592653589793,0.0,-0.030000000000001137,-1.5707963267948966,2.7511811839067897
yqaUDA6i5GY_00,404,8,0,944.4,573.8,1044.4,666.2,994.4000000000001,620.0,3.150000000000091,3.7999999999999545,2.0,2.46791916399222,0.8786520785022081,-0.47305718710724376,0.12950745389618115,3.9075000000000046,3.0,0.6547673799658592,0.19953842178624048
yqaUDA6i5GY_00,404,6,0,889.4,1048.8,1024.4,1078.8,956.9000000000001,1063.8,-1.849999999999909,2.5,2.0,1.5550321540083716,2.2078666560705567,-0.34921869657831084,-0.3457233939716687,-2.0,4.502499999999998,1.9888145664187769,0.9853249874998614
yqaUDA6i5GY_00,406,43,0,1713.8,502.8,1853.8,555.3,1783.8,529.05,-10.0,1.5499999999999545,2.0,5.059706019127986,2.9878163534702895,-0.3080874848791284,0.009924152384362282,-14.560000000000002,1.6399999999999977,3.0294280473652546,0.07045570621519116
yqaUDA6i5GY_00,406,35,0,763.8,432.5,812.5,480.0,788.15,456.25,0.0,0.30000000000001137,2.0,0.15000000000000568,1.5707963267948966,0.0,0.0,0.5024999999999977,0.34499999999999886,0.6016536326583262,0.9225447045839842
yqaUDA6i5GY_00,406,26,0,902.5,416.2,960.0,462.5,931.25,439.35,-7.5,-5.949999999999932,2.0,4.786765609469487,-2.4709299921813725,0.8308828047347436,0.6706626614084116,-29.8125,-12.539999999999997,-2.7434301588645096,0.38033087245914965
yqaUDA6i5GY_00,406,20,0,796.2,475.6,851.2,521.9,823.7,498.75,0.0,1.849999999999966,2.0,0.924999999999983,1.5707963267948966,0.12131639840107289,1.0743735733900084,0.8100000000000023,0.6875,0.7037768971755685,0.6727721006506937
yqaUDA6i5GY_00,406,18,0,987.5,407.8,1033.8,447.2,1010.65,427.5,0.0,0.0,2.0,0.0,0.0,-0.16249999999999432,0.0,0.0,-0.030000000000001137,-1.5707963267948966,1.8192694855529299
yqaUDA6i5GY_00,406,13,0,848.1,490.3,923.1,561.6,885.6,525.95,5.0,0.9500000000000455,8.0,0.6361812340049031,0.1877619465136022,-0.007136249648525522,-0.9355144051241097,2.155000000000001,1.2200000000000017,0.5151391234205681,0.9480629733864235
yqaUDA6i5GY_00,406,8,0,951.2,575.6,1048.8,670.6,1000.0,623.1,5.599999999999909,3.1000000000000227,2.0,3.2003906011610175,0.5055810548742151,0.36623571858439874,-0.37307102362799294,4.0,3.092500000000001,0.6581375870191752,0.23224245826387568
yqaUDA6i5GY_00,408,43,0,1702.5,508.8,1845.0,556.2,1773.75,532.5,-10.049999999999955,3.4500000000000455,2.0,5.312838224527437,2.810913765013309,0.12656610269972557,-0.1769025884569806,-14.1875,1.7025000000000006,3.0221637275714546,0.1024069843168336
yqaUDA6i5GY_00,408,35,0,763.8,434.1,813.8,481.6,788.8,457.85,0.6499999999999773,1.6000000000000227,2.0,0.8634958019585335,1.18491365739684,0.3567479009792639,-0.3858826693980567,0.5349999999999966,0.425,0.671312384229292,0.5898999087580111
yqaUDA6i5GY_00,408,26,0,896.2,413.8,953.8,460.0,925.0,436.9,-6.25,-2.4500000000000455,2.0,3.356523499098443,-2.768001795554055,-0.715121055185522,-0.29707180337268246,-29.875,-12.530000000000001,-2.744462704010001,0.46629106849995533
yqaUDA6i5GY_00,408,20,0,796.2,476.2,853.8,523.8,825.0,500.0,1.2999999999999545,1.25,2.0,0.9017344398435553,0.7657928325402611,-0.011632780078213834,-0.8050034942546352,0.8125,0.75,0.7454194762741584,0.7919332736831772
yqaUDA6i5GY_00,408,18,0,987.5,408.1,1033.8,446.9,1010.65,427.5,0.0,0.0,2.0,0.0,0.0,0.0,0.0,0.0,-0.047500000000002277,-1.5707963267948966,1.0471975511965976
yqaUDA6i5GY_00,408,13,0,851.2,490.0,925.0,565.0,888.1,527.5,2.5,1.5499999999999545,2.0,1.4707566080082608,0.5549957273385736,0.41728768700167884,0.3672337808249715,2.217500000000001,1.2800000000000011,0.5235060236438819,0.8086748458622646
yqaUDA6i5GY_00,408,8,0,954.4,583.1,1053.1,676.9,1003.75,630.0,3.75,6.899999999999977,2.0,3.9265920338125175,1.072973994177894,0.36310071632575003,0.5673929393036788,4.125,3.3125,0.6765859585802032,0.35665713894261747
yqaUDA6i5GY_00,408,4,0,240.5,837.5,290.8,915.0,265.65,876.25,-0.1500000000000341,0.0,8.0,0.018750000000004263,3.141592653589793,0.002343750000000533,3.141592653589793,-0.030000000000001137,-0.09250000000000114,-1.8844169790116023,1.827111748725286
yqaUDA6i5GY_00,410,45,0,657.5,390.6,685.0,415.6,671.25,403.1,,,,0.0,0.0,0.0,0.0,,,0.0,0.0
yqaUDA6i5GY_00,410,43,0,1691.2,508.1,1833.8,556.9,1762.5,532.5,-11.25,0.0,2.0,5.625,3.141592653589793,0.1560808877362816,0.33067888857648425,-13.875,1.625,3.0250066481284774,0.17250187647260906
yqaUDA6i5GY_00,410,35,0,763.8,434.1,813.8,481.6,788.8,457.85,0.0,0.0,2.0,0.0,0.0,-0.43174790097926674,-1.18491365739684,0.5024999999999977,0.3925000000000011,0.6631064396504927,0.5235987755982993
yqaUDA6i5GY_00,410,26,0,890.0,414.7,945.0,455.9,917.5,435.29999999999995,-7.5,-1.6000000000000227,2.0,3.834383914007571,-2.931410066927621,0.23893020745456384,-0.16340827137356587,-29.875,-12.485000000000003,-2.745744338821519,0.37704757871822
yqaUDA6i5GY_00,410,20,0,796.2,476.9,853.8,523.8,825.0,500.34999999999997,0.0,0.3499999999999659,2.0,0.17499999999998295,1.5707963267948966,-0.36336721992178617,0.8050034942546352,0.7824999999999989,0.7049999999999983,0.7333443889636154,0.894793520633093
yqaUDA6i5GY_00,410,18,0,987.5,408.1,1032.5,446.9,1010.0,427.5,-0.6499999999999773,0.0,2.0,0.32499999999998863,3.141592653589793,0.16249999999999432,3.141592653589793,-0.03249999999999886,-0.0625,-2.0503156187874785,1.0471975511965976
yqaUDA6i5GY_00,410,13,0,850.6,489.7,925.6,564.1,888.1,526.9,0.0,-0.6000000000000227,2.0,0.30000000000001137,-1.5707963267948966,-0.5853783040041247,-2.1257920541334703,2.217500000000001,1.2349999999999994,0.5081508334786798,1.142846746694184
yqaUDA6i5GY_00,410,8,0,957.5,588.1,1060.0,680.0,1008.75,634.05,5.0,4.0499999999999545,2.0,3.2172387228802135,0.6808088289158222,-0.354676655466152,-0.3921651652620719,4.25,3.375,0.6711438354360088,0.4442097093979145
yqaUDA6i5GY_00,410,4,0,240.5,837.5,290.8,915.0,265.65,876.25,0.0,0.0,2.0,0.0,0.0,-0.009375000000002132,-3.141592653589793,-0.030000000000001137,-0.12250000000000227,-1.810967334655074,2.668876987456567
yqaUDA6i5GY_00,412,43,0,1680.0,508.8,1825.0,560.0,1752.5,534.4,-10.0,1.8999999999999773,2.0,5.089449872039214,2.953830707076202,-0.26777506398039286,-0.18776194651359118,-13.5,1.5949999999999989,3.023989689285781,0.23178114118235205
yqaUDA6i5GY_00,412,35,0,764.4,433.8,816.9,483.8,790.65,458.8,1.8500000000000227,0.9499999999999886,2.0,1.0398317171542786,0.47439988279189754,0.5199158585771393,0.4743998827918976,0.5324999999999989,0.425,0.6735948109202555,0.6817320698622651
yqaUDA6i5GY_00,412,26,0,885.0,414.7,937.5,454.7,911.25,434.7,-6.25,-0.5999999999999659,2.0,3.1393669744074186,-3.0458859455029947,-0.3475084698000761,-0.11447587857537392,-7.9375,-3.1400000000000006,-2.76489329566601,0.19165198444054074
yqaUDA6i5GY_00,412,20,0,798.8,477.5,855.0,523.8,826.9,500.65,1.8999999999999773,0.30000000000001137,2.0,0.961769203083557,0.15660187698202305,0.393384601541787,-1.4141944498128736,0.7824999999999989,0.7199999999999989,0.7438247932405446,1.0080671461073814
yqaUDA6i5GY_00,412,18,0,987.5,408.1,1032.5,446.9,1010.0,427.5,0.0,0.0,2.0,0.0,0.0,-0.16249999999999432,-3.141592653589793,-0.03249999999999886,-0.0625,-2.0503156187874785,2.0943951023931953
yqaUDA6i5GY_00,412,13,0,851.2,493.8,926.2,565.0,888.7,529.4,0.6000000000000227,2.5,2.0,1.2854960132182467,1.3352513460740245,0.49274800660911766,2.906047672868921,2.1850000000000023,1.375,0.5616787554144334,1.799691169275788
yqaUDA6i5GY_00,412,8,0,960.0,590.6,1065.0,685.6,1012.5,638.1,3.75,4.050000000000068,2.0,2.7597554239461397,0.8238407534186446,-0.2287416494670369,0.14303192450282246,4.25,3.467500000000001,0.6843505552976248,0.36753000968952426
yqaUDA6i5GY_00,412,4,0,240.5,837.5,290.8,915.0,265.65,876.25,0.0,0.0,2.0,0.0,0.0,0.0,0.0,-0.030000000000001137,-0.12250000000000227,-1.810967334655074,2.0943951023931953
yqaUDA6i5GY_00,414,43,0,1680.0,509.7,1817.5,559.7,1748.75,534.7,-3.75,0.3000000000000682,2.0,1.8809904305976706,3.0617626678775376,-1.6042297207207719,0.10793196080133563,-12.9375,1.55,3.022354225530822,0.20879093196380372
yqaUDA6i5GY_00,414,35,0,764.4,433.8,816.9,483.8,790.65,458.8,0.0,0.0,2.0,0.0,0.0,-0.5199158585771393,-0.4743998827918976,0.6574999999999989,0.44000000000000056,0.5897554501309918,0.7112378076602122
yqaUDA6i5GY_00,414,20,0,801.2,477.5,856.2,523.8,828.7,500.65,1.8000000000000682,0.0,2.0,0.9000000000000341,0.0,-0.030884601541761425,-0.15660187698202307,0.875,0.7050000000000012,0.6782155634037689,0.7919332736831773
yqaUDA6i5GY_00,414,18,0,987.5,408.1,1032.5,446.9,1010.0,427.5,0.0,0.0,2.0,0.0,0.0,0.0,0.0,-0.03249999999999886,-0.047500000000002277,-2.1708465401966115,2.0943951023931953
yqaUDA6i5GY_00,414,13,0,854.4,490.0,928.1,565.6,891.25,527.8,2.5499999999999545,-1.6000000000000227,2.0,1.5051993223490236,-0.5603598769048576,0.10985165456538848,-1.8956112229788822,2.1875,1.2349999999999965,0.51396161558056,2.309150316660425
yqaUDA6i5GY_00,414,8,0,965.0,590.6,1068.8,690.6,1016.9,640.6,4.399999999999977,2.5,2.0,2.5303161857759893,0.5166951387622795,-0.11471961908507522,-0.30714561465636514,4.344999999999999,3.5125000000000055,0.6798422257155381,0.28078090147375306
yqaUDA6i5GY_00,414,4,0,240.5,837.5,290.8,915.0,265.65,876.25,0.0,0.0,2.0,0.0,0.0,0.0,0.0,-0.030000000000001137,-0.12250000000000227,-1.810967334655074,1.0471975511965976
yqaUDA6i5GY_00,416,43,0,1672.5,510.0,1807.5,560.0,1740.0,535.0,-8.75,0.2999999999999545,2.0,4.377570673330128,3.107320364238999,1.2482901213662287,0.045557696361461446,-12.5,1.4550000000000012,3.025714120555887,0.1137505345587961
yqaUDA6i5GY_00,416,35,0,765.6,434.4,816.9,483.8,791.25,459.1,0.6000000000000227,0.30000000000001137,2.0,0.33541019662498117,0.46364760900080615,0.16770509831249059,0.4636476090008062,0.5,0.4375,0.7188299996216245,0.4708157915282008
yqaUDA6i5GY_00,416,20,0,803.8,477.5,856.2,526.2,830.0,501.85,1.2999999999999545,1.2000000000000455,2.0,0.8845903006477054,0.7454194762741946,-0.00770484967616436,0.7454194762741946,0.9399999999999977,0.7175000000000011,0.6519575668284564,0.7720719343563638
yqaUDA6i5GY_00,416,18,0,987.5,408.1,1032.5,446.9,1010.0,427.5,0.0,0.0,2.0,0.0,0.0,0.0,0.0,-0.03249999999999886,-0.030000000000001137,-2.3961731773155988,1.0471975511965976
yqaUDA6i5GY_00,416,16,0,240.6,837.5,291.2,915.0,265.9,876.25,0.2999999999999545,0.6499999999999773,14.0,0.051135075225984136,1.138388551224403,0.0018667910875719196,-2.00320410236539,-0.017500000000001136,0.0,3.141592653589793,2.370128067483276
yqaUDA6i5GY_00,416,13,0,855.0,489.4,930.0,568.1,892.5,528.75,1.25,0.9500000000000455,2.0,0.7850159234053928,0.6498704494119707,-0.3600916994718154,1.2102303263168284,2.25,1.25,0.507098504392337,2.0039630740548775
yqaUDA6i5GY_00,416,8,0,967.5,590.0,1071.2,696.2,1019.35,643.1,2.4500000000000455,2.5,2.0,1.7501785623187296,0.7954988299827609,-0.39006881172862984,0.27880369122048143,4.282499999999999,3.625,0.7024400864822333,0.24299374345988956
yqaUDA6i5GY_00,416,4,0,240.5,837.5,290.8,915.0,265.65,876.25,0.0,0.0,2.0,0.0,0.0,0.0,0.0,-0.030000000000001137,-0.09250000000000114,-1.8844169790116023,0.0
yqaUDA6i5GY_00,418,45,0,660.0,397.5,687.5,421.2,673.75,409.35,2.5,6.25,8.0,0.8414320011147662,1.1902899496825317,0.0,0.0,2.5,6.25,1.1902899496825317,0.0
yqaUDA6i5GY_00,418,43,0,1662.5,510.3,1800.0,562.2,1731.25,536.25,-8.75,1.25,2.0,4.419417382415922,2.999695598985629,0.020923354542897066,-0.10762476525336998,-12.1875,1.4700000000000017,3.021557122933753,0.08703814080538903
yqaUDA6i5GY_00,418,35,0,766.2,435.0,816.2,483.8,791.2,459.4,-0.049999999999954525,0.2999999999999545,2.0,0.15206906325742933,1.7359450042094005,-0.09167056668377592,1.2722973952085943,0.4350000000000023,0.3924999999999983,0.7340837341538015,0.7367816290004331
yqaUDA6i5GY_00,418,20,0,802.5,477.5,857.5,527.5,830.0,502.5,0.0,0.6499999999999773,2.0,0.32499999999998863,1.5707963267948966,-0.2797951503238584,0.8253768505207019,0.875,0.7050000000000012,0.6782155634037689,0.5757994012589732
yqaUDA6i5GY_00,418,18,0,987.5,408.1,1032.5,446.9,1010.0,427.5,0.0,0.0,2.0,0.0,0.0,0.0,0.0,-0.03249999999999886,-0.047500000000002277,-2.1708465401966115,0.0
yqaUDA6i5GY_00,418,16,0,240.6,837.5,291.2,915.0,265.9,876.25,0.0,0.0,2.0,0.0,0.0,-0.025567537612992068,-1.138388551224403,-0.010000000000002274,0.0,3.141592653589793,2.0943951023931953
yqaUDA6i5GY_00,418,8,0,971.2,591.6,1076.2,701.2,1023.7,646.4000000000001,4.350000000000023,3.300000000000068,2.0,2.730041208480224,0.6489955589965084,0.48993132308074727,-0.14650327098625252,4.342500000000001,3.6650000000000036,0.7009910112923814,0.24415085895436625
yqaUDA6i5GY_00,418,4,0,240.5,837.5,290.8,915.0,265.65,876.25,0.0,0.0,2.0,0.0,0.0,0.0,0.0,-0.030000000000001137,-0.12250000000000227,-1.810967334655074,0.0
yqaUDA6i5GY_00,420,45,0,660.0,398.1,688.8,423.1,674.4,410.6,0.6499999999999773,1.25,2.0,0.7044501401802633,1.0912770348023146,-0.06849093046725147,-0.09901291488021706,1.5749999999999886,3.75,1.1731683352727698,0.03300430496007235
yqaUDA6i5GY_00,420,43,0,1662.5,510.0,1792.5,562.5,1727.5,536.25,-3.75,0.0,2.0,1.875,3.141592653589793,-1.272208691207961,0.14189705460416405,-11.5625,1.4050000000000011,3.0206719674621043,0.09835983873966518
yqaUDA6i5GY_00,420,35,0,767.5,435.0,820.0,484.4,793.75,459.7,2.5499999999999545,0.30000000000001137,2.0,1.2837932076467549,0.11710874456687076,0.5658620721946628,-1.6188362596425296,0.6225000000000023,0.3924999999999983,0.5625604037371953,1.118260421283977
yqaUDA6i5GY_00,420,20,0,803.8,480.0,858.8,527.5,831.3,503.75,1.2999999999999545,1.25,2.0,0.9017344398435553,0.7657928325402611,0.2883672199217833,-0.8050034942546352,0.9399999999999977,0.7175000000000011,0.6519575668284564,0.7919332736831772
yqaUDA6i5GY_00,420,18,0,987.5,408.1,1032.5,446.9,1010.0,427.5,0.0,0.0,2.0,0.0,0.0,0.0,0.0,-0.0625,-0.047500000000002277,-2.4917222041778224,0.0
yqaUDA6i5GY_00,420,16,0,240.6,837.5,291.2,915.0,265.9,876.25,0.0,0.0,2.0,0.0,0.0,0.0,0.0,-0.010000000000002274,0.0,3.141592653589793,1.0471975511965976
yqaUDA6i5GY_00,420,8,0,975.0,594.7,1080.0,705.0,1027.5,649.85,3.7999999999999545,3.449999999999932,2.0,2.566247260105658,0.7371597522195061,-0.08189697418728303,0.08816419322299775,4.3125,3.555000000000001,0.6894118660874049,0.17115705180991045
yqaUDA6i5GY_00,420,4,0,240.5,837.5,290.8,915.0,265.65,876.25,0.0,0.0,2.0,0.0,0.0,0.0,0.0,-0.030000000000001137,-0.09250000000000114,-1.8844169790116023,0.0
yqaUDA6i5GY_00,422,43,0,1660.0,509.7,1785.0,564.1,1722.5,536.9,-5.0,0.6499999999999773,2.0,2.5210364931908447,3.0123176495416546,0.32301824659542233,-0.12927500404813855,-11.0,1.3300000000000012,3.021267638345728,0.12626560796855754
yqaUDA6i5GY_00,422,42,0,857.5,501.2,932.5,570.0,895.0,535.6,23.75,17.450000000000045,40.0,0.7367856710061624,0.6336609106339848,0.010270638768651077,0.5568890193642737,5.787499999999994,3.825000000000003,0.5840046238492291,0.8025930183151043
yqaUDA6i5GY_00,422,35,0,767.5,435.0,821.2,485.0,794.35,460.0,0.6000000000000227,0.30000000000001137,2.0,0.33541019662498117,0.46364760900080615,-0.47419150551088685,0.34653886443393545,0.6225000000000023,0.375,0.542189409926877,1.0792241730950203
yqaUDA6i5GY_00,422,20,0,803.8,480.9,861.2,527.8,832.5,504.34999999999997,1.2000000000000455,0.5999999999999659,2.0,0.6708203932499496,0.46364760900076823,-0.11545702329680285,-0.3021452235394929,0.9375,0.7174999999999983,0.6532424355526946,0.6441751894382767
yqaUDA6i5GY_00,422,18,0,987.5,408.1,1032.5,446.9,1010.0,427.5,0.0,0.0,2.0,0.0,0.0,0.0,0.0,-0.03249999999999886,-0.015000000000000568,-2.7091848780192276,0.0
yqaUDA6i5GY_00,422,8,0,978.1,597.5,1083.1,712.5,1030.6,655.0,3.099999999999909,5.149999999999977,2.0,3.0055157627268905,1.0289502939684487,0.2196342513106162,0.2917905417489426,4.279999999999996,3.780000000000001,0.7234428169864139,0.17548600198606415
yqaUDA6i5GY_00,422,4,0,240.3,837.5,290.9,915.0,265.6,876.25,-0.049999999999954525,0.0,2.0,0.024999999999977263,3.141592653589793,0.012499999999988631,3.141592653589793,-0.03249999999999886,-0.09250000000000114,-1.9086745150351603,1.0471975511965976
yqaUDA6i5GY_00,424,43,0,1635.0,510.0,1780.0,563.8,1707.5,536.9,-15.0,0.0,2.0,7.5,3.141592653589793,2.4894817534045774,0.12927500404813855,-11.0,1.2199999999999989,3.0311349933791236,0.1334823542334804
yqaUDA6i5GY_00,424,42,0,858.8,500.6,935.0,570.6,896.9,535.6,1.8999999999999773,0.0,2.0,0.9499999999999886,0.0,0.1066071644969131,-0.6336609106339847,5.355555555555548,3.4000000000000026,0.5656545269109191,0.8041428249974145
yqaUDA6i5GY_00,424,35,0,767.5,437.8,822.5,487.8,795.0,462.8,0.6499999999999773,2.8000000000000114,2.0,1.437228235180484,1.3426936985149625,0.5509090192777514,0.8790460895141563,0.625,0.5299999999999983,0.703331814649323,0.9481404045302075
yqaUDA6i5GY_00,424,20,0,805.0,480.6,862.5,528.1,833.75,504.35,1.25,5.684341886080802e-14,2.0,0.625,4.5474735088646414e-14,-0.022910196624974788,-0.4636476090007228,0.8774999999999977,0.7175000000000011,0.6854191446841,0.5235987755982837
yqaUDA6i5GY_00,424,18,0,987.5,408.1,1032.5,446.9,1010.0,427.5,0.0,0.0,2.0,0.0,0.0,0.0,0.0,-0.029999999999995454,0.0625,2.0183163019520074,0.0
yqaUDA6i5GY_00,424,8,0,981.9,610.3,1088.1,717.5,1035.0,663.9,4.400000000000091,8.899999999999977,2.0,4.964121271685463,1.111653191832649,0.9793027544792863,0.0827028978642004,4.25,4.084999999999996,0.7656047079098934,0.15421921094538016
yqaUDA6i5GY_00,424,4,0,240.5,837.5,290.8,915.0,265.65,876.25,0.049999999999954525,0.0,2.0,0.024999999999977263,0.0,0.0,-3.141592653589793,-0.030000000000001137,-0.09250000000000114,-1.8844169790116023,2.0943951023931953
yqaUDA6i5GY_00,426,43,0,1631.2,511.2,1776.2,564.4,1703.7,537.8,-3.7999999999999545,0.8999999999999773,2.0,1.9525624189766388,2.909035711784887,-2.7737187905116807,-0.23255694180490627,-10.439999999999998,1.1724999999999965,3.029752871802457,0.1637023166337278
yqaUDA6i5GY_00,426,42,0,859.4,500.9,934.4,571.6,896.9,536.25,0.0,0.6499999999999773,2.0,0.32499999999998863,1.5707963267948966,-0.3125,1.5707963267948966,4.819999999999993,3.125,0.5752075509886846,0.9204487522643849
yqaUDA6i5GY_00,426,35,0,770.0,437.5,820.0,487.5,795.0,462.5,0.0,-0.30000000000001137,2.0,0.15000000000000568,-1.5707963267948966,-0.6436141175902391,-2.913490025309859,0.5,0.5,0.7853981633974483,1.3796916597526507
yqaUDA6i5GY_00,426,20,0,805.0,479.7,862.5,530.9,833.75,505.29999999999995,0.0,0.9499999999999318,2.0,0.4749999999999659,1.5707963267948966,-0.07500000000001705,1.570796326794851,0.875,0.7,0.6747409422235526,0.778863053111689
yqaUDA6i5GY_00,426,18,0,987.5,408.1,1032.5,446.9,1010.0,427.5,0.0,0.0,2.0,0.0,0.0,0.0,0.0,0.0,0.030000000000001137,1.5707963267948966,0.0
yqaUDA6i5GY_00,426,8,0,985.0,616.6,1092.5,721.2,1038.75,668.9000000000001,3.75,5.000000000000114,2.0,3.1250000000000453,0.9272952180016231,-0.9195606358427089,-0.18435797383102606,4.247500000000002,4.132500000000005,0.7716758744122286,0.18628380448138956
yqaUDA6i5GY_00,426,4,0,240.5,837.5,290.8,915.0,265.65,876.25,0.0,0.0,2.0,0.0,0.0,-0.012499999999988631,0.0,-0.0375,-0.0625,-2.1112158270654806,2.0943951023931953
yqaUDA6i5GY_00,428,45,0,663.8,405.0,696.2,431.2,680.0,418.1,5.600000000000023,7.5,8.0,1.170002670937124,0.9294319668864413,0.058194066344607595,-0.16184506791587341,2.9166666666666665,5.0,1.0427218783685368,0.08695266093203015
yqaUDA6i5GY_00,428,43,0,1635.0,513.1,1770.0,564.4,1702.5,538.75,-1.2000000000000455,0.9500000000000455,2.0,0.7652613932507303,2.471953707913151,-0.5936505128629543,-0.437082003871736,-9.75,1.1549999999999954,3.0236806246544714,0.2663046499082603
yqaUDA6i5GY_00,428,42,0,860.6,501.2,936.9,572.5,898.75,536.85,1.8500000000000227,0.6000000000000227,2.0,0.9724325169388506,0.31362065221670576,0.323716258469431,-1.2571756745781908,4.549999999999996,2.8954545454545477,0.5667292175235071,1.1538776373356907
yqaUDA6i5GY_00,428,35,0,771.9,438.4,820.6,487.8,796.25,463.1,1.25,0.6000000000000227,2.0,0.6932712311931073,0.44751997515718467,0.2716356155965508,2.018316301952081,0.5625,0.5,0.7266423406817256,1.9369508055920326
yqaUDA6i5GY_00,428,20,0,807.5,479.7,865.0,530.3,836.25,505.0,2.5,-0.2999999999999545,2.0,1.2589678312014143,-0.11942892601832053,0.3919839156007242,-1.6902252528132171,0.9375,0.6574999999999989,0.6116202585525172,1.2415563962029303
yqaUDA6i5GY_00,428,18,0,987.5,410.0,1032.5,446.2,1010.0,428.1,0.0,0.6000000000000227,2.0,0.30000000000001137,1.5707963267948966,0.15000000000000568,1.5707963267948966,-0.03249999999999886,0.047500000000002277,2.1708465401966115,0.5235987755982988
yqaUDA6i5GY_00,428,16,0,240.3,841.2,291.6,916.2,265.95000000000005,878.7,0.05000000000006821,2.4500000000000455,8.0,0.306313768871077,1.550390996108331,0.03828922110888462,1.550390996108331,-0.0074999999999988635,0.12250000000000227,1.6319444894441875,0.8962598491109114
yqaUDA6i5GY_00,428,8,0,988.8,618.8,1096.2,725.0,1042.5,671.9,3.75,2.9999999999998863,2.0,2.4011715890372827,0.6747409422235342,-0.3619142054813813,-0.25255427577808887,4.217500000000001,4.159999999999997,0.7785346483754333,0.17320504915777168
yqaUDA6i5GY_00,430,45,0,663.8,406.6,696.2,432.2,680.0,419.4,0.0,1.2999999999999545,2.0,0.6499999999999773,1.5707963267948966,-0.2600013354685734,0.6413643599084552,2.1875,4.074999999999989,1.078136304419158,0.30074078090151524
yqaUDA6i5GY_00,430,43,0,1627.5,513.4,1765.0,565.3,1696.25,539.3499999999999,-6.25,0.599999999999909,2.0,3.139366974407416,3.0458859455030036,1.1870527905783428,0.5739322375898527,-9.377499999999998,1.1249999999999942,3.0221952650221677,0.41452372775549834
yqaUDA6i5GY_00,430,42,0,862.5,501.2,937.5,572.5,900.0,536.85,1.25,0.0,2.0,0.625,0.0,-0.1737162584694253,-0.31362065221670576,4.274999999999996,2.6541666666666686,0.5556150356045904,1.0471975511965976
yqaUDA6i5GY_00,430,35,0,771.9,438.4,820.6,487.8,796.25,463.1,0.0,0.0,2.0,0.0,0.0,-0.34663561559655365,-0.44751997515718467,0.5300000000000011,0.4825000000000017,0.7385189548892437,1.793108767473042
yqaUDA6i5GY_00,430,20,0,807.5,480.6,865.0,530.6,836.25,505.6,0.0,0.6000000000000227,2.0,0.30000000000001137,1.5707963267948966,-0.47948391560070147,1.6902252528132171,0.9375,0.6875000000000029,0.6327488350021852,1.650415610807095
yqaUDA6i5GY_00,430,18,0,987.5,410.0,1032.5,446.2,1010.0,428.1,0.0,0.0,2.0,0.0,0.0,-0.15000000000000568,-1.5707963267948966,-0.032500000000004546,-0.0625,-2.05031561878755,1.0471975511965976
yqaUDA6i5GY_00,430,16,0,240.0,841.2,291.9,916.2,265.95,878.7,-5.684341886080802e-14,0.0,2.0,2.842170943040401e-14,3.141592653589793,-0.15315688443552428,1.591201657481462,-0.007500000000001705,0.12250000000000227,1.6319444894442106,1.0471975511965976
yqaUDA6i5GY_00,430,8,0,991.2,622.2,1100.0,730.0,1045.6,676.1,3.099999999999909,4.2000000000000455,2.0,2.610076627227629,0.9349579032711706,0.10445251909517306,0.2602169610476364,4.187499999999995,4.15,0.7809004426021261,0.23237640355225034
yqaUDA6i5GY_00,432,45,0,667.5,408.8,700.0,435.0,683.75,421.9,3.75,2.5,2.0,2.2534695471649933,0.5880026035475676,0.801734773582508,-0.9827937232473289,2.5,3.759999999999991,0.9840222238578054,0.5953343836905525
yqaUDA6i5GY_00,432,43,0,1630.0,514.1,1760.0,564.7,1695.0,539.4000000000001,-1.25,0.0500000000001819,2.0,0.6254998001598439,3.101613966466358,-1.2569335871237861,0.055728020963354385,-8.75,1.0325000000000046,3.024135800427103,0.35558075414164775
yqaUDA6i5GY_00,432,42,0,863.8,503.1,938.8,573.1,901.3,538.1,1.2999999999999545,1.25,2.0,0.9017344398435553,0.7657928325402611,0.13836721992177764,0.765792832540261,4.046153846153839,2.5461538461538478,0.5616694063289316,0.7788630531117192
yqaUDA6i5GY_00,432,35,0,771.9,440.0,821.9,488.8,796.9,464.4,0.6499999999999773,1.2999999999999545,2.0,0.7267220926874063,1.1071487177940904,0.36336104634370314,1.1071487177940904,0.5625,0.5174999999999983,0.7437555842988582,1.1909949983011192
yqaUDA6i5GY_00,432,20,0,807.5,480.6,865.0,531.9,836.25,506.25,0.0,0.6499999999999773,2.0,0.32499999999998863,1.5707963267948966,0.012499999999988631,0.0,0.875,0.7024999999999977,0.6764806760285416,1.1268168352088113
yqaUDA6i5GY_00,432,18,0,987.5,410.0,1032.5,446.2,1010.0,428.1,0.0,0.0,2.0,0.0,0.0,0.0,0.0,-0.0625,-0.06499999999999773,-2.3365891593351575,1.0471975511965976
yqaUDA6i5GY_00,432,16,0,240.5,840.6,291.4,915.6,265.95,878.1,0.0,-0.6000000000000227,2.0,0.30000000000001137,-1.5707963267948966,0.14999999999999147,1.5707963267948968,-0.007500000000001705,0.09250000000000114,1.6517004259501444,1.5707963267948966
yqaUDA6i5GY_00,432,8,0,995.0,626.6,1105.0,736.2,1050.0,681.4000000000001,4.400000000000091,5.300000000000068,2.0,3.44419801985896,0.8779167845170912,0.41706069631566556,-0.057041118754079356,4.1875,4.225000000000006,0.7898557861754175,0.18993745185993474
yqaUDA6i5GY_00,434,45,0,667.5,408.1,700.0,438.1,683.75,423.1,0.0,1.2000000000000455,2.0,0.6000000000000227,1.5707963267948966,-0.8267347735824853,0.9827937232473289,2.0833333333333335,3.3333333333333335,1.0121970114513341,0.8689839354677044
yqaUDA6i5GY_00,434,43,0,1632.5,513.8,1757.5,567.5,1695.0,540.65,0.0,1.2499999999998863,2.0,0.6249999999999432,1.5707963267948966,-0.00024990007995034924,-1.5308176396714614,-8.189999999999998,1.0324999999999989,3.0161858582213243,0.7201592994082229
yqaUDA6i5GY_00,434,42,0,863.8,502.5,938.8,574.4,901.3,538.45,0.0,0.35000000000002274,2.0,0.17500000000001137,1.5707963267948966,-0.36336721992177196,0.8050034942546352,3.7571428571428505,2.3892857142857173,0.5664216198709512,0.6281389930038673
yqaUDA6i5GY_00,434,35,0,772.5,439.4,825.0,490.6,798.75,465.0,1.8500000000000227,0.6000000000000227,2.0,0.9724325169388506,0.31362065221670576,0.12285521212572215,-0.7935280655773844,0.6875,0.5,0.628796286415433,0.7827322528428869
yqaUDA6i5GY_00,434,20,0,807.5,481.9,865.0,531.9,836.25,506.9,0.0,0.6499999999999773,2.0,0.32499999999998863,1.5707963267948966,0.0,0.0,0.8125,0.6599999999999966,0.6822007068678495,0.5634084176044057
yqaUDA6i5GY_00,434,18,0,987.5,409.7,1032.5,446.6,1010.0,428.15,0.0,0.049999999999954525,2.0,0.024999999999977263,1.5707963267948966,0.012499999999988631,1.5707963267948966,0.125,0.05,0.3805063771123649,1.0471975511965976
yqaUDA6i5GY_00,434,16,0,240.3,840.0,291.6,915.0,265.95000000000005,877.5,5.684341886080802e-14,-0.6000000000000227,2.0,0.30000000000001137,-1.5707963267948017,0.0,9.481304630298837e-14,-0.0074999999999988635,0.0625,1.6902252528132171,1.0539993280921511
yqaUDA6i5GY_00,434,8,0,997.5,631.2,1110.0,742.5,1053.75,686.85,3.75,5.449999999999932,2.0,3.307756036953121,0.96811972415954,-0.06822099145291949,0.09020293964244877,4.032499999999999,4.3125,0.8189386062657491,0.1358203398147214
yqaUDA6i5GY_00,434,4,0,240.5,840.6,291.4,915.6,265.95,878.1,0.30000000000001137,1.8500000000000227,8.0,0.23427081017489443,1.4100335861690578,0.029283851271861804,1.4100335861690578,-0.02249999999999943,0.030000000000001137,2.2142974355881506,1.5172087465862836
yqaUDA6i5GY_00,436,45,0,668.8,412.2,703.8,439.7,686.3,425.95,2.5499999999999545,2.849999999999966,2.0,1.9121323175972664,0.8408966686431679,0.6560661587986218,-0.7298996581517285,2.1499999999999937,3.2642857142857093,0.9883689315742201,0.8984957015487954
yqaUDA6i5GY_00,436,43,0,1605.0,515.3,1755.0,567.8,1680.0,541.55,-15.0,0.8999999999999773,2.0,7.5134878718209155,3.081664498468587,3.444243935910486,1.5108681716736903,-8.25,0.9849999999999965,3.0227612275601015,1.0324712774361686
yqaUDA6i5GY_00,436,42,0,863.8,502.5,941.2,575.0,902.5,538.75,1.2000000000000455,0.2999999999999545,2.0,0.6184658438426657,0.24497866312681957,0.22173292192132715,-1.325817663668077,3.586666666666664,2.25,0.5602683449212088,0.9655379968209911
yqaUDA6i5GY_00,436,35,0,772.5,440.0,825.0,491.9,798.75,465.95,0.0,0.9499999999999886,2.0,0.4749999999999943,1.5707963267948966,-0.24871625846942813,1.2571756745781908,0.6875,0.5474999999999994,0.6725197108699836,1.0526174859832222
yqaUDA6i5GY_00,436,20,0,808.1,485.3,865.6,532.2,836.85,508.75,0.6000000000000227,1.8500000000000227,2.0,0.9724325169388506,1.2571756745781908,0.323716258469431,-0.31362065221670576,0.8425000000000011,0.7524999999999977,0.7290316028142062,0.10454021740556858
yqaUDA6i5GY_00,436,18,0,987.5,409.7,1032.5,446.6,1010.0,428.15,0.0,0.0,2.0,0.0,0.0,-0.012499999999988631,-1.5707963267948966,-0.0625,0.03249999999999886,2.662073361597211,1.0471975511965976
yqaUDA6i5GY_00,436,16,0,240.3,840.0,291.6,915.0,265.95000000000005,877.5,0.0,0.0,2.0,0.0,0.0,-0.15000000000000568,1.5707963267948017,-0.0074999999999988635,0.0625,1.6902252528132171,1.0471975511965976
yqaUDA6i5GY_00,436,8,0,1001.2,635.9,1113.8,748.8,1057.5,692.3499999999999,3.75,5.499999999999886,2.0,3.32838173892354,0.9723774333163497,0.01031285098520951,0.004257709156809785,4.0,4.399999999999994,0.832981266674431,0.05050058918444586
yqaUDA6i5GY_00,436,4,0,240.3,840.6,291.6,915.6,265.95000000000005,878.1,5.684341886080802e-14,0.0,2.0,2.842170943040401e-14,0.0,-0.117135405087433,-1.4100335861690578,-0.014999999999997727,0.0625,1.8063413075157255,0.9400223907793719
yqaUDA6i5GY_00,438,45,0,668.1,414.4,704.4,443.1,686.25,428.75,-0.049999999999954525,2.8000000000000114,2.0,1.40022319649405,1.5886515719344327,-0.25595456055160826,0.7477549032912648,1.875,3.206249999999997,1.041631762521281,0.8201494282301075
yqaUDA6i5GY_00,438,43,0,1600.0,515.0,1750.0,568.8,1675.0,541.9,-5.0,0.35000000000002274,2.0,2.5061175152015527,3.071706651955146,-2.5036851783096816,-0.009957846513440671,-7.75,0.9074999999999989,3.0250267158426762,1.0172145526195309
yqaUDA6i5GY_00,438,42,0,864.4,502.5,941.9,575.6,903.15,539.05,0.6499999999999773,0.2999999999999545,2.0,0.35794552658188894,0.4324077755704935,-0.13026015863038837,0.18742911244367394,3.4031249999999957,2.128124999999997,0.5588469013746511,0.7727500901221287
yqaUDA6i5GY_00,438,35,0,773.1,440.6,824.4,491.9,798.75,466.25,0.0,0.30000000000001137,2.0,0.15000000000000568,1.5707963267948966,-0.16249999999999432,0.0,0.6225000000000023,0.5625,0.7348084546280619,0.6835679133851921
yqaUDA6i5GY_00,438,20,0,808.1,485.0,866.9,535.0,837.5,510.0,0.6499999999999773,1.25,2.0,0.7044501401802633,1.0912770348023146,-0.13399118837929364,-0.16589863977587616,0.8125,0.7175000000000011,0.7233862709782185,0.1598397639975273
yqaUDA6i5GY_00,438,18,0,987.5,409.7,1032.5,446.6,1010.0,428.15,0.0,0.0,2.0,0.0,0.0,0.0,0.0,0.0,0.0,0.0,1.0471975511965976
yqaUDA6i5GY_00,438,16,0,240.3,840.0,291.6,915.0,265.95000000000005,877.5,0.0,0.0,2.0,0.0,0.0,0.0,0.0,-0.0074999999999988635,0.0625,1.6902252528132171,0.5235987755982988
yqaUDA6i5GY_00,438,8,0,1003.8,641.2,1118.8,753.8,1061.3,697.5,3.7999999999999545,5.150000000000091,2.0,3.2000976547599524,0.9351075590617274,-0.06414204208179375,-0.03726987425462235,4.002499999999998,4.452499999999998,0.8385709390838579,0.043910174351293525
yqaUDA6i5GY_00,438,4,0,240.3,840.6,291.6,915.6,265.95000000000005,878.1,0.0,0.0,2.0,0.0,0.0,-1.4210854715202004e-14,0.0,-0.0049999999999954525,0.0625,1.6506263125070615,0.9400223907793719
yqaUDA6i5GY_00,440,45,0,670.0,417.5,707.5,445.0,688.75,431.25,2.5,2.5,2.0,1.7677669529663689,0.7853981633974483,0.18377187823615948,-0.8032534085369843,1.9444444444444444,3.127777777777775,1.0145954718345969,0.7603026566599925
yqaUDA6i5GY_00,440,43,0,1601.2,515.6,1748.8,569.4,1675.0,542.5,0.0,0.6000000000000227,2.0,0.30000000000001137,1.5707963267948966,-1.1030587576007707,-1.5009103251602496,-7.25,0.875,3.0214839180228803,1.0072454477824602
yqaUDA6i5GY_00,440,42,0,865.6,505.0,943.1,576.2,904.35,540.6,1.2000000000000455,1.5500000000000682,2.0,0.9801147891956739,0.9119902906774232,0.31108463130689246,0.4795825151069299,3.2735294117647045,2.094117647058825,0.5691091979372631,0.6642764304062271
yqaUDA6i5GY_00,440,35,0,773.8,442.2,823.8,491.6,798.8,466.9,0.049999999999954525,0.6499999999999773,2.0,0.32596012026011933,1.4940244355251855,0.08798006013005683,-0.07677189126971108,0.625,0.5800000000000012,0.7480711107621331,0.44464918861596775
yqaUDA6i5GY_00,440,20,0,808.1,481.2,869.4,536.2,838.75,508.70000000000005,1.25,-1.2999999999999545,2.0,0.9017344398435553,-0.8050034942546355,0.09864214983164599,-1.8962805290569502,0.8125,0.6225000000000023,0.6537596644010485,0.7919332736831773
yqaUDA6i5GY_00,440,18,0,987.5,409.7,1032.5,446.6,1010.0,428.15,0.0,0.0,2.0,0.0,0.0,0.0,0.0,-0.029999999999995454,0.03249999999999886,2.3162158030689968,0.5235987755982988
yqaUDA6i5GY_00,440,16,0,240.3,840.0,291.6,915.0,265.95000000000005,877.5,0.0,0.0,2.0,0.0,0.0,0.0,0.0,0.0025000000000034105,0.0625,1.530817639671552,0.5235987755982673
yqaUDA6i5GY_00,440,8,0,1007.5,643.1,1122.5,761.9,1065.0,702.5,3.7000000000000455,5.0,2.0,3.1100643080168107,0.933725997519207,-0.04501667337157089,-0.0013815615425203376,3.9375,4.547500000000002,0.8571662646660715,0.014303048317984048
yqaUDA6i5GY_00,440,4,0,240.3,840.6,291.6,915.6,265.95000000000005,878.1,0.0,0.0,2.0,0.0,0.0,0.0,0.0,-0.0074999999999988635,0.09250000000000114,1.651700425950114,0.47001119538968594
